0 0.848915 0.094136 0.017045 0.016204
0 0.851627 0.063079 0.012655 0.025077
0 0.835292 0.050154 0.021823 0.015432
0 0.873838 0.066648 0.016788 0.029900
0 0.856470 0.115548 0.022598 0.020448
0 0.839940 0.176312 0.020016 0.017747
0 0.750968 0.175154 0.020273 0.016204
0 0.877195 0.141783 0.017820 0.017361
0 0.905217 0.174382 0.017562 0.016975
0 0.903991 0.184607 0.017433 0.012731
0 0.800555 0.097222 0.019241 0.025463
0 0.740251 0.106096 0.020273 0.013889
0 0.777635 0.229745 0.010331 0.031250
0 0.700155 0.273919 0.025826 0.020833
0 0.654829 0.346450 0.016787 0.016203
0 0.872805 0.280478 0.014204 0.020062
0 0.888429 0.193865 0.012913 0.033565
0 0.934788 0.250193 0.019886 0.017361
0 0.935628 0.274884 0.021307 0.018132
0 0.937048 0.292728 0.015883 0.019869
0 0.941374 0.316551 0.014980 0.030478
0 0.858729 0.365162 0.013430 0.027392
0 0.834453 0.348187 0.011363 0.026620
0 0.819344 0.388889 0.009556 0.023148
0 0.790095 0.425347 0.017949 0.016589
0 0.753228 0.443480 0.023502 0.018132
0 0.884685 0.431134 0.011622 0.021990
0 0.918518 0.396605 0.011622 0.027006
0 0.931947 0.380305 0.011622 0.032214
0 0.941891 0.371046 0.016012 0.023727
0 0.946798 0.499807 0.012913 0.025077
0 0.889527 0.054688 0.010976 0.016011
0 0.899470 0.055652 0.014850 0.017940
0 0.928332 0.076292 0.012139 0.028357
0 0.927363 0.120178 0.014592 0.019676
0 0.935498 0.108603 0.012267 0.032793
0 0.939696 0.126061 0.014205 0.027584
0 0.940341 0.171007 0.011364 0.022569
0 0.935627 0.217496 0.019757 0.019483
0 0.788288 0.052758 0.016141 0.019869
0 0.776150 0.055073 0.017691 0.020640
0 0.766141 0.061150 0.021952 0.018904
0 0.740250 0.056134 0.017175 0.026620
0 0.723463 0.089120 0.024147 0.016975
0 0.691180 0.102045 0.018982 0.018133
0 0.695636 0.057485 0.021953 0.019290
0 0.706353 0.054591 0.021178 0.014274
0 0.671939 0.044367 0.016142 0.020062
0 0.640625 0.079090 0.013688 0.031635
0 0.597366 0.064429 0.021178 0.017746
0 0.539772 0.045139 0.022211 0.014660
0 0.501872 0.041474 0.017691 0.015046
0 0.503745 0.063464 0.010072 0.026620
0 0.484375 0.066937 0.018337 0.017361
0 0.446991 0.059799 0.021823 0.014661
0 0.447702 0.053627 0.017303 0.016203
0 0.470364 0.108217 0.017950 0.015047
0 0.520274 0.134260 0.019887 0.016975
0 0.480372 0.160012 0.020144 0.014467
0 0.390238 0.188465 0.026343 0.018905
0 0.406379 0.102817 0.018853 0.017361
0 0.385718 0.039738 0.019370 0.015432
0 0.322443 0.058642 0.013172 0.033951
0 0.304042 0.055363 0.018983 0.019676
0 0.267756 0.086613 0.016658 0.016589
0 0.285640 0.046779 0.022211 0.018711
0 0.270725 0.043692 0.023631 0.015625
0 0.264657 0.221450 0.015108 0.026234
0 0.185176 0.179206 0.017562 0.021219
0 0.222688 0.232639 0.008651 0.018518
0 0.191051 0.162423 0.014850 0.020062
0 0.213778 0.126640 0.010718 0.029514
0 0.193827 0.241898 0.010589 0.030864
0 0.202479 0.057774 0.011880 0.029899
0 0.179235 0.047261 0.011880 0.032022
0 0.163159 0.066936 0.018465 0.018133
0 0.159414 0.198109 0.019241 0.017361
0 0.155346 0.143904 0.011105 0.036265
0 0.151472 0.106192 0.011622 0.027199
0 0.142950 0.066454 0.009039 0.027970
0 0.147856 0.056713 0.025569 0.020062
0 0.141658 0.076003 0.019887 0.018518
0 0.134814 0.080729 0.012913 0.030285
0 0.132103 0.103010 0.011105 0.025463
0 0.131973 0.113233 0.010330 0.025849
0 0.128615 0.118441 0.009297 0.025463
0 0.129972 0.152006 0.012010 0.026234
0 0.127454 0.164063 0.011622 0.022569
0 0.143724 0.202161 0.014205 0.021605
0 0.137009 0.217689 0.012138 0.024112
0 0.150826 0.251640 0.017562 0.020255
0 0.134556 0.242091 0.011364 0.023534
0 0.124613 0.225308 0.011105 0.029321
0 0.312113 0.381173 0.014721 0.027006
0 0.242833 0.317130 0.018982 0.027778
0 0.222753 0.385513 0.011106 0.022570
0 0.159220 0.310185 0.019370 0.015432
0 0.134814 0.270737 0.009814 0.024499
0 0.124548 0.275077 0.011493 0.027778
0 0.126614 0.312500 0.012526 0.033180
0 0.128616 0.345294 0.016012 0.024691
0 0.125840 0.348959 0.016141 0.024306
0 0.124742 0.373746 0.011363 0.027585
0 0.432593 0.432484 0.025310 0.017747
0 0.437888 0.415413 0.009555 0.017940
0 0.545648 0.409626 0.015108 0.019097
0 0.297521 0.461709 0.013430 0.026427
0 0.947056 0.457273 0.009298 0.030285
0 0.945313 0.428241 0.012784 0.015432
0 0.940987 0.422743 0.015755 0.026042
0 0.944279 0.415606 0.020016 0.017939
0 0.944602 0.396412 0.016787 0.023534
0 0.937435 0.538967 0.021307 0.017747
0 0.867252 0.515336 0.014462 0.030671
0 0.940599 0.596064 0.020145 0.016975
0 0.941697 0.633681 0.020015 0.015047
0 0.320248 0.592785 0.010331 0.032022
0 0.408833 0.674479 0.014980 0.025656
0 0.461390 0.730324 0.012139 0.030864
0 0.382102 0.708141 0.019886 0.017361
0 0.292549 0.716049 0.005294 0.027006
0 0.235795 0.602141 0.011363 0.034529
0 0.232697 0.540123 0.010331 0.033950
0 0.188081 0.573785 0.008910 0.027585
0 0.167743 0.512346 0.022469 0.016975
0 0.164708 0.547261 0.010202 0.027392
0 0.177298 0.654610 0.012139 0.027971
0 0.229920 0.716628 0.020274 0.018904
0 0.261364 0.728492 0.021694 0.017939
0 0.337358 0.732639 0.021049 0.018518
0 0.188598 0.728009 0.023373 0.016975
0 0.122094 0.431231 0.011234 0.013695
0 0.136686 0.483603 0.016659 0.018133
0 0.121126 0.486014 0.013430 0.028357
0 0.138688 0.554495 0.013430 0.012153
0 0.127260 0.525173 0.010718 0.027199
0 0.146307 0.566744 0.018337 0.016204
0 0.119189 0.505787 0.010588 0.030864
0 0.119964 0.548901 0.017303 0.026813
0 0.123386 0.579186 0.013817 0.023342
0 0.116607 0.596161 0.012655 0.025656
0 0.149277 0.716435 0.020662 0.027778
0 0.158057 0.740837 0.010847 0.032214
0 0.199638 0.748456 0.024277 0.016975
0 0.168389 0.772473 0.019112 0.023727
0 0.150827 0.739005 0.022211 0.015818
0 0.126679 0.644772 0.009556 0.027971
0 0.117898 0.634452 0.014205 0.022762
0 0.114476 0.643711 0.013559 0.028935
0 0.116413 0.690007 0.017433 0.012731
0 0.115961 0.711709 0.017045 0.022184
0 0.115703 0.732446 0.015495 0.019676
0 0.117898 0.741319 0.014205 0.022763
0 0.260459 0.826389 0.013172 0.026235
0 0.236312 0.847608 0.022210 0.013118
0 0.194344 0.863426 0.024018 0.019290
0 0.440792 0.802276 0.017691 0.015046
0 0.353177 0.828897 0.018337 0.019676
0 0.383846 0.854070 0.020273 0.019483
0 0.343169 0.860629 0.021048 0.014853
0 0.307206 0.875772 0.009039 0.025463
0 0.321087 0.820505 0.010977 0.029513
0 0.337035 0.815586 0.017045 0.013889
0 0.348657 0.922550 0.009814 0.025270
0 0.341297 0.921489 0.010589 0.025849
0 0.364863 0.909722 0.018983 0.015432
0 0.371191 0.923418 0.018207 0.024305
0 0.388494 0.929977 0.014075 0.025848
0 0.405152 0.926697 0.018983 0.021605
0 0.428590 0.927566 0.019886 0.028357
0 0.473398 0.901910 0.010331 0.033372
0 0.492381 0.927083 0.010072 0.025463
0 0.491089 0.922840 0.010589 0.025463
0 0.467846 0.925347 0.008522 0.028163
0 0.457387 0.915413 0.012397 0.029514
0 0.313533 0.920911 0.011880 0.030092
0 0.288610 0.922839 0.021952 0.024691
0 0.279765 0.925733 0.019757 0.030478
0 0.527182 0.809414 0.023631 0.015432
0 0.564243 0.798418 0.020790 0.015818
0 0.577092 0.777681 0.011622 0.032986
0 0.597882 0.765143 0.012397 0.029514
0 0.579546 0.718943 0.016012 0.024305
0 0.684788 0.796296 0.024018 0.016975
0 0.693956 0.762346 0.016529 0.031636
0 0.738443 0.803916 0.016658 0.023341
0 0.707515 0.856964 0.019369 0.026042
0 0.663933 0.858796 0.025181 0.016975
0 0.810563 0.637056 0.010589 0.019483
0 0.836647 0.678048 0.011105 0.026620
0 0.851305 0.712384 0.019757 0.018133
0 0.898567 0.720968 0.016400 0.024498
0 0.893982 0.795621 0.012139 0.032215
0 0.946152 0.838156 0.012138 0.032022
0 0.952608 0.810571 0.011105 0.030864
0 0.873838 0.842206 0.014204 0.025463
0 0.810563 0.739969 0.026602 0.024692
0 0.779894 0.763696 0.018208 0.014274
0 0.751872 0.825618 0.026473 0.010031
0 0.817084 0.857350 0.018724 0.016783
0 0.826059 0.870756 0.017820 0.013117
0 0.923296 0.906636 0.011880 0.030864
0 0.934530 0.902585 0.013172 0.028164
0 0.890238 0.910494 0.013429 0.033950
0 0.878680 0.931712 0.021565 0.021605
0 0.853693 0.926119 0.019886 0.019676
0 0.848399 0.869888 0.010847 0.023726
0 0.881069 0.880305 0.017820 0.019483
0 0.838585 0.913966 0.013430 0.033950
0 0.825090 0.928820 0.018724 0.018133
0 0.811661 0.931327 0.019240 0.015432
0 0.777764 0.906829 0.018337 0.025077
0 0.759943 0.894387 0.016270 0.032987
0 0.753745 0.923321 0.011106 0.031443
0 0.714747 0.930556 0.013688 0.026234
0 0.687758 0.928048 0.015496 0.016590
0 0.674264 0.939043 0.015625 0.015432
0 0.661609 0.927951 0.020016 0.025270
0 0.525181 0.906057 0.023502 0.019676
0 0.540483 0.931906 0.016400 0.029706
0 0.623063 0.908179 0.021436 0.018518
0 0.627066 0.935185 0.021178 0.014660
0 0.624419 0.927469 0.021566 0.016976
0 0.609440 0.911072 0.011751 0.032793
0 0.589747 0.922261 0.017820 0.025849
0 0.589489 0.931037 0.020403 0.031443
0 0.568117 0.935956 0.025180 0.013889
0 0.267368 0.913580 0.020790 0.002316
0 0.267174 0.913002 0.012655 0.033565
0 0.247869 0.926986 0.018982 0.023341
0 0.262010 0.896991 0.016787 0.020833
0 0.232696 0.924768 0.018078 0.027777
0 0.222624 0.923129 0.019111 0.028743
0 0.213455 0.923514 0.020403 0.026428
0 0.204804 0.915509 0.016012 0.026235
0 0.193182 0.924672 0.020145 0.027200
0 0.191826 0.913001 0.015367 0.028164
0 0.175620 0.925347 0.023244 0.015046
0 0.183755 0.904417 0.010072 0.026813
0 0.168324 0.915702 0.026730 0.017361
0 0.155863 0.897955 0.024535 0.004244
0 0.146242 0.891975 0.020532 0.023920
0 0.142239 0.917438 0.025181 0.019290
0 0.123773 0.902489 0.026989 0.015625
0 0.120803 0.886574 0.023114 0.019290
0 0.159865 0.835552 0.010331 0.036844
0 0.167678 0.823881 0.010977 0.029706
0 0.149406 0.851852 0.009556 0.027006
0 0.136880 0.838541 0.022210 0.018133
0 0.120480 0.855420 0.022469 0.019483
0 0.116283 0.838735 0.017174 0.020062
0 0.115445 0.848283 0.012913 0.030671
0 0.118931 0.821180 0.021953 0.017361
0 0.156573 0.790316 0.020790 0.015047
0 0.117381 0.753761 0.016271 0.026813
0 0.115702 0.766396 0.018595 0.028935
0 0.117252 0.784626 0.019628 0.016782
0 0.113895 0.792149 0.009814 0.017940
0 0.111312 0.794463 0.012913 0.023341
