0 0.350982 0.563176 0.012913 0.019097
0 0.436725 0.437693 0.028409 0.020448
0 0.438017 0.420332 0.008781 0.020448
0 0.573993 0.378472 0.014721 0.021605
0 0.652247 0.352816 0.019886 0.016589
0 0.702673 0.276620 0.031637 0.022377
0 0.532542 0.189622 0.020145 0.020448
0 0.774083 0.183449 0.022598 0.019676
0 0.781637 0.222222 0.013171 0.034723
0 0.795390 0.426312 0.022857 0.019290
0 0.651795 0.097994 0.021823 0.016204
0 0.647146 0.068865 0.022340 0.017361
0 0.705836 0.133681 0.014979 0.022762
0 0.721913 0.147763 0.021307 0.013889
0 0.768401 0.129533 0.020016 0.018712
0 0.789644 0.064429 0.021436 0.020062
0 0.831353 0.116319 0.023243 0.020447
0 0.836971 0.080150 0.010977 0.032986
0 0.836906 0.060860 0.012139 0.025270
0 0.858406 0.085069 0.011235 0.017361
0 0.877906 0.059703 0.014591 0.022184
0 0.741736 0.050733 0.017045 0.020448
0 0.731082 0.058064 0.017433 0.028935
0 0.714811 0.055459 0.022598 0.026042
0 0.695893 0.053241 0.021953 0.023148
0 0.682206 0.055555 0.019369 0.026235
0 0.676007 0.061053 0.013688 0.025656
0 0.872611 0.154706 0.021823 0.017747
0 0.886105 0.177083 0.015496 0.037808
0 0.933497 0.191165 0.019370 0.017361
0 0.945635 0.133391 0.011622 0.022955
0 0.910641 0.133680 0.018079 0.014275
0 0.892821 0.103974 0.018079 0.030478
0 0.888947 0.089024 0.020661 0.019869
0 0.908703 0.064622 0.011621 0.026620
0 0.914386 0.070891 0.012655 0.035301
0 0.922262 0.084973 0.008781 0.026428
0 0.934272 0.083526 0.009556 0.027392
0 0.946281 0.222994 0.018078 0.023148
0 0.938339 0.232638 0.017433 0.021605
0 0.757232 0.450617 0.024793 0.019290
0 0.830321 0.304784 0.012397 0.027006
0 0.881522 0.308739 0.017433 0.022955
0 0.857826 0.337191 0.014205 0.033950
0 0.907735 0.367477 0.016142 0.017362
0 0.919744 0.473380 0.025439 0.016203
0 0.913611 0.465471 0.021436 0.018904
0 0.937370 0.437114 0.016787 0.015432
0 0.946475 0.408469 0.020274 0.026041
0 0.951318 0.413098 0.010589 0.027585
0 0.946474 0.384934 0.017691 0.032987
0 0.937823 0.376640 0.023115 0.025655
0 0.948089 0.355131 0.015496 0.036651
0 0.943763 0.334394 0.016400 0.033758
0 0.938792 0.318769 0.018595 0.031829
0 0.910382 0.290509 0.013430 0.034722
0 0.942019 0.281636 0.022985 0.019290
0 0.938081 0.270544 0.022598 0.017940
0 0.940922 0.268711 0.023631 0.018133
0 0.866283 0.518808 0.002453 0.032215
0 0.949251 0.549672 0.022986 0.016783
0 0.950090 0.570409 0.019757 0.015818
0 0.950090 0.593461 0.019757 0.021797
0 0.867188 0.638792 0.018725 0.023727
0 0.811919 0.638985 0.011235 0.025656
0 0.911674 0.696180 0.016529 0.030478
0 0.845300 0.711902 0.017045 0.026428
0 0.805075 0.758005 0.006328 0.000579
0 0.696152 0.745949 0.012138 0.032794
0 0.955127 0.840278 0.014850 0.034722
0 0.902505 0.797261 0.014204 0.037423
0 0.878745 0.841531 0.019370 0.033757
0 0.863830 0.864391 0.020790 0.025077
0 0.837939 0.812403 0.019370 0.026813
0 0.818117 0.858893 0.020274 0.022184
0 0.769176 0.898920 0.016141 0.033179
0 0.775956 0.925347 0.014205 0.034336
0 0.752324 0.924093 0.012397 0.034529
0 0.827996 0.942322 0.022728 0.021219
0 0.830191 0.922840 0.015754 0.033179
0 0.871062 0.933256 0.022857 0.018518
0 0.888688 0.916570 0.024794 0.023341
0 0.918130 0.875579 0.021694 0.018133
0 0.901988 0.922743 0.014205 0.031828
0 0.927040 0.924575 0.012655 0.033565
0 0.940599 0.916667 0.011364 0.034722
0 0.945571 0.882138 0.013300 0.034337
0 0.715457 0.936150 0.018724 0.022763
0 0.722818 0.884452 0.022340 0.031250
0 0.730243 0.847030 0.027118 0.021219
0 0.731599 0.807388 0.017433 0.024884
0 0.688985 0.804206 0.027764 0.018133
0 0.655669 0.864004 0.027763 0.005015
0 0.620932 0.855517 0.026214 0.021220
0 0.692084 0.941937 0.015625 0.022763
0 0.683884 0.937500 0.022210 0.015432
0 0.669550 0.933449 0.016787 0.024306
0 0.631973 0.936825 0.018078 0.029128
0 0.613249 0.925251 0.010072 0.032986
0 0.590586 0.938947 0.010459 0.030286
0 0.594396 0.941744 0.027117 0.023148
0 0.535963 0.941455 0.022340 0.019869
0 0.600594 0.771412 0.013688 0.029707
0 0.580191 0.784047 0.016787 0.034143
0 0.569085 0.805748 0.026601 0.017361
0 0.581999 0.725791 0.020919 0.029900
0 0.503293 0.752604 0.017174 0.022955
0 0.464359 0.740548 0.012397 0.035108
0 0.481018 0.881076 0.011622 0.038002
0 0.521242 0.900849 0.029054 0.019290
0 0.445377 0.930170 0.011622 0.038580
0 0.473334 0.929302 0.004003 0.035687
0 0.495480 0.918210 0.014721 0.025463
0 0.520338 0.941358 0.026214 0.025463
0 0.506198 0.935185 0.015496 0.036265
0 0.499870 0.931906 0.014721 0.036651
0 0.339230 0.738426 0.020920 0.018518
0 0.299070 0.716531 0.016012 0.022184
0 0.260007 0.730903 0.027247 0.026620
0 0.231082 0.718557 0.025697 0.021219
0 0.344460 0.820409 0.016141 0.015046
0 0.344267 0.817033 0.018595 0.033372
0 0.357502 0.837673 0.022857 0.022184
0 0.298037 0.822627 0.020661 0.033757
0 0.327738 0.877315 0.023244 0.016204
0 0.359698 0.883777 0.020016 0.030286
0 0.377066 0.912423 0.012913 0.034722
0 0.391077 0.934992 0.020274 0.022762
0 0.414450 0.931327 0.015367 0.040123
0 0.399277 0.929301 0.013430 0.038002
0 0.366219 0.926890 0.010848 0.027392
0 0.359892 0.930073 0.012139 0.031057
0 0.346333 0.926601 0.013430 0.031829
0 0.355566 0.945602 0.022340 0.023148
0 0.329545 0.934607 0.014979 0.025077
0 0.296746 0.894483 0.015496 0.036652
0 0.316568 0.927469 0.013559 0.035494
0 0.306689 0.943577 0.021952 0.019483
0 0.307464 0.674768 0.014721 0.039351
0 0.375129 0.630594 0.014204 0.033564
0 0.236828 0.611690 0.015495 0.040509
0 0.177686 0.665123 0.010848 0.027778
0 0.172327 0.638021 0.014592 0.027971
0 0.181430 0.711226 0.024535 0.017361
0 0.187177 0.739005 0.028280 0.022763
0 0.211648 0.758970 0.015754 0.039544
0 0.266271 0.930555 0.024793 0.013117
0 0.251937 0.924093 0.013688 0.026042
0 0.239411 0.926890 0.014980 0.028164
0 0.235409 0.906153 0.014721 0.029514
0 0.230372 0.929109 0.012397 0.026813
0 0.225982 0.924961 0.013947 0.032793
0 0.217459 0.926794 0.015496 0.032215
0 0.213649 0.936728 0.019241 0.027778
0 0.208032 0.919849 0.011622 0.031443
0 0.231598 0.867477 0.023890 0.022763
0 0.219396 0.875289 0.022985 0.021797
0 0.206353 0.873168 0.028409 0.022955
0 0.195248 0.934607 0.018595 0.022763
0 0.180397 0.936824 0.026085 0.022955
0 0.189114 0.921779 0.028022 0.019097
0 0.193698 0.911844 0.011880 0.030478
0 0.165483 0.919754 0.014333 0.037037
0 0.159930 0.926890 0.025956 0.028164
0 0.153603 0.918403 0.018208 0.022763
0 0.158316 0.695505 0.013430 0.027585
0 0.175233 0.813561 0.012655 0.037230
0 0.174458 0.837287 0.013688 0.035687
0 0.167484 0.809125 0.012655 0.039159
0 0.147857 0.858025 0.010589 0.033950
0 0.144112 0.793789 0.012913 0.032793
0 0.130424 0.916667 0.017046 0.013117
0 0.119383 0.900366 0.015108 0.020640
0 0.116671 0.890625 0.019499 0.024305
0 0.144628 0.882909 0.020661 0.020448
0 0.117511 0.872974 0.017046 0.019869
0 0.117962 0.857156 0.013817 0.020640
0 0.118027 0.846837 0.017562 0.020061
0 0.140689 0.847801 0.021565 0.011960
0 0.128745 0.816551 0.018337 0.010416
0 0.115444 0.825521 0.012396 0.020640
0 0.111700 0.805459 0.013171 0.016782
0 0.128487 0.789159 0.015754 0.017362
0 0.110731 0.778839 0.013817 0.026813
0 0.113120 0.767554 0.009814 0.026621
0 0.144370 0.663002 0.010330 0.022763
0 0.151020 0.619888 0.014334 0.017940
0 0.125904 0.745660 0.013172 0.006751
0 0.120868 0.749421 0.012397 0.029706
0 0.112861 0.743538 0.010331 0.025656
0 0.122869 0.724537 0.018466 0.030092
0 0.124612 0.681616 0.004390 0.012925
0 0.130940 0.687693 0.013946 0.018132
0 0.116478 0.703414 0.016529 0.029514
0 0.118092 0.678337 0.014076 0.033757
0 0.116735 0.635224 0.012397 0.028936
0 0.117123 0.615066 0.015754 0.026428
0 0.117316 0.600984 0.015625 0.022956
0 0.119189 0.589024 0.011622 0.025270
0 0.233471 0.540606 0.012396 0.034143
0 0.297456 0.465663 0.014075 0.027778
0 0.223657 0.395833 0.011363 0.026234
0 0.166710 0.551216 0.011105 0.030671
0 0.167937 0.517940 0.023890 0.018904
0 0.123773 0.563850 0.020274 0.015046
0 0.120932 0.539255 0.013559 0.022955
0 0.132812 0.525945 0.018724 0.019097
0 0.116219 0.497589 0.009298 0.025270
0 0.122417 0.455054 0.013430 0.034336
0 0.121772 0.450135 0.014721 0.029900
0 0.125065 0.428241 0.018208 0.004629
0 0.150052 0.396798 0.016529 0.020448
0 0.313404 0.388600 0.014721 0.029129
0 0.261428 0.304109 0.018982 0.027971
0 0.269628 0.224634 0.018078 0.022569
0 0.240896 0.226467 0.018207 0.017747
0 0.211390 0.228491 0.014721 0.032601
0 0.164773 0.270544 0.012913 0.035301
0 0.121707 0.371239 0.009943 0.027199
0 0.125452 0.356385 0.014333 0.024498
0 0.127260 0.339024 0.018466 0.022184
0 0.132554 0.306906 0.024923 0.018132
0 0.135460 0.285783 0.018853 0.013310
0 0.135331 0.288387 0.019112 0.015046
0 0.141012 0.255980 0.017562 0.015046
0 0.121449 0.288773 0.008393 0.022762
0 0.129648 0.238040 0.012913 0.028550
0 0.192148 0.192323 0.010847 0.026620
0 0.219783 0.135995 0.010847 0.031250
0 0.186402 0.135706 0.014592 0.036073
0 0.205191 0.084587 0.009040 0.026428
0 0.198929 0.053916 0.013559 0.027585
0 0.159736 0.139371 0.012138 0.025270
0 0.143724 0.192516 0.012138 0.024691
0 0.144887 0.184221 0.010847 0.032793
0 0.126420 0.159240 0.011621 0.030671
0 0.131650 0.143711 0.012784 0.021991
0 0.145145 0.144965 0.010331 0.025270
0 0.128099 0.127411 0.013430 0.017168
0 0.140819 0.110340 0.010976 0.020061
0 0.163869 0.097608 0.018853 0.016204
0 0.141529 0.091629 0.009298 0.021219
0 0.135395 0.082947 0.004003 0.027006
0 0.150956 0.068769 0.010589 0.027971
0 0.164256 0.072435 0.024277 0.008680
0 0.160511 0.045814 0.027635 0.014468
0 0.143401 0.066937 0.017175 0.016590
0 0.304688 0.108989 0.019757 0.021219
0 0.276924 0.068576 0.012784 0.019097
0 0.292291 0.049769 0.021307 0.020833
0 0.326318 0.050154 0.022469 0.021605
0 0.342200 0.059028 0.015496 0.034722
0 0.372159 0.079669 0.016529 0.010417
0 0.392885 0.194831 0.034220 0.020833
0 0.429558 0.141204 0.022340 0.017747
0 0.436531 0.108796 0.021565 0.016975
0 0.409349 0.054784 0.020661 0.015432
0 0.430398 0.047261 0.016788 0.015818
0 0.451575 0.061246 0.009555 0.028357
0 0.463973 0.049383 0.016787 0.023148
0 0.511234 0.062886 0.025569 0.018518
0 0.532477 0.106868 0.019240 0.013889
0 0.547392 0.136574 0.023502 0.016204
