0 0.366219 0.485629 0.013430 0.027585
0 0.357567 0.404514 0.011622 0.021219
0 0.458936 0.472222 0.009814 0.010802
0 0.495997 0.524305 0.022986 0.017747
0 0.384168 0.571566 0.025568 0.018133
0 0.391270 0.539738 0.022211 0.016204
0 0.433238 0.616126 0.020919 0.016204
0 0.479339 0.637153 0.016529 0.011960
0 0.524277 0.670139 0.023760 0.016204
0 0.587552 0.665220 0.012913 0.028356
0 0.349432 0.627990 0.011880 0.024112
0 0.323089 0.601852 0.009814 0.027778
0 0.292485 0.604552 0.014721 0.030092
0 0.644499 0.324267 0.009039 0.025077
0 0.651601 0.509259 0.007748 0.016976
0 0.805785 0.269483 0.009298 0.027392
0 0.877841 0.131752 0.013946 0.023534
0 0.725594 0.151042 0.017820 0.018904
0 0.730889 0.059414 0.009297 0.025463
0 0.767949 0.047839 0.016271 0.014660
0 0.552299 0.327450 0.018853 0.017168
0 0.494318 0.220872 0.011364 0.033564
0 0.526601 0.157022 0.010847 0.028549
0 0.499613 0.144676 0.019370 0.014660
0 0.524148 0.095293 0.019887 0.018518
0 0.595299 0.044174 0.016013 0.021219
0 0.583548 0.051890 0.014204 0.018133
0 0.569344 0.053434 0.008522 0.027392
0 0.559918 0.053819 0.009297 0.031250
0 0.546617 0.044560 0.014204 0.015818
0 0.499096 0.077354 0.019370 0.016589
0 0.462810 0.041570 0.019628 0.016011
0 0.886235 0.420139 0.016787 0.019290
0 0.911803 0.425347 0.012139 0.028936
0 0.906379 0.451389 0.024018 0.018518
0 0.902247 0.477623 0.019887 0.016975
0 0.891012 0.570312 0.010331 0.029899
0 0.910124 0.598766 0.015496 0.016975
0 0.880811 0.616320 0.021952 0.025077
0 0.916193 0.699556 0.013688 0.024112
0 0.867769 0.695505 0.013429 0.032987
0 0.826188 0.529996 0.009814 0.027585
0 0.802299 0.517650 0.013688 0.025656
0 0.803978 0.546875 0.008781 0.028936
0 0.752582 0.592785 0.023761 0.015047
0 0.763688 0.520447 0.025310 0.017747
0 0.737345 0.534143 0.013946 0.021991
0 0.715522 0.512250 0.011622 0.019483
0 0.765238 0.703318 0.025309 0.021605
0 0.808885 0.711805 0.020661 0.016975
0 0.705837 0.686150 0.021178 0.015046
0 0.636493 0.697049 0.011622 0.029128
0 0.608988 0.706405 0.020661 0.021605
0 0.708161 0.741898 0.019628 0.018518
0 0.521049 0.687018 0.015238 0.016782
0 0.506715 0.707755 0.011364 0.026621
0 0.871772 0.788387 0.018337 0.015046
0 0.851498 0.782022 0.014980 0.023149
0 0.817149 0.757137 0.026860 0.011188
0 0.808497 0.779128 0.016787 0.015818
0 0.778280 0.775656 0.010072 0.028936
0 0.770274 0.805941 0.012655 0.020062
0 0.806818 0.852817 0.009298 0.026621
0 0.739799 0.838348 0.009039 0.029321
0 0.747417 0.768132 0.019628 0.013889
0 0.744447 0.747685 0.019886 0.016204
0 0.830321 0.834105 0.008781 0.023920
0 0.838714 0.829090 0.020919 0.015433
0 0.849690 0.847608 0.008264 0.037037
0 0.839488 0.888503 0.013172 0.024692
0 0.903151 0.767747 0.012913 0.027006
0 0.915805 0.770254 0.016529 0.030479
0 0.915160 0.806134 0.016787 0.028164
0 0.884685 0.839313 0.012655 0.017361
0 0.888688 0.851851 0.018078 0.013117
0 0.870739 0.877315 0.021436 0.016204
0 0.910899 0.872300 0.017045 0.013889
0 0.891916 0.907794 0.017304 0.013889
0 0.907025 0.910880 0.021694 0.016975
0 0.877454 0.919367 0.012655 0.030864
0 0.865186 0.923804 0.014463 0.020448
0 0.857438 0.931134 0.027892 0.022762
0 0.799845 0.909722 0.009814 0.036265
0 0.801266 0.933256 0.020919 0.013889
0 0.784091 0.916667 0.020661 0.011574
0 0.755294 0.916474 0.015755 0.018132
0 0.772986 0.928434 0.020145 0.021990
0 0.744835 0.922839 0.013430 0.028550
0 0.721333 0.920332 0.009814 0.025849
0 0.706741 0.926891 0.017304 0.014275
0 0.704287 0.929206 0.016012 0.025077
0 0.759298 0.864197 0.022727 0.020833
0 0.786028 0.884645 0.012655 0.016976
0 0.709840 0.883487 0.015238 0.033179
0 0.669034 0.809414 0.019370 0.019290
0 0.624871 0.763503 0.023502 0.018518
0 0.630424 0.816165 0.013947 0.027392
0 0.631198 0.868827 0.016529 0.017747
0 0.682334 0.923032 0.012397 0.028164
0 0.671488 0.924575 0.010331 0.028164
0 0.656508 0.912808 0.011364 0.033179
0 0.638300 0.929398 0.020919 0.020061
0 0.623450 0.923418 0.010331 0.027392
0 0.599432 0.924190 0.010847 0.030478
0 0.572702 0.886188 0.021953 0.015432
0 0.555011 0.926697 0.010847 0.025463
0 0.533961 0.865741 0.022469 0.019290
0 0.545583 0.786844 0.019887 0.023534
0 0.576447 0.753086 0.018595 0.017747
0 0.550749 0.746335 0.017820 0.027392
0 0.409995 0.687500 0.012138 0.020834
0 0.371126 0.686921 0.010848 0.028164
0 0.394370 0.753472 0.018078 0.013889
0 0.474044 0.767554 0.013688 0.024305
0 0.487086 0.841821 0.012397 0.028550
0 0.489541 0.929591 0.013172 0.027392
0 0.475723 0.929591 0.012396 0.027392
0 0.470558 0.933063 0.015496 0.023534
0 0.441761 0.931134 0.017821 0.021219
0 0.432076 0.920910 0.019112 0.016975
0 0.426652 0.919753 0.016529 0.017747
0 0.401730 0.896605 0.019370 0.023920
0 0.400697 0.817516 0.023502 0.020061
0 0.384814 0.835841 0.019628 0.022763
0 0.359891 0.860726 0.025052 0.018519
0 0.378616 0.886960 0.023761 0.016976
0 0.317795 0.780479 0.020919 0.021605
0 0.326963 0.731867 0.020661 0.020062
0 0.291193 0.753472 0.011105 0.016975
0 0.284930 0.816358 0.017950 0.016204
0 0.253164 0.771412 0.012009 0.019676
0 0.270661 0.672454 0.012397 0.023148
0 0.222301 0.670525 0.022082 0.019290
0 0.234181 0.619406 0.015883 0.014274
0 0.171488 0.652778 0.019628 0.019290
0 0.146307 0.608024 0.022985 0.014661
0 0.161544 0.718171 0.012138 0.025849
0 0.177040 0.730517 0.012138 0.024305
0 0.134555 0.789931 0.010847 0.030478
0 0.189567 0.806713 0.018595 0.015432
0 0.217975 0.829861 0.020661 0.018518
0 0.222818 0.881945 0.014850 0.022377
0 0.329029 0.896991 0.020661 0.016975
0 0.336777 0.916667 0.017562 0.014660
0 0.354210 0.937693 0.012655 0.018904
0 0.337035 0.935571 0.018078 0.015432
0 0.326317 0.937115 0.019370 0.021605
0 0.315212 0.918210 0.018336 0.019290
0 0.309142 0.927469 0.011881 0.028550
0 0.298941 0.924383 0.011105 0.030092
0 0.287964 0.916859 0.010847 0.032793
0 0.285382 0.927083 0.011880 0.029321
0 0.266400 0.924190 0.011622 0.030478
0 0.256973 0.922068 0.010848 0.017746
0 0.259039 0.922068 0.016012 0.028550
0 0.244060 0.928819 0.017045 0.027392
0 0.223076 0.924576 0.011234 0.023534
0 0.219138 0.926891 0.010589 0.025077
0 0.209711 0.918210 0.014463 0.013118
0 0.190729 0.925154 0.012655 0.023919
0 0.180785 0.898148 0.015496 0.034722
0 0.164450 0.883102 0.012267 0.032408
0 0.176976 0.929399 0.016658 0.021605
0 0.162255 0.925926 0.011235 0.022377
0 0.142433 0.909336 0.021436 0.012345
0 0.140108 0.935185 0.016787 0.019290
0 0.131844 0.930748 0.010589 0.028163
0 0.127841 0.659915 0.013946 0.030478
0 0.129649 0.634453 0.019628 0.021219
0 0.095042 0.653164 0.010331 0.029321
0 0.092330 0.636767 0.011106 0.027392
0 0.096526 0.710263 0.021048 0.013889
0 0.095170 0.729553 0.015755 0.013889
0 0.097366 0.757716 0.021178 0.016204
0 0.101949 0.808835 0.011751 0.029706
0 0.098140 0.779706 0.022727 0.013889
0 0.096527 0.825810 0.017949 0.018132
0 0.096914 0.837577 0.025439 0.015432
0 0.088455 0.786651 0.024018 0.033950
0 0.088197 0.828704 0.020403 0.016204
0 0.092652 0.841050 0.023631 0.014661
0 0.100142 0.883487 0.023114 0.013117
0 0.094138 0.864197 0.027118 0.017747
0 0.086260 0.900849 0.011363 0.027778
0 0.094525 0.911844 0.009298 0.028936
0 0.105824 0.906636 0.015883 0.016204
0 0.104080 0.915316 0.010331 0.025077
0 0.117575 0.920139 0.011493 0.026235
0 0.120997 0.931713 0.008522 0.027778
0 0.268595 0.589892 0.009298 0.026235
0 0.209001 0.555073 0.020273 0.022955
0 0.196797 0.498264 0.022727 0.018132
0 0.182593 0.527488 0.013946 0.030671
0 0.140237 0.588638 0.016013 0.021026
0 0.111312 0.596836 0.007748 0.026235
0 0.121772 0.581211 0.026602 0.015047
0 0.091168 0.603973 0.020661 0.018133
0 0.088714 0.570988 0.014204 0.020061
0 0.093105 0.547357 0.016787 0.013696
0 0.108019 0.522473 0.015108 0.021026
0 0.098592 0.526428 0.014851 0.013503
0 0.088197 0.543596 0.020403 0.013889
0 0.095816 0.514853 0.022211 0.014275
0 0.092975 0.492187 0.011364 0.021413
0 0.085034 0.491127 0.012009 0.014661
0 0.103693 0.472994 0.022469 0.015432
0 0.079868 0.461613 0.008394 0.012732
0 0.091361 0.451582 0.021048 0.018904
0 0.090910 0.442515 0.018595 0.013117
0 0.093363 0.420525 0.017303 0.020061
0 0.089747 0.402971 0.014721 0.023534
0 0.178461 0.414545 0.021177 0.016590
0 0.342716 0.273920 0.010847 0.027778
0 0.239540 0.266590 0.022469 0.016203
0 0.172004 0.326003 0.011363 0.017746
0 0.094202 0.368441 0.011751 0.014661
0 0.302557 0.212963 0.011106 0.033950
0 0.346075 0.161266 0.011363 0.029321
0 0.434917 0.120756 0.023760 0.017747
0 0.465909 0.092207 0.021694 0.020062
0 0.397469 0.047068 0.022210 0.014660
0 0.375775 0.039738 0.018078 0.015432
0 0.348399 0.056134 0.009814 0.029707
0 0.323735 0.041281 0.017821 0.015432
0 0.309659 0.103973 0.020145 0.017361
0 0.280798 0.050540 0.022082 0.020062
0 0.226498 0.069927 0.011880 0.027971
0 0.200413 0.104070 0.009298 0.026813
0 0.206353 0.052855 0.012913 0.030864
0 0.191374 0.061632 0.014980 0.032986
0 0.162836 0.048419 0.020919 0.025077
0 0.160253 0.089796 0.016788 0.019869
0 0.220429 0.190586 0.017820 0.015432
0 0.164256 0.284818 0.010330 0.027199
0 0.181173 0.237654 0.020403 0.016975
0 0.172004 0.259259 0.009298 0.027778
0 0.133071 0.247299 0.016658 0.027006
0 0.125517 0.162616 0.008265 0.030478
0 0.100336 0.178240 0.013688 0.029321
0 0.090780 0.185571 0.013171 0.023920
0 0.105049 0.210263 0.019499 0.013117
0 0.104274 0.198302 0.023114 0.015433
0 0.088714 0.212962 0.019370 0.029321
0 0.092781 0.237654 0.020791 0.023148
0 0.106922 0.297743 0.011363 0.028357
0 0.096785 0.265528 0.018465 0.020255
0 0.093362 0.285108 0.012139 0.022376
0 0.083161 0.282407 0.009814 0.015432
0 0.092911 0.304784 0.014333 0.010802
0 0.092523 0.327739 0.015108 0.027392
0 0.092781 0.326582 0.020791 0.019676
0 0.149858 0.058160 0.011751 0.027585
0 0.092717 0.105613 0.010847 0.017554
0 0.106469 0.078125 0.015625 0.013503
0 0.091813 0.089410 0.012138 0.034530
0 0.100788 0.082658 0.014075 0.031828
0 0.131457 0.041666 0.017046 0.013117
0 0.133200 0.051504 0.018466 0.018904
0 0.125904 0.059124 0.019370 0.018711
0 0.114024 0.060089 0.017303 0.019869
0 0.124225 0.052469 0.007748 0.023920
0 0.117898 0.044946 0.012138 0.018133
