0 0.603564 0.741416 0.010848 0.029900
0 0.677299 0.697917 0.011622 0.029321
0 0.704416 0.674768 0.011105 0.025463
0 0.644370 0.598476 0.009297 0.022956
0 0.727918 0.621142 0.011105 0.027778
0 0.643014 0.517457 0.020274 0.016397
0 0.675491 0.407310 0.013688 0.019483
0 0.730372 0.487269 0.009814 0.027006
0 0.797973 0.473958 0.010976 0.018133
0 0.789062 0.497299 0.007360 0.013117
0 0.793776 0.542053 0.013172 0.011575
0 0.826963 0.567419 0.014462 0.014467
0 0.856663 0.548033 0.011364 0.028935
0 0.893724 0.577161 0.007490 0.023149
0 0.854339 0.608893 0.017046 0.030285
0 0.888300 0.622782 0.009039 0.025655
0 0.936854 0.619309 0.011105 0.028743
0 0.928654 0.691936 0.016658 0.012731
0 0.889204 0.699845 0.008265 0.021605
0 0.932077 0.705439 0.018078 0.014275
0 0.936596 0.734568 0.010589 0.026235
0 0.901924 0.755208 0.015367 0.014274
0 0.921940 0.829089 0.019757 0.014660
0 0.933174 0.880402 0.014333 0.016975
0 0.920454 0.899594 0.014463 0.011767
0 0.900439 0.910494 0.016787 0.014660
0 0.869964 0.870756 0.019886 0.015432
0 0.871126 0.905575 0.008264 0.020640
0 0.852402 0.899209 0.009556 0.027971
0 0.821216 0.918596 0.008652 0.015432
0 0.809014 0.914930 0.011105 0.017361
0 0.796359 0.919849 0.013172 0.015239
0 0.786480 0.909240 0.015108 0.021798
0 0.732438 0.913194 0.013946 0.020061
0 0.714101 0.907890 0.010847 0.024498
0 0.702995 0.907890 0.006715 0.025270
0 0.674845 0.900077 0.009814 0.025463
0 0.657283 0.904899 0.014980 0.020448
0 0.572379 0.918981 0.015625 0.017747
0 0.554107 0.912230 0.010589 0.023534
0 0.504262 0.909336 0.011105 0.028550
0 0.493285 0.914545 0.006715 0.022763
0 0.478951 0.909433 0.009555 0.026042
0 0.468556 0.910783 0.009168 0.020254
0 0.464359 0.917342 0.014979 0.013310
0 0.444796 0.881848 0.015367 0.016397
0 0.436790 0.916956 0.009168 0.019483
0 0.422585 0.835359 0.012784 0.019868
0 0.404184 0.821759 0.013946 0.013889
0 0.390367 0.867477 0.009556 0.022763
0 0.401472 0.912133 0.009556 0.023727
0 0.390302 0.895833 0.014333 0.019290
0 0.396695 0.911073 0.007231 0.017361
0 0.401730 0.898534 0.007489 0.019290
0 0.388043 0.916281 0.012138 0.016204
0 0.360666 0.889660 0.017303 0.020833
0 0.356340 0.917342 0.012009 0.020254
0 0.366671 0.920139 0.008135 0.017746
0 0.374548 0.918885 0.012784 0.016397
0 0.283057 0.908855 0.008781 0.027199
0 0.266464 0.862847 0.019241 0.015818
0 0.291968 0.901621 0.012138 0.022377
0 0.305398 0.863908 0.009556 0.009066
0 0.297004 0.916474 0.015496 0.018132
0 0.234311 0.916474 0.013301 0.018132
0 0.233988 0.907311 0.008265 0.016397
0 0.221978 0.863715 0.011622 0.028742
0 0.213456 0.923225 0.012655 0.011574
0 0.201188 0.904128 0.010330 0.028164
0 0.189050 0.910590 0.007748 0.022956
0 0.159478 0.909433 0.008006 0.024498
0 0.146695 0.893422 0.016529 0.012153
0 0.141981 0.870756 0.017433 0.010802
0 0.143466 0.859665 0.011106 0.024498
0 0.198024 0.820409 0.018724 0.014274
0 0.153539 0.792246 0.012655 0.018904
0 0.135976 0.785204 0.013172 0.024112
0 0.209452 0.808739 0.012397 0.019097
0 0.216103 0.794271 0.012009 0.016397
0 0.232567 0.809510 0.006456 0.025270
0 0.249613 0.824846 0.006973 0.020062
0 0.294679 0.775752 0.014979 0.021412
0 0.314114 0.773630 0.013817 0.017940
0 0.301330 0.741030 0.011493 0.014853
0 0.259749 0.723862 0.009169 0.024112
0 0.188017 0.756655 0.009814 0.026042
0 0.175685 0.750482 0.007103 0.021412
0 0.193892 0.701774 0.015883 0.013889
0 0.135008 0.711034 0.010718 0.016204
0 0.138236 0.617863 0.016142 0.011960
0 0.217201 0.661844 0.008781 0.024305
0 0.220170 0.606481 0.013688 0.014660
0 0.221332 0.563754 0.008781 0.025270
0 0.243479 0.531829 0.008910 0.025077
0 0.142691 0.586612 0.020920 0.016589
0 0.138624 0.563368 0.008652 0.019869
0 0.136686 0.543596 0.013559 0.011574
0 0.144111 0.537616 0.016013 0.011960
0 0.137267 0.521219 0.016787 0.019290
0 0.138042 0.496432 0.016271 0.016397
0 0.138171 0.484471 0.013947 0.010223
0 0.140883 0.468750 0.017304 0.016204
0 0.141077 0.451099 0.013559 0.016011
0 0.138947 0.432195 0.012913 0.013696
0 0.182464 0.462770 0.008006 0.024305
0 0.194021 0.472318 0.012526 0.016011
0 0.198605 0.432581 0.010331 0.020641
0 0.248063 0.484182 0.012138 0.028550
0 0.276085 0.430942 0.008265 0.022377
0 0.300491 0.444059 0.011622 0.023920
0 0.286221 0.361111 0.010202 0.018518
0 0.215651 0.394194 0.009298 0.020255
0 0.227014 0.341146 0.007748 0.019869
0 0.194603 0.381462 0.009039 0.019483
0 0.268660 0.328125 0.016141 0.011960
0 0.309078 0.336998 0.013300 0.009645
0 0.346074 0.352430 0.017562 0.014275
0 0.333484 0.275753 0.010460 0.010609
0 0.321539 0.241319 0.019112 0.012731
0 0.398050 0.259452 0.015625 0.015046
0 0.429623 0.261767 0.015238 0.020448
0 0.451833 0.260995 0.018337 0.014275
0 0.470106 0.243056 0.015883 0.012345
0 0.523502 0.265143 0.017046 0.015625
0 0.536738 0.230324 0.014592 0.024692
0 0.547843 0.177373 0.011751 0.022183
0 0.576576 0.188851 0.014721 0.012731
0 0.528668 0.174286 0.008781 0.024499
0 0.516658 0.170332 0.011622 0.015046
0 0.547650 0.131076 0.010589 0.020640
0 0.538159 0.081983 0.015109 0.011960
0 0.497095 0.130016 0.018466 0.013117
0 0.488701 0.152199 0.014850 0.012732
0 0.481664 0.171489 0.012397 0.018904
0 0.444473 0.189815 0.012396 0.023920
0 0.422908 0.156250 0.019370 0.013888
0 0.402634 0.154514 0.015496 0.011188
0 0.381973 0.171490 0.016529 0.009645
0 0.388688 0.181810 0.009814 0.026428
0 0.400762 0.201678 0.009426 0.017554
0 0.366607 0.200810 0.017821 0.019676
0 0.338197 0.198881 0.008006 0.015046
0 0.356534 0.116320 0.009556 0.021991
0 0.340134 0.158372 0.011363 0.018132
0 0.338714 0.147666 0.011106 0.021026
0 0.329740 0.119984 0.015625 0.014660
0 0.333032 0.091146 0.008006 0.020254
0 0.272339 0.165895 0.014721 0.011574
0 0.288869 0.094136 0.009039 0.019290
0 0.277828 0.116126 0.009427 0.009259
0 0.380230 0.097029 0.015108 0.012731
0 0.373063 0.057291 0.013688 0.014275
0 0.361957 0.060571 0.010072 0.016975
0 0.357374 0.066262 0.011751 0.013696
0 0.342071 0.066743 0.011622 0.017747
0 0.338004 0.065008 0.010202 0.015818
0 0.325542 0.065007 0.009555 0.018133
0 0.305656 0.070602 0.016271 0.020833
0 0.267626 0.062308 0.015625 0.013503
0 0.250775 0.103588 0.015496 0.011960
0 0.233084 0.137056 0.015754 0.015239
0 0.242188 0.122300 0.017433 0.013117
0 0.240702 0.137924 0.014979 0.011960
0 0.234956 0.172164 0.015883 0.014853
0 0.225981 0.189814 0.015496 0.013889
0 0.206934 0.178048 0.011751 0.004244
0 0.203254 0.158276 0.009298 0.023341
0 0.141659 0.250772 0.014721 0.016975
0 0.197830 0.278743 0.016012 0.012731
0 0.225206 0.233700 0.013947 0.020640
0 0.223528 0.281443 0.012138 0.018132
0 0.248063 0.295524 0.008523 0.018518
0 0.263236 0.299961 0.013558 0.011189
0 0.285382 0.264274 0.017045 0.010031
0 0.258006 0.241995 0.009298 0.016782
0 0.295067 0.208816 0.013172 0.017939
0 0.197055 0.329958 0.010331 0.024498
0 0.181560 0.324556 0.009298 0.022955
0 0.143337 0.382812 0.012397 0.022183
0 0.151860 0.192323 0.017045 0.017361
0 0.175362 0.184992 0.007748 0.018132
0 0.146565 0.169175 0.015237 0.016589
0 0.163869 0.158951 0.016271 0.019290
0 0.153473 0.162808 0.017691 0.012345
0 0.165224 0.139468 0.013817 0.008873
0 0.188727 0.124518 0.010718 0.016782
0 0.144628 0.146026 0.014980 0.011960
0 0.197572 0.108796 0.008781 0.024691
0 0.211906 0.120853 0.009556 0.024113
0 0.216813 0.129533 0.013172 0.024884
0 0.226821 0.121721 0.017175 0.015046
0 0.216813 0.070891 0.008006 0.020640
0 0.224302 0.067323 0.008523 0.021219
0 0.245803 0.069927 0.012268 0.016397
0 0.239734 0.071374 0.018207 0.016975
0 0.156960 0.122493 0.018466 0.010417
0 0.153345 0.119984 0.014333 0.010803
0 0.144369 0.094715 0.010847 0.023533
0 0.178977 0.111786 0.015496 0.012539
0 0.157025 0.096161 0.011880 0.014853
0 0.156121 0.074942 0.011105 0.017940
0 0.170907 0.064332 0.016400 0.012924
0 0.192020 0.067902 0.013688 0.010031
0 0.173812 0.070023 0.007748 0.021990
0 0.182787 0.059028 0.012784 0.010802
0 0.404959 0.078414 0.009814 0.029514
0 0.416322 0.076582 0.009297 0.027392
0 0.423812 0.074267 0.006714 0.023534
0 0.431172 0.072724 0.007489 0.023534
0 0.435821 0.077064 0.008523 0.022955
0 0.445248 0.076775 0.008781 0.023148
0 0.463262 0.060957 0.012010 0.009259
0 0.462874 0.079861 0.010201 0.020834
0 0.472753 0.074749 0.010589 0.029128
0 0.484181 0.077932 0.007103 0.019290
0 0.498321 0.065779 0.011622 0.021219
0 0.491090 0.068384 0.011622 0.017940
0 0.598140 0.099634 0.008265 0.021798
0 0.617187 0.163677 0.014076 0.017554
0 0.632684 0.144483 0.012267 0.016590
0 0.650568 0.132523 0.021694 0.018133
0 0.672133 0.167824 0.014204 0.011574
0 0.682980 0.121528 0.016270 0.012346
0 0.714231 0.138117 0.017304 0.012346
0 0.712035 0.188465 0.009814 0.024306
0 0.745286 0.172647 0.014075 0.012731
0 0.754132 0.185571 0.018078 0.014660
0 0.780346 0.162712 0.010589 0.017554
0 0.789449 0.166280 0.017691 0.013889
0 0.807206 0.146605 0.015755 0.012346
0 0.819215 0.172743 0.014979 0.013696
0 0.808884 0.184028 0.015496 0.013117
0 0.830901 0.165702 0.012526 0.008102
0 0.861764 0.192419 0.012267 0.020641
0 0.826963 0.216821 0.020145 0.014660
0 0.856792 0.232542 0.013172 0.016011
0 0.794744 0.257330 0.008135 0.019290
0 0.797133 0.305362 0.015754 0.012731
0 0.816374 0.299093 0.012396 0.014082
0 0.748838 0.317419 0.015238 0.026427
0 0.751420 0.337963 0.016271 0.015432
0 0.768143 0.351756 0.012010 0.017169
0 0.791904 0.367863 0.011235 0.015046
0 0.832515 0.378569 0.009039 0.020641
0 0.850271 0.393325 0.016400 0.011189
0 0.864928 0.375000 0.009297 0.023920
0 0.874096 0.363715 0.006456 0.020255
0 0.886364 0.375096 0.009814 0.027585
0 0.906443 0.343558 0.007619 0.009645
0 0.927944 0.337673 0.008781 0.023341
0 0.895080 0.397376 0.012010 0.018518
0 0.926136 0.378858 0.011880 0.023920
0 0.914643 0.422936 0.007489 0.019483
0 0.906121 0.435860 0.007490 0.017554
0 0.890108 0.460648 0.015238 0.011574
0 0.931237 0.485533 0.010976 0.020448
0 0.919486 0.502701 0.014333 0.023148
0 0.920584 0.536941 0.009556 0.022955
0 0.931689 0.544078 0.006974 0.018711
0 0.806302 0.685475 0.012397 0.021027
0 0.868478 0.314912 0.012009 0.019483
0 0.862345 0.282504 0.009298 0.023341
0 0.862151 0.276910 0.014850 0.013311
0 0.886105 0.300829 0.008781 0.021798
0 0.898632 0.302662 0.006973 0.021990
0 0.902699 0.326775 0.012267 0.015432
0 0.927104 0.286555 0.009943 0.020640
0 0.896823 0.272183 0.008006 0.021219
0 0.919680 0.244406 0.011880 0.014275
0 0.925685 0.264275 0.009685 0.024692
0 0.915870 0.259066 0.008652 0.009645
0 0.911415 0.278067 0.006198 0.014468
0 0.869447 0.229166 0.009556 0.025463
0 0.878099 0.230228 0.010330 0.021412
0 0.922844 0.202643 0.014850 0.017939
0 0.924845 0.218364 0.011880 0.019290
0 0.897921 0.194155 0.009168 0.020254
0 0.919163 0.184317 0.007748 0.022955
0 0.922779 0.186728 0.013946 0.012345
0 0.876679 0.203125 0.008006 0.009646
0 0.885976 0.164544 0.010072 0.025077
0 0.922585 0.145544 0.011751 0.021798
0 0.905863 0.145736 0.009555 0.027585
0 0.921229 0.106578 0.009297 0.027970
0 0.911932 0.090085 0.008264 0.026620
0 0.884943 0.137731 0.008006 0.022376
0 0.891594 0.134259 0.012784 0.011574
0 0.876421 0.127797 0.008007 0.021798
0 0.893207 0.116512 0.016787 0.013889
0 0.893595 0.094040 0.018595 0.014467
0 0.896953 0.082562 0.011363 0.023920
0 0.875000 0.071470 0.014463 0.013310
0 0.857568 0.109761 0.010589 0.023534
0 0.825090 0.080825 0.014850 0.026621
0 0.844396 0.101080 0.013688 0.012346
0 0.844395 0.073688 0.010589 0.020833
0 0.854081 0.068673 0.012397 0.019290
0 0.853241 0.084876 0.018983 0.014661
0 0.824380 0.103203 0.006198 0.017361
0 0.822250 0.134645 0.009427 0.020834
0 0.811790 0.125096 0.012784 0.008681
0 0.795454 0.125868 0.010847 0.012925
0 0.795842 0.109954 0.016270 0.014661
0 0.802364 0.092207 0.013817 0.012346
0 0.803654 0.076775 0.013300 0.012346
0 0.774277 0.076582 0.009814 0.020448
0 0.786867 0.077932 0.010976 0.020833
0 0.749354 0.079572 0.008006 0.021026
0 0.725852 0.070505 0.012139 0.017554
0 0.720106 0.082658 0.010976 0.018711
0 0.676265 0.104745 0.016270 0.016589
0 0.651085 0.080922 0.008781 0.022184
0 0.664643 0.084780 0.008007 0.021412
0 0.674070 0.093750 0.008264 0.020062
0 0.674457 0.078704 0.016271 0.012346
0 0.680979 0.074460 0.011751 0.013889
0 0.675749 0.081597 0.014722 0.013503
0 0.637720 0.220775 0.012784 0.025270
0 0.630230 0.265433 0.009427 0.021605
0 0.669873 0.246142 0.016141 0.015432
0 0.662448 0.308642 0.016529 0.013118
0 0.695635 0.313465 0.015755 0.015047
0 0.686661 0.232832 0.012267 0.016590
0 0.689114 0.235532 0.014592 0.016589
0 0.716748 0.247974 0.010976 0.018711
0 0.588391 0.418210 0.010718 0.020062
0 0.401408 0.377507 0.014076 0.013503
0 0.443311 0.446277 0.013688 0.027199
0 0.420196 0.415317 0.011364 0.024305
0 0.367640 0.469618 0.010589 0.026813
0 0.438081 0.565104 0.008136 0.017554
0 0.347753 0.526910 0.016270 0.020640
0 0.278022 0.601852 0.010589 0.024691
0 0.389269 0.721836 0.013301 0.015432
0 0.345816 0.739101 0.012396 0.015239
0 0.466619 0.681231 0.012526 0.014468
0 0.430914 0.790702 0.014721 0.015046
0 0.370738 0.829090 0.020919 0.017747
0 0.366219 0.837191 0.017046 0.014661
