0 0.713068 0.099922 0.018079 0.021605
0 0.694989 0.180652 0.010331 0.025270
0 0.647598 0.158757 0.020919 0.010417
0 0.652505 0.085069 0.024535 0.015818
0 0.598011 0.238426 0.019886 0.015432
0 0.577867 0.293982 0.022469 0.012345
0 0.643014 0.300154 0.013558 0.019290
0 0.730501 0.207562 0.019370 0.016975
0 0.714488 0.167052 0.024535 0.017747
0 0.732115 0.138311 0.026214 0.017361
0 0.502970 0.097705 0.013688 0.029513
0 0.459195 0.080150 0.014463 0.020641
0 0.423683 0.126158 0.007489 0.016975
0 0.433238 0.116898 0.018337 0.015432
0 0.783962 0.203703 0.013688 0.013117
0 0.796229 0.215085 0.017045 0.015046
0 0.791387 0.249036 0.022340 0.015817
0 0.806302 0.297550 0.015496 0.024112
0 0.804107 0.123457 0.012655 0.030864
0 0.825994 0.129823 0.012526 0.023533
0 0.896629 0.180169 0.025439 0.018519
0 0.914063 0.149498 0.018983 0.017361
0 0.907025 0.244503 0.021694 0.020255
0 0.915031 0.242959 0.013430 0.026042
0 0.880553 0.258102 0.017821 0.014660
0 0.918647 0.186246 0.016529 0.025270
0 0.921552 0.209394 0.009685 0.020641
0 0.892626 0.087770 0.015109 0.021220
0 0.876162 0.125965 0.020919 0.018133
0 0.874936 0.096257 0.020015 0.014275
0 0.868156 0.091821 0.010588 0.023148
0 0.854339 0.091436 0.012397 0.024691
0 0.836325 0.086902 0.015108 0.023342
0 0.826898 0.088348 0.017949 0.025463
0 0.818182 0.088831 0.013946 0.026428
0 0.810434 0.090085 0.014462 0.021219
0 0.803525 0.079765 0.018466 0.014468
0 0.793388 0.085841 0.015495 0.022762
0 0.914708 0.284047 0.017691 0.024498
0 0.912707 0.322145 0.018078 0.015432
0 0.914127 0.300347 0.020403 0.021219
0 0.923037 0.302855 0.011880 0.023148
0 0.644499 0.379630 0.026084 0.020061
0 0.592007 0.413002 0.018983 0.019676
0 0.772147 0.478588 0.015883 0.025077
0 0.810821 0.434413 0.014205 0.036266
0 0.791709 0.517264 0.014721 0.026428
0 0.848786 0.512732 0.019370 0.018519
0 0.863507 0.495756 0.009039 0.028549
0 0.847236 0.442516 0.012139 0.035494
0 0.833936 0.368055 0.012914 0.030092
0 0.852015 0.331694 0.011363 0.026041
0 0.893402 0.383295 0.011235 0.028936
0 0.921552 0.437403 0.018466 0.022570
0 0.893208 0.482542 0.011622 0.030671
0 0.919744 0.377990 0.018466 0.014468
0 0.913029 0.377893 0.020016 0.012731
0 0.913546 0.363426 0.021565 0.016204
0 0.903280 0.342592 0.019887 0.017747
0 0.918324 0.348765 0.021307 0.018519
0 0.916839 0.509259 0.010847 0.028549
0 0.930139 0.491512 0.011621 0.022377
0 0.925426 0.481481 0.015883 0.015433
0 0.924587 0.473476 0.019112 0.020255
0 0.923682 0.460069 0.016787 0.015046
0 0.921552 0.451581 0.021049 0.013503
0 0.726627 0.674286 0.009040 0.028742
0 0.836067 0.651138 0.012010 0.033758
0 0.868479 0.577546 0.012526 0.011574
0 0.873386 0.584491 0.021307 0.018519
0 0.899794 0.533469 0.017045 0.029899
0 0.925426 0.531153 0.014333 0.024498
0 0.923554 0.572434 0.017562 0.019097
0 0.922521 0.623264 0.010847 0.028164
0 0.928913 0.607061 0.010460 0.025077
0 0.930397 0.633584 0.014721 0.018711
0 0.895403 0.677662 0.021178 0.018904
0 0.920584 0.707272 0.018337 0.014082
0 0.932723 0.707562 0.012655 0.034722
0 0.923167 0.738330 0.020403 0.019869
0 0.766400 0.908661 0.018336 0.015239
0 0.790290 0.903839 0.008781 0.029514
0 0.787836 0.904900 0.019370 0.019676
0 0.802621 0.870467 0.002712 0.032215
0 0.775052 0.844329 0.025310 0.020447
0 0.719008 0.910494 0.015496 0.016204
0 0.713714 0.906540 0.012138 0.027199
0 0.676072 0.903742 0.014592 0.022762
0 0.660705 0.905382 0.011751 0.022570
0 0.847495 0.831597 0.020403 0.015818
0 0.887074 0.823881 0.021307 0.022762
0 0.883717 0.853202 0.019757 0.017361
0 0.853823 0.862365 0.016012 0.024112
0 0.864411 0.897280 0.021178 0.017940
0 0.853177 0.904996 0.013172 0.021798
0 0.895338 0.867862 0.020790 0.014275
0 0.931108 0.853878 0.015884 0.026427
0 0.879972 0.894387 0.012009 0.029129
0 0.889076 0.895930 0.014721 0.028357
0 0.900891 0.897184 0.000646 0.027392
0 0.931948 0.775077 0.014205 0.026234
0 0.930591 0.765239 0.014333 0.022762
0 0.639786 0.815008 0.020532 0.019676
0 0.634685 0.889853 0.027635 0.019676
0 0.614734 0.906057 0.018466 0.013504
0 0.514463 0.896219 0.012914 0.033179
0 0.486700 0.897955 0.014721 0.031250
0 0.406896 0.668982 0.011622 0.026234
0 0.341426 0.668210 0.009814 0.023920
0 0.289772 0.671971 0.018078 0.018711
0 0.408058 0.758970 0.010331 0.020254
0 0.392304 0.857349 0.018078 0.022184
0 0.433884 0.852720 0.016012 0.023726
0 0.306754 0.832369 0.020532 0.016590
0 0.430527 0.887732 0.025827 0.017747
0 0.426007 0.912037 0.013688 0.019290
0 0.374742 0.903067 0.018079 0.021798
0 0.364928 0.906443 0.014979 0.026621
0 0.349625 0.909722 0.009168 0.016204
0 0.345364 0.908372 0.017174 0.030478
0 0.330966 0.907504 0.009555 0.022184
0 0.312500 0.901427 0.016529 0.024305
0 0.302944 0.898920 0.010331 0.027778
0 0.298424 0.892843 0.009039 0.031443
0 0.290289 0.892747 0.012397 0.027006
0 0.258394 0.841435 0.022986 0.015432
0 0.264398 0.789737 0.020532 0.016975
0 0.218427 0.771605 0.023115 0.018518
0 0.183561 0.791570 0.013817 0.026428
0 0.195313 0.698688 0.014592 0.027006
0 0.206353 0.838349 0.022210 0.015432
0 0.195313 0.858410 0.004777 0.027778
0 0.166774 0.855324 0.018983 0.020062
0 0.147598 0.834587 0.012139 0.016396
0 0.160770 0.809799 0.019370 0.018518
0 0.149664 0.807002 0.011105 0.027585
0 0.152828 0.781539 0.013300 0.033758
0 0.174715 0.749132 0.006973 0.032215
0 0.176395 0.730517 0.008781 0.024305
0 0.159285 0.737654 0.008910 0.013889
0 0.158058 0.707754 0.005682 0.018133
0 0.153280 0.703414 0.006974 0.024884
0 0.153796 0.655961 0.015755 0.023341
0 0.160511 0.683835 0.011622 0.028936
0 0.153344 0.673129 0.014851 0.017554
0 0.148567 0.678723 0.014592 0.034143
0 0.205966 0.646412 0.010072 0.027392
0 0.177169 0.629051 0.007748 0.028164
0 0.155540 0.629630 0.013042 0.031635
0 0.204740 0.588927 0.013817 0.023534
0 0.160512 0.588734 0.007489 0.021605
0 0.156121 0.585262 0.015237 0.019290
0 0.159026 0.570216 0.018982 0.012346
0 0.154506 0.565201 0.019241 0.023148
0 0.163482 0.551119 0.021178 0.011960
0 0.253745 0.570505 0.008523 0.024113
0 0.225077 0.509259 0.009039 0.024691
0 0.194086 0.508970 0.011105 0.022569
0 0.190083 0.488136 0.010847 0.024113
0 0.167355 0.495467 0.007748 0.026427
0 0.164191 0.543596 0.016917 0.016204
0 0.157348 0.472126 0.011493 0.026813
0 0.223011 0.425926 0.011622 0.032407
0 0.239604 0.372202 0.019499 0.027585
0 0.303654 0.461420 0.015625 0.022376
0 0.316116 0.497974 0.009814 0.030286
0 0.185111 0.408950 0.020532 0.014661
0 0.167162 0.445987 0.011493 0.018518
0 0.155863 0.445312 0.013172 0.024112
0 0.157348 0.435474 0.016142 0.027585
0 0.165418 0.422454 0.024018 0.016203
0 0.169164 0.418307 0.014979 0.023341
0 0.205320 0.356096 0.006198 0.026235
0 0.201317 0.338445 0.009039 0.023727
0 0.159865 0.378569 0.008781 0.022569
0 0.168647 0.371431 0.011880 0.029900
0 0.179235 0.348572 0.010847 0.025077
0 0.179558 0.332658 0.008910 0.018712
0 0.167420 0.333237 0.007878 0.022956
0 0.169551 0.327353 0.018854 0.015818
0 0.157283 0.329283 0.014463 0.028935
0 0.168001 0.304109 0.008006 0.020255
0 0.172650 0.289834 0.009039 0.027585
0 0.166193 0.272473 0.015754 0.026427
0 0.192471 0.263310 0.015625 0.023534
0 0.215715 0.252412 0.015108 0.019869
0 0.162125 0.234471 0.014850 0.019097
0 0.189759 0.200424 0.009685 0.027392
0 0.162577 0.199460 0.008007 0.023920
0 0.160124 0.190876 0.012913 0.022183
0 0.167485 0.169657 0.016787 0.018325
0 0.161674 0.176022 0.015495 0.027971
0 0.279249 0.218557 0.018207 0.013503
0 0.264657 0.206597 0.012267 0.026620
0 0.276278 0.193191 0.018466 0.017169
0 0.261945 0.187211 0.019757 0.012153
0 0.262074 0.163291 0.012010 0.021798
0 0.238314 0.163966 0.018725 0.013118
0 0.309982 0.211420 0.017174 0.010802
0 0.315018 0.163002 0.017692 0.016590
0 0.303719 0.148726 0.020661 0.013503
0 0.311855 0.114969 0.007489 0.023920
0 0.346849 0.103491 0.009814 0.024884
0 0.278409 0.088059 0.009298 0.028743
0 0.275246 0.095679 0.013042 0.020062
0 0.305269 0.088734 0.013946 0.013117
0 0.317601 0.084683 0.011492 0.017361
0 0.325607 0.086612 0.016141 0.018904
0 0.331999 0.077353 0.017304 0.014275
0 0.242381 0.151717 0.008006 0.028742
0 0.224497 0.149499 0.019499 0.011189
0 0.187823 0.141203 0.009685 0.010031
0 0.196410 0.138021 0.008522 0.024499
0 0.216942 0.126253 0.013430 0.015625
0 0.211002 0.132137 0.015496 0.011960
0 0.251292 0.124807 0.011363 0.024306
0 0.244771 0.116995 0.013817 0.024113
0 0.247288 0.085745 0.008006 0.019483
0 0.242769 0.082272 0.006198 0.014082
0 0.207451 0.116319 0.013817 0.015047
0 0.183174 0.120081 0.013817 0.014082
0 0.170196 0.120756 0.009814 0.023148
0 0.177169 0.093846 0.009814 0.027199
0 0.185498 0.086805 0.011751 0.023149
0 0.227918 0.114198 0.008522 0.023919
0 0.220946 0.112751 0.011105 0.023341
0 0.220881 0.105613 0.014334 0.017554
0 0.197185 0.094618 0.005424 0.014082
0 0.195506 0.091725 0.009814 0.029900
0 0.205062 0.088445 0.007748 0.021027
0 0.224303 0.095390 0.013172 0.020255
0 0.213391 0.076196 0.018724 0.011960
0 0.219267 0.084490 0.009297 0.014660
0 0.215392 0.095486 0.014463 0.015046
0 0.204545 0.101852 0.007231 0.012345
0 0.378615 0.083526 0.018078 0.018132
0 0.346268 0.157600 0.017433 0.012732
0 0.388882 0.175154 0.016399 0.012346
0 0.400826 0.214313 0.019628 0.015818
0 0.374290 0.230999 0.013300 0.026427
0 0.353758 0.265528 0.013301 0.018325
0 0.341038 0.288581 0.011622 0.033179
0 0.341619 0.337191 0.023631 0.024691
0 0.409737 0.388792 0.023502 0.022570
0 0.434272 0.411073 0.019370 0.017361
0 0.492252 0.470101 0.018078 0.014275
0 0.317665 0.528164 0.010331 0.028550
0 0.270015 0.901717 0.012655 0.019097
0 0.265819 0.909529 0.015625 0.011188
0 0.260977 0.896412 0.014721 0.021219
0 0.260976 0.897762 0.015238 0.016204
0 0.251033 0.905285 0.011880 0.016589
0 0.242833 0.908468 0.015625 0.021026
0 0.235666 0.900559 0.011622 0.022183
0 0.230501 0.892072 0.007490 0.027585
0 0.223012 0.896798 0.006973 0.019676
0 0.222688 0.903839 0.012009 0.025656
0 0.218621 0.896026 0.008522 0.022762
0 0.207903 0.886671 0.012913 0.026813
0 0.203125 0.908565 0.017820 0.023148
0 0.181948 0.906829 0.020403 0.008102
0 0.168130 0.891010 0.022210 0.014275
0 0.164643 0.882331 0.010589 0.025463
0 0.160317 0.888696 0.021048 0.014274
0 0.166193 0.873457 0.023502 0.014660
0 0.155669 0.868056 0.015367 0.016203
