0 0.665677 0.286265 0.005940 0.032407
0 0.640367 0.193094 0.017821 0.027392
0 0.634169 0.149691 0.019887 0.016975
0 0.592588 0.136960 0.017820 0.010030
0 0.532800 0.150945 0.009814 0.024885
0 0.511235 0.184028 0.021953 0.019290
0 0.592717 0.082562 0.022210 0.017747
0 0.751678 0.213349 0.013172 0.027006
0 0.766529 0.201774 0.019628 0.017747
0 0.794809 0.182484 0.018853 0.016203
0 0.827221 0.200232 0.014979 0.017747
0 0.830966 0.121528 0.011622 0.027006
0 0.740573 0.162037 0.024019 0.020062
0 0.715780 0.145834 0.021953 0.018519
0 0.730372 0.133295 0.013430 0.021990
0 0.694086 0.123843 0.019887 0.019290
0 0.696023 0.093557 0.021178 0.013503
0 0.670325 0.087191 0.020919 0.019290
0 0.801653 0.269290 0.013430 0.024692
0 0.845170 0.330632 0.018337 0.017747
0 0.849690 0.289159 0.013430 0.032793
0 0.870351 0.290123 0.009298 0.026235
0 0.871643 0.397473 0.007748 0.019097
0 0.889721 0.221257 0.011880 0.028935
0 0.875517 0.205633 0.018595 0.016204
0 0.907542 0.191744 0.011363 0.022377
0 0.897986 0.141783 0.009814 0.024306
0 0.762655 0.095389 0.011880 0.031057
0 0.732050 0.080150 0.018337 0.019097
0 0.783832 0.092882 0.010847 0.027584
0 0.861570 0.060860 0.011364 0.029900
0 0.828254 0.082755 0.018078 0.016589
0 0.832128 0.060185 0.012396 0.028549
0 0.811983 0.070505 0.009297 0.029128
0 0.790806 0.059992 0.019628 0.011960
0 0.784608 0.062114 0.018595 0.012346
0 0.767175 0.047260 0.015754 0.013503
0 0.758394 0.049769 0.015754 0.018519
0 0.738120 0.050155 0.012397 0.020833
0 0.724690 0.059992 0.017562 0.014275
0 0.712810 0.075039 0.019628 0.017361
0 0.712164 0.043210 0.018336 0.013118
0 0.696023 0.042438 0.016012 0.014660
0 0.679236 0.060763 0.017562 0.013503
0 0.672262 0.046296 0.023244 0.016204
0 0.653151 0.045332 0.014979 0.017361
0 0.639850 0.047454 0.016270 0.020062
0 0.631715 0.069830 0.024793 0.012346
0 0.630424 0.052083 0.022211 0.023148
0 0.621384 0.052854 0.013429 0.013889
0 0.613249 0.043788 0.017304 0.018904
0 0.595558 0.051311 0.015496 0.010803
0 0.941503 0.326774 0.018854 0.014661
0 0.920325 0.211998 0.016787 0.015046
0 0.941761 0.205632 0.013172 0.033179
0 0.918130 0.181906 0.010847 0.022762
0 0.928977 0.174190 0.011880 0.030478
0 0.938533 0.143133 0.014463 0.016204
0 0.937242 0.130980 0.012913 0.015046
0 0.929365 0.117187 0.010073 0.028356
0 0.936854 0.090760 0.012655 0.017168
0 0.936467 0.119599 0.019628 0.015432
0 0.932851 0.074363 0.010331 0.022955
0 0.926136 0.067901 0.009297 0.023920
0 0.920196 0.058064 0.014979 0.021219
0 0.907542 0.057485 0.016529 0.021605
0 0.793389 0.453608 0.011363 0.027585
0 0.847495 0.424962 0.018337 0.024305
0 0.817536 0.591725 0.012138 0.025270
0 0.819732 0.677855 0.014463 0.026235
0 0.893336 0.572434 0.012913 0.030671
0 0.891012 0.644001 0.010331 0.028742
0 0.949639 0.587673 0.010847 0.012153
0 0.937758 0.555266 0.020145 0.013310
0 0.909866 0.453704 0.007748 0.026234
0 0.940987 0.390432 0.019887 0.016976
0 0.945119 0.418210 0.015754 0.016976
0 0.297650 0.476466 0.008006 0.013118
0 0.331806 0.586902 0.013559 0.023726
0 0.350594 0.602238 0.012655 0.020834
0 0.316503 0.661747 0.019370 0.014468
0 0.554042 0.706404 0.013300 0.013889
0 0.348464 0.710648 0.023890 0.019290
0 0.300490 0.407311 0.009039 0.024112
0 0.233600 0.405864 0.013688 0.034723
0 0.275826 0.383295 0.010331 0.027392
0 0.251227 0.363137 0.016400 0.026428
0 0.222689 0.350984 0.016142 0.022569
0 0.325284 0.293017 0.008522 0.017362
0 0.518724 0.045139 0.016787 0.019290
0 0.487862 0.075425 0.013946 0.012731
0 0.445893 0.047839 0.020403 0.015432
0 0.396888 0.052951 0.016141 0.025656
0 0.370545 0.059799 0.010976 0.013889
0 0.368931 0.055073 0.011622 0.026042
0 0.339876 0.110533 0.018078 0.013503
0 0.334129 0.087577 0.017691 0.015432
0 0.345687 0.055266 0.011622 0.027970
0 0.397017 0.128858 0.017433 0.015432
0 0.388946 0.163774 0.023244 0.017361
0 0.359375 0.186728 0.012655 0.019290
0 0.321216 0.194638 0.020273 0.017361
0 0.305721 0.203704 0.017691 0.018519
0 0.284026 0.233990 0.022599 0.021219
0 0.267046 0.142264 0.017045 0.020641
0 0.235021 0.152488 0.019111 0.027971
0 0.189825 0.049383 0.016529 0.012346
0 0.177428 0.071856 0.012397 0.022570
0 0.194279 0.079379 0.013559 0.026041
0 0.224948 0.138503 0.020661 0.015432
0 0.213843 0.148533 0.012914 0.025463
0 0.244189 0.047646 0.016788 0.022762
0 0.262267 0.051890 0.016787 0.021219
0 0.278861 0.049190 0.013559 0.019676
0 0.277699 0.070795 0.018466 0.015046
0 0.301976 0.047550 0.014850 0.024113
0 0.310369 0.056520 0.018724 0.025077
0 0.314760 0.048225 0.010718 0.021605
0 0.323734 0.048322 0.011621 0.020255
0 0.215070 0.251929 0.024147 0.020062
0 0.228499 0.230035 0.013559 0.023727
0 0.184723 0.117862 0.022857 0.016589
0 0.188662 0.142843 0.011622 0.027970
0 0.178977 0.159240 0.015496 0.024113
0 0.170132 0.143325 0.010718 0.025077
0 0.168260 0.161940 0.010589 0.016011
0 0.178719 0.181713 0.013430 0.010802
0 0.175555 0.192033 0.014850 0.026042
0 0.168001 0.206115 0.014205 0.023342
0 0.189308 0.244985 0.012913 0.030865
0 0.168066 0.241320 0.008135 0.014275
0 0.183110 0.275366 0.014463 0.016782
0 0.176524 0.260031 0.016788 0.011574
0 0.166581 0.258198 0.011363 0.023727
0 0.171036 0.273823 0.021307 0.014853
0 0.169293 0.281925 0.010073 0.026042
0 0.170455 0.290509 0.019112 0.020062
0 0.166322 0.303048 0.012397 0.023534
0 0.204610 0.364198 0.009943 0.027006
0 0.214489 0.550637 0.011621 0.028357
0 0.202738 0.514178 0.010331 0.030286
0 0.185628 0.526620 0.023631 0.015432
0 0.161673 0.533372 0.011880 0.023534
0 0.162836 0.498842 0.010072 0.026234
0 0.169034 0.472126 0.010073 0.024498
0 0.159350 0.472994 0.010847 0.024692
0 0.165935 0.451196 0.016788 0.011188
0 0.162255 0.444444 0.014076 0.023149
0 0.176395 0.439622 0.011880 0.025077
0 0.181947 0.411941 0.011105 0.033757
0 0.176782 0.405092 0.011106 0.029321
0 0.196604 0.359375 0.019758 0.017361
0 0.183109 0.365741 0.007231 0.026235
0 0.164902 0.576581 0.009040 0.013503
0 0.155863 0.549093 0.010589 0.024112
0 0.190470 0.660205 0.012655 0.031443
0 0.181625 0.672357 0.014591 0.031443
0 0.185240 0.720968 0.010977 0.028357
0 0.158833 0.711516 0.015495 0.019869
0 0.160189 0.730228 0.018208 0.024113
0 0.161932 0.644290 0.008265 0.017746
0 0.166129 0.634066 0.016658 0.012731
0 0.156702 0.645640 0.014850 0.029707
0 0.165935 0.625771 0.016788 0.010031
0 0.156831 0.608025 0.013559 0.028550
0 0.159543 0.579090 0.014333 0.023919
0 0.427299 0.827354 0.015755 0.025077
0 0.378616 0.804108 0.011364 0.031443
0 0.358342 0.799286 0.018336 0.017168
0 0.292678 0.831211 0.017174 0.025077
0 0.460485 0.871625 0.012913 0.031443
0 0.430592 0.878472 0.016141 0.027006
0 0.440276 0.890721 0.018724 0.017939
0 0.398114 0.873843 0.012139 0.027006
0 0.392304 0.879243 0.010847 0.025463
0 0.361958 0.870564 0.008523 0.021219
0 0.368092 0.886285 0.013301 0.020640
0 0.375259 0.872107 0.012913 0.034336
0 0.351110 0.890625 0.012655 0.011960
0 0.344267 0.869984 0.011363 0.032407
0 0.319150 0.867284 0.013300 0.012346
0 0.333871 0.878762 0.002711 0.031829
0 0.321927 0.873939 0.011105 0.029899
0 0.295584 0.867091 0.008522 0.025077
0 0.306689 0.879436 0.014205 0.025077
0 0.298876 0.878279 0.017691 0.025077
0 0.290612 0.878086 0.015109 0.029321
0 0.290999 0.869888 0.014850 0.030286
0 0.283575 0.872685 0.018078 0.007716
0 0.273050 0.881462 0.015109 0.026428
0 0.264011 0.865258 0.012526 0.017939
0 0.253228 0.871335 0.011622 0.032022
0 0.241994 0.859375 0.010847 0.026621
0 0.239605 0.880980 0.009427 0.010416
0 0.228500 0.862075 0.016400 0.015047
0 0.228306 0.883198 0.016013 0.015239
0 0.220557 0.882331 0.014463 0.013117
0 0.256069 0.818866 0.016270 0.013503
0 0.247870 0.797550 0.013559 0.024499
0 0.223657 0.796103 0.011880 0.019675
0 0.229145 0.754436 0.021306 0.012731
0 0.222624 0.739198 0.013430 0.026235
0 0.217458 0.764468 0.014979 0.035108
0 0.187758 0.790702 0.019112 0.017361
0 0.166968 0.769579 0.013172 0.027199
0 0.158962 0.764949 0.016787 0.019869
0 0.157929 0.776235 0.018853 0.015432
0 0.169422 0.805169 0.024793 0.017747
0 0.157218 0.801987 0.017433 0.022184
0 0.168582 0.835648 0.021565 0.016204
0 0.150116 0.811921 0.009427 0.021219
0 0.216490 0.831983 0.022082 0.017362
0 0.201447 0.868634 0.010331 0.021219
0 0.179687 0.879244 0.021048 0.015432
0 0.175490 0.867380 0.022469 0.018325
0 0.175620 0.853877 0.025827 0.026042
0 0.603887 0.797068 0.018983 0.021605
0 0.540483 0.787519 0.021566 0.018711
0 0.642626 0.816165 0.019499 0.016590
0 0.681172 0.837673 0.021953 0.026041
0 0.639398 0.867091 0.021048 0.017362
0 0.688404 0.891204 0.021952 0.016975
0 0.734633 0.885417 0.018337 0.023149
0 0.763172 0.875772 0.015495 0.034722
0 0.795132 0.892265 0.014850 0.024113
0 0.612216 0.879629 0.013172 0.024691
0 0.735537 0.781443 0.018078 0.016590
0 0.773115 0.757812 0.011622 0.027585
0 0.800814 0.770833 0.017950 0.020833
0 0.811919 0.833816 0.013300 0.027585
0 0.853112 0.839988 0.011493 0.029128
0 0.880424 0.714795 0.013429 0.038002
0 0.578577 0.889082 0.022081 0.012732
0 0.591749 0.875096 0.019499 0.017554
0 0.592523 0.889371 0.020532 0.022956
0 0.845105 0.871335 0.021307 0.012732
0 0.845235 0.889949 0.020274 0.023341
0 0.856663 0.890721 0.020145 0.021798
0 0.872999 0.891011 0.016917 0.012732
0 0.886945 0.889274 0.018983 0.014661
0 0.899728 0.879822 0.015367 0.025849
0 0.936144 0.850502 0.024923 0.014274
0 0.948217 0.858603 0.012655 0.027392
0 0.951059 0.826389 0.018853 0.023148
0 0.947443 0.755691 0.011106 0.026813
0 0.908058 0.729553 0.013946 0.017747
0 0.945054 0.727527 0.017950 0.017554
0 0.941633 0.701196 0.018595 0.011960
0 0.945054 0.687886 0.016916 0.022377
0 0.936338 0.647570 0.018336 0.015047
0 0.947314 0.652392 0.012397 0.021604
0 0.946410 0.666184 0.015238 0.015239
0 0.942536 0.513021 0.010072 0.015240
0 0.939114 0.492091 0.020532 0.014274
0 0.946152 0.494213 0.020919 0.028550
0 0.937758 0.477238 0.023244 0.015432
0 0.946604 0.451389 0.014850 0.019290
0 0.946862 0.430941 0.013301 0.010031
0 0.936596 0.440875 0.016787 0.014853
0 0.942407 0.438368 0.019112 0.016396
0 0.172005 0.370660 0.012913 0.021412
0 0.173360 0.382909 0.022857 0.014274
0 0.160512 0.388021 0.007489 0.029128
0 0.169034 0.357639 0.017820 0.015432
0 0.168518 0.354842 0.020403 0.010224
0 0.167743 0.350888 0.021436 0.014275
