0 0.839101 0.798515 0.012913 0.031828
0 0.836777 0.778357 0.017046 0.013503
0 0.820894 0.745949 0.010073 0.025849
0 0.869706 0.688657 0.015755 0.028549
0 0.877195 0.720582 0.010072 0.028357
0 0.899019 0.800829 0.010331 0.029514
0 0.927040 0.791859 0.020919 0.012731
0 0.929881 0.781347 0.011622 0.027585
0 0.909091 0.753955 0.015496 0.034144
0 0.895274 0.750290 0.012655 0.031057
0 0.900956 0.701968 0.009039 0.024305
0 0.927041 0.740066 0.016271 0.027585
0 0.921617 0.724922 0.011105 0.029321
0 0.928783 0.714120 0.016400 0.027778
0 0.772275 0.774113 0.018725 0.015046
0 0.746642 0.797164 0.010847 0.026814
0 0.921423 0.830247 0.025439 0.018518
0 0.919034 0.673901 0.011106 0.027971
0 0.924199 0.668306 0.015754 0.033757
0 0.863249 0.621817 0.017820 0.022955
0 0.734375 0.610147 0.021952 0.016589
0 0.692407 0.781347 0.020145 0.036844
0 0.715070 0.826774 0.019240 0.032407
0 0.753745 0.847415 0.014204 0.031250
0 0.702802 0.855131 0.021823 0.017361
0 0.673941 0.896991 0.012138 0.029321
0 0.687177 0.907504 0.014334 0.018326
0 0.733923 0.882909 0.018724 0.014274
0 0.738894 0.906829 0.018078 0.019676
0 0.776214 0.895930 0.011105 0.029128
0 0.792678 0.907794 0.022857 0.017747
0 0.854855 0.868056 0.014463 0.030093
0 0.877389 0.898823 0.023114 0.018711
0 0.863185 0.909336 0.018983 0.016204
0 0.896178 0.892458 0.014463 0.036845
0 0.663159 0.793403 0.020532 0.015818
0 0.873838 0.595390 0.018853 0.017168
0 0.646823 0.746335 0.023502 0.014274
0 0.904701 0.892844 0.008781 0.024499
0 0.912578 0.887731 0.009039 0.028550
0 0.926524 0.873457 0.012655 0.033950
0 0.925749 0.630208 0.012655 0.029707
0 0.930075 0.588156 0.009169 0.032794
0 0.924458 0.563658 0.017821 0.013889
0 0.878358 0.560474 0.011363 0.028357
0 0.929365 0.538388 0.010072 0.032793
0 0.925620 0.508295 0.009298 0.030478
0 0.922133 0.495081 0.016788 0.028742
0 0.922649 0.475020 0.016787 0.023341
0 0.885460 0.477237 0.021436 0.021605
0 0.871772 0.550154 0.024535 0.024691
0 0.844525 0.524595 0.013430 0.032986
0 0.817601 0.550733 0.011493 0.030478
0 0.790547 0.478202 0.012913 0.020448
0 0.876292 0.434414 0.011363 0.024691
0 0.917936 0.444252 0.011751 0.029707
0 0.922068 0.445602 0.020016 0.027778
0 0.924135 0.419753 0.015883 0.023920
0 0.920002 0.375385 0.022081 0.020833
0 0.785964 0.413870 0.018208 0.017169
0 0.829158 0.408083 0.011622 0.027199
0 0.841232 0.435764 0.022081 0.015046
0 0.843105 0.478588 0.010589 0.035880
0 0.772275 0.359954 0.026214 0.018519
0 0.761815 0.309414 0.023115 0.019290
0 0.738895 0.332754 0.021177 0.017361
0 0.725788 0.415316 0.020790 0.018905
0 0.681173 0.434317 0.013688 0.033758
0 0.735990 0.454089 0.019241 0.021605
0 0.730372 0.489487 0.016529 0.016011
0 0.734569 0.506366 0.016658 0.014275
0 0.736183 0.527199 0.010072 0.031250
0 0.721849 0.537616 0.017562 0.025077
0 0.833032 0.346836 0.011622 0.029321
0 0.821475 0.331597 0.015367 0.025077
0 0.856275 0.360243 0.014721 0.038774
0 0.922133 0.313465 0.023502 0.020448
0 0.913740 0.314237 0.021178 0.017361
0 0.853177 0.322917 0.015237 0.035494
0 0.865444 0.297840 0.013946 0.036266
0 0.784995 0.273920 0.011622 0.031635
0 0.815212 0.273920 0.014205 0.020062
0 0.814954 0.304013 0.013688 0.021605
0 0.784930 0.230324 0.021049 0.020834
0 0.758781 0.248553 0.019628 0.019097
0 0.722689 0.216436 0.022598 0.016975
0 0.752195 0.165123 0.017304 0.015433
0 0.853628 0.209297 0.022081 0.017361
0 0.845687 0.168596 0.009040 0.025463
0 0.918647 0.255594 0.022727 0.016590
0 0.900956 0.266782 0.021953 0.015818
0 0.898373 0.268711 0.017304 0.021991
0 0.925943 0.288098 0.013817 0.025656
0 0.911674 0.293210 0.027376 0.015432
0 0.911222 0.304976 0.026214 0.018133
0 0.921745 0.167148 0.016529 0.019483
0 0.896694 0.143904 0.011880 0.025463
0 0.921358 0.151332 0.007489 0.019483
0 0.914321 0.151813 0.012268 0.021219
0 0.911415 0.141396 0.020661 0.014275
0 0.909349 0.121624 0.018078 0.015239
0 0.917871 0.086323 0.010847 0.026042
0 0.915290 0.062018 0.014463 0.027585
0 0.914837 0.056617 0.005553 0.031443
0 0.909478 0.059510 0.011622 0.027199
0 0.898243 0.047743 0.008781 0.026813
0 0.891529 0.044367 0.009298 0.027006
0 0.883652 0.049383 0.008523 0.031635
0 0.881780 0.035108 0.011235 0.030092
0 0.839424 0.030189 0.013043 0.027199
0 0.840715 0.070505 0.020532 0.012924
0 0.824316 0.035494 0.014333 0.032407
0 0.804623 0.033854 0.018337 0.019097
0 0.797521 0.018229 0.010847 0.017168
0 0.775052 0.021798 0.011880 0.023534
0 0.825284 0.101273 0.010072 0.026621
0 0.801652 0.116030 0.010847 0.032986
0 0.729920 0.023727 0.015625 0.015046
0 0.730565 0.081983 0.014850 0.011960
0 0.763688 0.117091 0.017562 0.011960
0 0.702415 0.041088 0.010718 0.031250
0 0.705643 0.027488 0.022081 0.023341
0 0.681882 0.016300 0.021307 0.012538
0 0.665096 0.017168 0.021823 0.019676
0 0.582257 0.099730 0.013172 0.026620
0 0.509943 0.107446 0.018853 0.015818
0 0.601433 0.054784 0.019499 0.020833
0 0.623515 0.025753 0.020790 0.018326
0 0.606857 0.022184 0.014850 0.016590
0 0.602531 0.021026 0.011364 0.028164
0 0.563017 0.037616 0.019111 0.015046
0 0.551007 0.017361 0.024019 0.014660
0 0.536738 0.017265 0.015109 0.022184
0 0.524277 0.022376 0.014463 0.030093
0 0.516787 0.034530 0.019111 0.016590
0 0.483665 0.020158 0.014592 0.024113
0 0.457451 0.012539 0.020532 0.015047
0 0.426459 0.052276 0.022081 0.015818
0 0.344008 0.027199 0.020661 0.018905
0 0.363378 0.089795 0.020145 0.016783
0 0.366412 0.137635 0.017691 0.023341
0 0.336712 0.104938 0.020532 0.018519
0 0.323282 0.125965 0.017691 0.015047
0 0.284930 0.101466 0.019499 0.013118
0 0.272598 0.083141 0.023502 0.018133
0 0.320635 0.022955 0.018337 0.020448
0 0.306496 0.021702 0.021307 0.030285
0 0.292420 0.020062 0.017433 0.027778
0 0.270855 0.018711 0.018983 0.013503
0 0.232890 0.029514 0.009685 0.033565
0 0.275698 0.046875 0.018337 0.012732
0 0.267433 0.042245 0.009556 0.026621
0 0.256586 0.039834 0.009039 0.029514
0 0.262525 0.048611 0.020403 0.014660
0 0.219331 0.102527 0.020790 0.028742
0 0.196152 0.079090 0.004907 0.010031
0 0.182658 0.029417 0.012525 0.024113
0 0.208936 0.023534 0.013430 0.026234
0 0.203900 0.030189 0.015237 0.024112
0 0.184530 0.115547 0.010588 0.025849
0 0.204868 0.080825 0.013043 0.025077
0 0.154765 0.131559 0.018724 0.019290
0 0.163998 0.157408 0.017562 0.027778
0 0.208678 0.147955 0.023244 0.020448
0 0.201705 0.190105 0.012397 0.031829
0 0.262461 0.132137 0.018208 0.015818
0 0.278344 0.139853 0.015625 0.026621
0 0.236442 0.191262 0.014721 0.012153
0 0.312177 0.197338 0.012526 0.025848
0 0.322960 0.176215 0.011622 0.025270
0 0.160705 0.027778 0.026988 0.023920
0 0.160060 0.024498 0.020015 0.015047
0 0.143531 0.027875 0.022082 0.015625
0 0.129132 0.032793 0.023244 0.015432
0 0.135589 0.042149 0.021178 0.013310
0 0.122934 0.038484 0.020662 0.022956
0 0.116607 0.045910 0.026601 0.013889
0 0.127841 0.057099 0.020144 0.016204
0 0.116026 0.057870 0.027505 0.015432
0 0.111893 0.079476 0.019757 0.013117
0 0.134362 0.103684 0.013559 0.025655
0 0.132296 0.118441 0.017174 0.027778
0 0.115250 0.091242 0.010977 0.025848
0 0.104920 0.090760 0.015109 0.023341
0 0.107309 0.113908 0.019370 0.024885
0 0.193052 0.247685 0.018337 0.016975
0 0.170713 0.239487 0.015496 0.026427
0 0.135524 0.270255 0.022082 0.015818
0 0.156896 0.288388 0.014721 0.029707
0 0.196087 0.276620 0.014850 0.011574
0 0.261041 0.328511 0.017174 0.018132
0 0.301201 0.319155 0.017432 0.018711
0 0.281315 0.261864 0.016917 0.027199
0 0.258523 0.224151 0.017562 0.018518
0 0.320118 0.288484 0.010589 0.028743
0 0.243479 0.345679 0.023890 0.032407
0 0.193698 0.341628 0.024277 0.020448
0 0.154313 0.338155 0.013172 0.029707
0 0.132232 0.316165 0.009297 0.033565
0 0.102531 0.274016 0.010848 0.030672
0 0.097495 0.307292 0.011622 0.026620
0 0.101369 0.220775 0.014204 0.025270
0 0.097753 0.201485 0.011105 0.025270
0 0.132296 0.145641 0.020274 0.014275
0 0.126420 0.158082 0.012139 0.028356
0 0.105565 0.142844 0.016917 0.030285
0 0.107954 0.141976 0.021695 0.017747
0 0.122676 0.320891 0.009814 0.031057
0 0.098915 0.342978 0.011880 0.029321
0 0.118285 0.340471 0.007748 0.022762
0 0.099948 0.371142 0.011881 0.024692
0 0.105307 0.350695 0.021048 0.019291
0 0.109052 0.397762 0.010976 0.024691
0 0.100917 0.393808 0.011235 0.025656
0 0.101433 0.403935 0.020532 0.016204
0 0.119964 0.420042 0.010072 0.030286
0 0.099238 0.445409 0.013559 0.023534
0 0.100981 0.467496 0.019629 0.022570
0 0.099625 0.483893 0.016917 0.019869
0 0.114928 0.478395 0.013946 0.027778
0 0.095623 0.497974 0.016141 0.021798
0 0.142820 0.465760 0.011880 0.031058
0 0.126937 0.500386 0.009556 0.030864
0 0.133652 0.532504 0.017304 0.027585
0 0.163482 0.443287 0.012397 0.030093
0 0.176911 0.475020 0.010847 0.034915
0 0.164385 0.531636 0.006973 0.022377
0 0.201188 0.508487 0.019112 0.018519
0 0.236376 0.472415 0.021565 0.019676
0 0.220428 0.383101 0.018853 0.021605
0 0.196862 0.402778 0.013300 0.020062
0 0.175103 0.389468 0.012913 0.031250
0 0.258523 0.470004 0.011363 0.026042
0 0.336131 0.441743 0.017820 0.016975
0 0.288740 0.526042 0.013429 0.023534
0 0.228112 0.557484 0.019241 0.016975
0 0.208161 0.534626 0.011364 0.024498
0 0.187177 0.522280 0.017174 0.021412
0 0.188920 0.550926 0.009039 0.023920
0 0.163159 0.548997 0.010718 0.017747
0 0.225077 0.594136 0.013172 0.025463
0 0.266335 0.580826 0.022082 0.019676
0 0.293905 0.601659 0.023760 0.020448
0 0.314114 0.549479 0.011493 0.027971
0 0.276537 0.614004 0.016400 0.015046
0 0.240638 0.628666 0.022082 0.021219
0 0.186015 0.629244 0.020790 0.020062
0 0.155346 0.608603 0.016270 0.015047
0 0.148890 0.603105 0.013171 0.026813
0 0.139850 0.660879 0.015238 0.016204
0 0.153022 0.732446 0.012139 0.028936
0 0.120803 0.727045 0.021049 0.018132
0 0.095235 0.682002 0.017433 0.026813
0 0.100465 0.705439 0.011363 0.025849
0 0.104145 0.659530 0.025956 0.021991
0 0.114863 0.656057 0.017949 0.015046
0 0.134620 0.640046 0.010977 0.020061
0 0.126679 0.614486 0.010072 0.027199
0 0.123838 0.584780 0.014205 0.031057
0 0.100400 0.536266 0.016400 0.017747
0 0.108665 0.533372 0.018466 0.020447
0 0.099625 0.555748 0.016917 0.014275
0 0.104855 0.563465 0.009814 0.031250
0 0.094396 0.571952 0.010072 0.026621
0 0.097237 0.596547 0.019369 0.025270
0 0.102853 0.606482 0.017691 0.013889
0 0.094267 0.622974 0.011881 0.027585
0 0.231146 0.753858 0.018078 0.017746
0 0.214230 0.767168 0.015754 0.035108
0 0.157283 0.798418 0.020144 0.025077
0 0.147792 0.768229 0.018208 0.021412
0 0.100981 0.772570 0.021694 0.017361
0 0.093169 0.774499 0.016916 0.026620
0 0.096139 0.804109 0.019241 0.022184
0 0.113959 0.793500 0.022856 0.024113
0 0.104080 0.817901 0.027893 0.016204
0 0.131457 0.831308 0.015496 0.035686
0 0.125904 0.823013 0.017304 0.021026
0 0.153538 0.843846 0.010589 0.033757
0 0.142110 0.862269 0.014075 0.014660
0 0.170326 0.823302 0.013171 0.031636
0 0.153022 0.894675 0.009556 0.029321
0 0.169034 0.900078 0.012138 0.029321
0 0.140818 0.873457 0.022857 0.020062
0 0.187242 0.864391 0.012397 0.029707
0 0.183238 0.898244 0.016271 0.019097
0 0.194473 0.906925 0.021178 0.024884
0 0.228241 0.838445 0.016917 0.026814
0 0.270661 0.818383 0.013947 0.027971
0 0.318311 0.807195 0.017820 0.022956
0 0.285898 0.877314 0.012913 0.025463
0 0.316245 0.912037 0.018853 0.017746
0 0.304752 0.911748 0.018595 0.015239
0 0.278797 0.898823 0.008007 0.027971
0 0.266012 0.895158 0.010847 0.036072
0 0.246384 0.890046 0.011880 0.033179
0 0.247417 0.914544 0.021694 0.014275
0 0.103693 0.887346 0.012138 0.033179
0 0.095299 0.867477 0.010847 0.032022
0 0.122030 0.901042 0.014204 0.032793
0 0.129003 0.851948 0.017303 0.019097
0 0.143207 0.898341 0.014721 0.038194
0 0.127841 0.885224 0.011364 0.032022
0 0.104791 0.829861 0.016399 0.014660
0 0.475013 0.743634 0.025956 0.021991
0 0.365316 0.788966 0.022469 0.020834
0 0.402763 0.852045 0.015755 0.025849
0 0.358407 0.829090 0.019499 0.018519
0 0.385201 0.889757 0.009039 0.017555
0 0.362603 0.874229 0.026859 0.018519
0 0.355953 0.912905 0.016400 0.028357
0 0.373321 0.905479 0.020919 0.029321
0 0.399987 0.883584 0.020532 0.022956
0 0.455837 0.845486 0.021694 0.015818
0 0.463972 0.904803 0.011622 0.025270
0 0.449057 0.906154 0.014592 0.021026
0 0.441632 0.874614 0.019628 0.016204
0 0.532025 0.893904 0.024277 0.018519
0 0.555204 0.910204 0.016917 0.016011
0 0.545068 0.909336 0.014721 0.023148
0 0.646436 0.692322 0.020661 0.018904
0 0.646887 0.785686 0.019499 0.016589
0 0.623192 0.774691 0.023244 0.019290
0 0.614282 0.813465 0.018853 0.015817
0 0.564953 0.875579 0.026601 0.021991
0 0.585292 0.907407 0.013042 0.021605
0 0.692213 0.326292 0.014850 0.030286
0 0.616865 0.552083 0.015754 0.028550
0 0.580901 0.522376 0.018725 0.014661
0 0.567020 0.423804 0.024535 0.023534
0 0.579868 0.358893 0.014850 0.035301
0 0.498515 0.236304 0.023632 0.025078
0 0.444667 0.300540 0.014333 0.031636
0 0.374418 0.287423 0.007877 0.031636
0 0.651085 0.210263 0.020145 0.014660
0 0.600013 0.191165 0.017691 0.023534
0 0.608472 0.371431 0.010847 0.024884
0 0.125581 0.570120 0.010202 0.026042
