0 0.358213 0.483314 0.009298 0.025270
0 0.264980 0.455151 0.006715 0.021027
0 0.287771 0.646316 0.014333 0.022570
0 0.251162 0.545911 0.008523 0.030864
0 0.191180 0.530479 0.020274 0.012345
0 0.223528 0.578704 0.005940 0.023148
0 0.397211 0.580825 0.010847 0.022763
0 0.260266 0.602045 0.019498 0.016590
0 0.238378 0.620178 0.014980 0.013503
0 0.232955 0.646702 0.010847 0.016783
0 0.355113 0.665316 0.020661 0.015047
0 0.401084 0.670621 0.012913 0.027971
0 0.511235 0.668403 0.016787 0.017361
0 0.489023 0.701968 0.012655 0.022763
0 0.495352 0.527971 0.010331 0.021219
0 0.542162 0.426119 0.012010 0.021219
0 0.539062 0.388889 0.019499 0.012346
0 0.277634 0.320602 0.017045 0.026234
0 0.266142 0.314429 0.010589 0.022377
0 0.235795 0.363908 0.010847 0.029128
0 0.179107 0.400077 0.012655 0.031636
0 0.152506 0.412230 0.014721 0.026620
0 0.139463 0.391686 0.013430 0.029128
0 0.111053 0.352624 0.010847 0.023919
0 0.503486 0.309414 0.017304 0.015432
0 0.527635 0.722897 0.012397 0.029129
0 0.329352 0.728492 0.021565 0.018711
0 0.284608 0.726659 0.020145 0.018904
0 0.228564 0.665509 0.020144 0.020833
0 0.159027 0.593075 0.017433 0.018326
0 0.150762 0.512249 0.015367 0.032600
0 0.178267 0.495563 0.015367 0.025077
0 0.154830 0.479745 0.012655 0.024306
0 0.102724 0.525559 0.013817 0.040317
0 0.140755 0.602720 0.010847 0.026042
0 0.099754 0.676504 0.019241 0.018904
0 0.094331 0.692516 0.019241 0.017747
0 0.091167 0.712095 0.014463 0.020641
0 0.090393 0.742477 0.014980 0.020447
0 0.121643 0.730709 0.008265 0.029321
0 0.097495 0.778164 0.016270 0.013889
0 0.088973 0.792438 0.016787 0.018518
0 0.143531 0.839506 0.011751 0.029321
0 0.161158 0.872203 0.008781 0.028742
0 0.176524 0.863522 0.010072 0.027585
0 0.196152 0.842593 0.010072 0.026234
0 0.252066 0.832175 0.014463 0.025463
0 0.285899 0.800251 0.021178 0.020640
0 0.317795 0.757138 0.017821 0.016589
0 0.111118 0.642458 0.009427 0.025655
0 0.096009 0.658950 0.019499 0.014661
0 0.106728 0.585166 0.009685 0.022570
0 0.087681 0.608700 0.010072 0.027971
0 0.088714 0.626447 0.013172 0.037230
0 0.087294 0.646219 0.011363 0.020833
0 0.105501 0.618634 0.014721 0.009645
0 0.101562 0.637346 0.013042 0.023149
0 0.123193 0.607639 0.008781 0.027778
0 0.106663 0.460070 0.019628 0.011189
0 0.101950 0.482253 0.012268 0.009260
0 0.100982 0.496335 0.022727 0.015818
0 0.089360 0.441454 0.007231 0.024113
0 0.200542 0.509645 0.008006 0.018518
0 0.121384 0.422068 0.011364 0.028549
0 0.308691 0.840278 0.021049 0.020062
0 0.345429 0.164352 0.015754 0.014661
0 0.376549 0.182195 0.008781 0.025656
0 0.359762 0.195312 0.011880 0.014468
0 0.336389 0.152778 0.011106 0.006944
0 0.351046 0.223669 0.015883 0.020255
0 0.297391 0.281443 0.011622 0.015818
0 0.289062 0.247492 0.019499 0.014274
0 0.195441 0.239583 0.006328 0.031636
0 0.168130 0.258777 0.011880 0.016011
0 0.158058 0.231674 0.008781 0.023534
0 0.189501 0.172357 0.014075 0.016010
0 0.113765 0.266011 0.023503 0.015046
0 0.104984 0.320409 0.023502 0.017362
0 0.449574 0.187500 0.017174 0.008488
0 0.250323 0.145448 0.020532 0.010031
0 0.399729 0.164159 0.014592 0.015046
0 0.403151 0.182677 0.011364 0.021991
0 0.166968 0.175830 0.009556 0.019483
0 0.431818 0.106868 0.025310 0.021605
0 0.726240 0.172261 0.013430 0.033565
0 0.748450 0.076871 0.009297 0.022569
0 0.768466 0.079572 0.017304 0.015625
0 0.808755 0.123071 0.012138 0.030093
0 0.821022 0.037423 0.012397 0.027006
0 0.840651 0.046296 0.010330 0.023148
0 0.849884 0.034240 0.015367 0.029128
0 0.867962 0.053530 0.017175 0.021412
0 0.860408 0.097511 0.011622 0.020640
0 0.766077 0.130979 0.013042 0.009645
0 0.695377 0.100501 0.015754 0.015047
0 0.667355 0.117380 0.014979 0.013310
0 0.696345 0.129630 0.013043 0.012345
0 0.778022 0.195120 0.009556 0.026041
0 0.812887 0.217014 0.012139 0.025078
0 0.849819 0.150463 0.011105 0.022376
0 0.848011 0.199653 0.008523 0.020448
0 0.653409 0.089506 0.009298 0.020833
0 0.673102 0.052276 0.015108 0.015046
0 0.594654 0.024788 0.011622 0.024884
0 0.712681 0.279514 0.015238 0.025078
0 0.753358 0.299382 0.012913 0.021605
0 0.775310 0.290992 0.017045 0.012153
0 0.826317 0.239679 0.013172 0.023341
0 0.870222 0.205825 0.019370 0.025077
0 0.890625 0.232446 0.011622 0.032022
0 0.911932 0.072820 0.010330 0.025270
0 0.323089 0.014660 0.018078 0.016975
0 0.344847 0.020737 0.014333 0.019869
0 0.319602 0.048997 0.015754 0.007716
0 0.329094 0.063851 0.025697 0.012731
0 0.358858 0.071952 0.021435 0.015818
0 0.367123 0.042342 0.016788 0.016011
0 0.388107 0.013407 0.020532 0.013696
0 0.368801 0.019386 0.016012 0.016396
0 0.273890 0.023341 0.009039 0.026620
0 0.253615 0.021894 0.009297 0.026042
0 0.284801 0.017940 0.011235 0.015818
0 0.568698 0.515432 0.017562 0.015432
0 0.627841 0.582272 0.020145 0.019483
0 0.653668 0.540895 0.023761 0.014660
0 0.643854 0.419850 0.008781 0.030286
0 0.600917 0.400077 0.016400 0.013118
0 0.680979 0.322048 0.010460 0.023727
0 0.685369 0.406250 0.017433 0.017746
0 0.685304 0.439140 0.018337 0.015625
0 0.727337 0.524306 0.020274 0.020061
0 0.700414 0.633198 0.014463 0.027971
0 0.652635 0.664930 0.020145 0.012732
0 0.612668 0.729360 0.023115 0.019676
0 0.632942 0.697820 0.017433 0.020255
0 0.699897 0.682099 0.017045 0.016204
0 0.728177 0.662133 0.009555 0.019869
0 0.738249 0.581115 0.011622 0.027971
0 0.765238 0.577257 0.013947 0.034915
0 0.721010 0.709491 0.020274 0.020062
0 0.707774 0.767072 0.016788 0.026042
0 0.633393 0.769387 0.010589 0.021412
0 0.568828 0.771219 0.020919 0.018518
0 0.598270 0.827932 0.021436 0.019290
0 0.541064 0.843557 0.019628 0.014274
0 0.490573 0.814814 0.022985 0.016975
0 0.417872 0.796875 0.024277 0.018904
0 0.371513 0.765240 0.018337 0.018133
0 0.395209 0.847511 0.016400 0.017939
0 0.420842 0.843846 0.013171 0.017554
0 0.852660 0.355131 0.008522 0.025077
0 0.892821 0.336034 0.006715 0.020062
0 0.881069 0.332369 0.011622 0.027392
0 0.909220 0.402103 0.012139 0.028357
0 0.917356 0.387056 0.008265 0.021798
0 0.884104 0.400366 0.012784 0.012925
0 0.918260 0.350598 0.016787 0.023342
0 0.913934 0.355035 0.013043 0.019483
0 0.912836 0.293307 0.007490 0.027199
0 0.903474 0.310089 0.008652 0.027971
0 0.875258 0.293210 0.012913 0.030092
0 0.839424 0.293981 0.009943 0.020834
0 0.853564 0.312886 0.018078 0.011574
0 0.835937 0.314333 0.012525 0.017554
0 0.806947 0.337191 0.008006 0.020062
0 0.783316 0.306906 0.008264 0.025078
0 0.811532 0.411265 0.011234 0.026234
0 0.883071 0.455439 0.021049 0.017361
0 0.914450 0.451004 0.016658 0.010031
0 0.913352 0.427276 0.019369 0.011188
0 0.883393 0.434607 0.008007 0.025849
0 0.891852 0.488040 0.012784 0.030092
0 0.886235 0.529321 0.007489 0.026235
0 0.834969 0.560764 0.011364 0.024306
0 0.795971 0.524209 0.011880 0.033372
0 0.768078 0.498746 0.009815 0.013310
0 0.920777 0.493055 0.016400 0.013889
0 0.916775 0.484471 0.015108 0.017554
0 0.914967 0.504822 0.017691 0.021991
0 0.916193 0.525270 0.010072 0.028936
0 0.920777 0.561729 0.016400 0.021605
0 0.921487 0.593268 0.017046 0.024498
0 0.850723 0.608796 0.017562 0.013117
0 0.789256 0.561439 0.013429 0.016397
0 0.563856 0.036844 0.010459 0.027392
0 0.536609 0.028260 0.015367 0.021798
0 0.561596 0.089506 0.008522 0.023920
0 0.527893 0.103202 0.017562 0.020447
0 0.581353 0.125000 0.016529 0.012346
0 0.533639 0.128086 0.014850 0.009259
0 0.524858 0.032697 0.008136 0.025270
0 0.526666 0.037712 0.009427 0.020640
0 0.513817 0.033275 0.006456 0.021027
0 0.505036 0.031636 0.007490 0.026235
0 0.485860 0.033275 0.009427 0.027971
0 0.674006 0.032215 0.014592 0.016589
0 0.685369 0.031346 0.010459 0.016396
0 0.692214 0.037037 0.014075 0.008488
0 0.700736 0.035398 0.014592 0.014468
0 0.748579 0.041667 0.016787 0.017747
0 0.754907 0.032215 0.012397 0.012732
0 0.769757 0.033083 0.011622 0.014467
0 0.786286 0.027392 0.016787 0.013118
0 0.216168 0.028742 0.008781 0.025077
0 0.227402 0.029996 0.006456 0.022184
0 0.231663 0.027778 0.004132 0.018519
0 0.237281 0.032793 0.006069 0.022377
0 0.245158 0.022569 0.010459 0.015047
0 0.253293 0.042921 0.011235 0.023341
0 0.258459 0.028742 0.009685 0.021219
0 0.269305 0.023148 0.014850 0.013889
0 0.357825 0.126929 0.019370 0.016976
0 0.372934 0.100308 0.017045 0.013117
0 0.405023 0.098958 0.019499 0.015047
0 0.441245 0.070023 0.011622 0.014274
0 0.438727 0.029032 0.013301 0.017940
0 0.449638 0.027874 0.013946 0.018711
0 0.477466 0.015432 0.012526 0.009260
0 0.405605 0.035301 0.008523 0.025077
0 0.356147 0.042824 0.008781 0.024692
0 0.204287 0.063175 0.016013 0.014468
0 0.250581 0.088734 0.018724 0.016975
0 0.196797 0.137635 0.010847 0.025270
0 0.187306 0.148341 0.008135 0.019676
0 0.148308 0.096547 0.017175 0.019097
0 0.140690 0.112944 0.007360 0.027970
0 0.144757 0.127315 0.010072 0.033950
0 0.130940 0.124325 0.008264 0.026042
0 0.118931 0.131173 0.017820 0.012346
0 0.107955 0.137827 0.017562 0.015625
0 0.131844 0.024884 0.012654 0.028164
0 0.139205 0.056617 0.008781 0.013696
0 0.166516 0.029900 0.018724 0.025849
0 0.176136 0.036362 0.017045 0.024884
0 0.155217 0.070601 0.009814 0.021605
0 0.188017 0.016782 0.017562 0.009645
0 0.203060 0.024402 0.008911 0.021798
0 0.203254 0.025945 0.014979 0.017940
0 0.184465 0.029032 0.014592 0.017940
0 0.299716 0.019869 0.018853 0.015818
0 0.108083 0.050926 0.010589 0.028549
0 0.111247 0.068576 0.008652 0.022955
0 0.123386 0.050540 0.018466 0.009260
0 0.125194 0.043981 0.022082 0.012345
0 0.132360 0.042824 0.012138 0.008488
0 0.104920 0.080632 0.009426 0.025463
0 0.105113 0.113426 0.008781 0.019290
0 0.104533 0.102817 0.015367 0.029707
0 0.131844 0.191262 0.010072 0.021412
0 0.859827 0.688272 0.020532 0.016203
0 0.879390 0.687596 0.014463 0.033757
0 0.840005 0.718171 0.019887 0.015818
0 0.862474 0.775849 0.011106 0.031636
0 0.775310 0.772763 0.016528 0.013889
0 0.778345 0.796489 0.017949 0.016590
0 0.799780 0.835166 0.011235 0.026427
0 0.895920 0.759549 0.013946 0.033757
0 0.917420 0.770447 0.017432 0.016975
0 0.915806 0.814043 0.009298 0.029321
0 0.928589 0.799865 0.014721 0.021798
0 0.918646 0.794754 0.017045 0.021605
0 0.910382 0.892554 0.007231 0.025077
0 0.877841 0.897280 0.009298 0.023341
0 0.862345 0.905575 0.009298 0.017554
0 0.852596 0.895930 0.009943 0.029900
0 0.845429 0.835359 0.011622 0.032214
0 0.812887 0.845582 0.013688 0.014853
0 0.840651 0.896219 0.010331 0.027006
0 0.793711 0.904031 0.019240 0.022184
0 0.780539 0.899113 0.011493 0.018132
0 0.769564 0.887828 0.015883 0.018325
0 0.921423 0.702450 0.020274 0.016782
0 0.916968 0.668789 0.016787 0.013503
0 0.915289 0.649209 0.020145 0.015625
0 0.922262 0.623167 0.017046 0.019483
0 0.768789 0.818094 0.019240 0.015818
0 0.782412 0.829379 0.015238 0.017554
0 0.747482 0.899017 0.009943 0.023727
0 0.721978 0.898245 0.010072 0.024499
0 0.698476 0.896027 0.010589 0.029707
0 0.686725 0.893808 0.009298 0.030285
0 0.663869 0.897570 0.014204 0.029707
0 0.618608 0.863426 0.018724 0.016976
0 0.624613 0.901428 0.010589 0.025849
0 0.602789 0.895833 0.009298 0.031635
0 0.580836 0.898341 0.010331 0.032022
0 0.575929 0.891686 0.010331 0.023727
0 0.569344 0.895255 0.008006 0.031250
0 0.567343 0.880883 0.014333 0.018325
0 0.545067 0.901138 0.008006 0.026428
0 0.557980 0.895833 0.006973 0.024691
0 0.535640 0.902778 0.008265 0.027006
0 0.527892 0.898245 0.011363 0.028357
0 0.506328 0.897762 0.012655 0.031636
0 0.429235 0.904128 0.020661 0.025077
0 0.402440 0.899595 0.019241 0.027971
0 0.385718 0.890914 0.016788 0.026041
0 0.361182 0.892361 0.012655 0.035494
0 0.352595 0.864969 0.017950 0.019290
0 0.341942 0.868248 0.011880 0.033565
0 0.355630 0.819444 0.010847 0.024692
0 0.342265 0.910012 0.014334 0.020255
0 0.350207 0.903935 0.016012 0.016204
0 0.305656 0.905285 0.007490 0.025849
0 0.297004 0.898727 0.009814 0.024305
0 0.279249 0.905285 0.009943 0.025849
0 0.266400 0.903357 0.015754 0.025077
0 0.244899 0.907986 0.020532 0.018904
0 0.183045 0.904996 0.012526 0.021798
0 0.155152 0.898727 0.017175 0.012732
0 0.140044 0.904128 0.006586 0.015818
0 0.131844 0.897955 0.009040 0.023534
0 0.108471 0.875771 0.016528 0.021605
0 0.117445 0.894290 0.009943 0.029321
0 0.105243 0.891782 0.013688 0.031250
0 0.089811 0.845100 0.012785 0.024306
0 0.087035 0.865259 0.012396 0.020255
0 0.092588 0.879051 0.013172 0.022763
0 0.102466 0.430459 0.018466 0.016011
0 0.107438 0.416281 0.007748 0.020062
0 0.110925 0.435378 0.014721 0.011960
0 0.099303 0.379340 0.016271 0.014082
0 0.109375 0.373263 0.018854 0.009645
0 0.093492 0.364101 0.009814 0.021798
0 0.100271 0.304784 0.011493 0.022376
0 0.100723 0.252314 0.016529 0.017747
0 0.098657 0.202836 0.007748 0.026814
0 0.114863 0.222897 0.017949 0.013310
0 0.106341 0.194155 0.009685 0.021026
0 0.110279 0.173226 0.016529 0.010803
0 0.104985 0.185860 0.016787 0.013310
0 0.102918 0.148148 0.010589 0.016975
0 0.115960 0.152971 0.018595 0.010417
0 0.630940 0.189139 0.009298 0.023341
0 0.594654 0.232446 0.018336 0.018904
0 0.564889 0.147376 0.021565 0.017747
0 0.829417 0.192902 0.010589 0.022377
0 0.887849 0.190393 0.014333 0.015817
0 0.804171 0.021991 0.018466 0.010802
0 0.890755 0.055556 0.008781 0.027778
0 0.889592 0.101273 0.013688 0.013503
0 0.882554 0.116319 0.012784 0.017361
0 0.890818 0.122685 0.011751 0.011574
0 0.912964 0.147762 0.010847 0.020062
0 0.917678 0.180845 0.010718 0.022569
0 0.917872 0.183546 0.007232 0.023341
0 0.908252 0.201003 0.016659 0.011574
0 0.909995 0.230903 0.019370 0.021219
0 0.917678 0.245756 0.012267 0.011574
0 0.694086 0.230806 0.017304 0.014467
0 0.751162 0.251929 0.011622 0.023148
0 0.876872 0.040123 0.012009 0.025463
0 0.879003 0.050058 0.009040 0.019097
