0 0.670325 0.528742 0.015238 0.018132
0 0.709129 0.681423 0.011234 0.023727
0 0.712681 0.566165 0.012655 0.028164
0 0.577802 0.628279 0.019240 0.014275
0 0.565018 0.656443 0.018466 0.027392
0 0.480695 0.672454 0.011751 0.013889
0 0.816890 0.689526 0.008265 0.020641
0 0.854468 0.624421 0.017820 0.030478
0 0.882232 0.630402 0.010331 0.030093
0 0.842072 0.555073 0.014205 0.016783
0 0.798489 0.539834 0.012267 0.010996
0 0.793776 0.500000 0.008523 0.014661
0 0.880294 0.528550 0.009039 0.018518
0 0.886428 0.499132 0.012784 0.025656
0 0.908187 0.491802 0.010072 0.029900
0 0.935176 0.516590 0.009814 0.027778
0 0.910640 0.596933 0.011363 0.024113
0 0.935950 0.674865 0.017562 0.013310
0 0.920325 0.669946 0.006973 0.021220
0 0.873515 0.689140 0.014592 0.016397
0 0.930656 0.731096 0.017304 0.013889
0 0.867252 0.733989 0.013946 0.011188
0 0.900697 0.755594 0.015238 0.018132
0 0.939179 0.764950 0.010072 0.022956
0 0.938469 0.846354 0.015625 0.016782
0 0.897147 0.852334 0.017691 0.022956
0 0.929688 0.880980 0.017691 0.012732
0 0.894370 0.911266 0.015496 0.014660
0 0.870029 0.907407 0.017174 0.020833
0 0.824057 0.917149 0.012784 0.013696
0 0.807206 0.907986 0.007489 0.022762
0 0.802040 0.902199 0.006973 0.023534
0 0.772081 0.895737 0.010073 0.029514
0 0.833354 0.853202 0.019499 0.015046
0 0.753810 0.859954 0.009943 0.025463
0 0.696539 0.905961 0.009814 0.025270
0 0.722882 0.913580 0.014979 0.018519
0 0.659866 0.920139 0.013946 0.014661
0 0.665160 0.855807 0.010072 0.027585
0 0.641852 0.897666 0.010718 0.027971
0 0.644111 0.914448 0.016012 0.023727
0 0.556883 0.919850 0.015108 0.017554
0 0.556948 0.897859 0.014721 0.023727
0 0.525826 0.854649 0.019628 0.014853
0 0.499935 0.851466 0.016141 0.013888
0 0.466297 0.853684 0.018853 0.021798
0 0.495739 0.827546 0.014204 0.020833
0 0.529055 0.902970 0.009556 0.024305
0 0.535705 0.913098 0.010718 0.018711
0 0.522017 0.914352 0.017433 0.015432
0 0.451898 0.913580 0.017691 0.014660
0 0.475012 0.920621 0.013817 0.016782
0 0.487345 0.915220 0.013946 0.016010
0 0.482438 0.914448 0.009298 0.023727
0 0.398115 0.921104 0.016270 0.011189
0 0.407993 0.916088 0.010718 0.019676
0 0.402957 0.921200 0.010718 0.014082
0 0.369706 0.895833 0.014721 0.016204
0 0.360602 0.861882 0.014592 0.017747
0 0.352015 0.835262 0.019628 0.015432
0 0.343879 0.876929 0.017304 0.013888
0 0.346720 0.906732 0.012655 0.022183
0 0.355630 0.911265 0.009814 0.024691
0 0.337809 0.912809 0.008781 0.014660
0 0.305462 0.919753 0.012784 0.012346
0 0.241348 0.917632 0.013688 0.017361
0 0.228693 0.910880 0.009556 0.022377
0 0.257554 0.915798 0.011234 0.023341
0 0.257360 0.871046 0.009555 0.024884
0 0.251549 0.894772 0.011363 0.029128
0 0.270338 0.911844 0.016400 0.021220
0 0.274147 0.908469 0.010589 0.027199
0 0.280088 0.828125 0.019370 0.015046
0 0.264657 0.800540 0.015108 0.014660
0 0.281315 0.799962 0.014850 0.015046
0 0.296165 0.749421 0.018208 0.018904
0 0.320377 0.776331 0.015238 0.017168
0 0.334259 0.751833 0.013817 0.016397
0 0.359504 0.737750 0.012914 0.015625
0 0.250193 0.695987 0.011235 0.021605
0 0.212681 0.778260 0.008006 0.024499
0 0.165677 0.793210 0.011105 0.018518
0 0.184723 0.754147 0.010202 0.019483
0 0.137396 0.735243 0.010331 0.026813
0 0.148309 0.807388 0.009168 0.031442
0 0.139850 0.853203 0.011622 0.029707
0 0.154055 0.880980 0.008006 0.028164
0 0.155604 0.907600 0.011105 0.019676
0 0.159866 0.913677 0.017045 0.019869
0 0.165741 0.916474 0.011235 0.008102
0 0.192213 0.898245 0.017691 0.023727
0 0.187242 0.917631 0.014463 0.011960
0 0.276602 0.597704 0.008781 0.024112
0 0.255552 0.523920 0.015238 0.018519
0 0.321281 0.535108 0.010848 0.023148
0 0.353112 0.521605 0.012784 0.021605
0 0.443763 0.522569 0.009684 0.010417
0 0.417291 0.459780 0.016916 0.015625
0 0.422650 0.394675 0.013172 0.025463
0 0.376743 0.384259 0.014334 0.013118
0 0.424586 0.319734 0.014463 0.017169
0 0.378164 0.327160 0.020273 0.016203
0 0.389140 0.336420 0.018207 0.012346
0 0.304688 0.337384 0.015883 0.012731
0 0.291064 0.361786 0.010331 0.021797
0 0.268918 0.317130 0.017692 0.014661
0 0.249871 0.364583 0.008522 0.020062
0 0.301395 0.455537 0.012397 0.024113
0 0.278022 0.467207 0.012139 0.026234
0 0.242768 0.491995 0.011363 0.029129
0 0.204481 0.461805 0.014333 0.016975
0 0.185692 0.516589 0.010330 0.028550
0 0.191245 0.470583 0.010072 0.023341
0 0.212680 0.430169 0.011105 0.021605
0 0.215521 0.386092 0.009039 0.021027
0 0.201963 0.379437 0.010330 0.018904
0 0.194602 0.354456 0.010072 0.022570
0 0.204803 0.328414 0.010847 0.022184
0 0.147082 0.376543 0.016787 0.020061
0 0.146307 0.417053 0.017303 0.014661
0 0.149664 0.471644 0.017821 0.018905
0 0.150439 0.494213 0.021952 0.017746
0 0.152506 0.533661 0.009039 0.021027
0 0.141529 0.567805 0.015496 0.021798
0 0.140883 0.586612 0.015754 0.013503
0 0.161867 0.626157 0.010718 0.019291
0 0.156057 0.672840 0.016142 0.021605
0 0.135847 0.710262 0.012397 0.015432
0 0.138043 0.649402 0.007490 0.016397
0 0.140754 0.647184 0.016013 0.013503
0 0.140883 0.627314 0.013688 0.020833
0 0.140625 0.608410 0.015237 0.012345
0 0.394821 0.721354 0.017691 0.020255
0 0.398567 0.772955 0.013300 0.030478
0 0.451124 0.763310 0.018724 0.023534
0 0.148954 0.441743 0.018466 0.013117
0 0.150116 0.433835 0.018208 0.013503
0 0.181624 0.268132 0.016658 0.013889
0 0.144822 0.271219 0.015883 0.016975
0 0.227209 0.273920 0.011751 0.016976
0 0.241671 0.270448 0.016916 0.016203
0 0.240186 0.241030 0.010330 0.023726
0 0.258393 0.228878 0.008007 0.019869
0 0.298360 0.205343 0.016400 0.021027
0 0.285576 0.253472 0.017432 0.016204
0 0.327867 0.260803 0.007489 0.016975
0 0.373967 0.254823 0.017562 0.015047
0 0.395403 0.225984 0.014462 0.012153
0 0.309789 0.231289 0.020919 0.016589
0 0.339424 0.198109 0.010202 0.015046
0 0.350078 0.202932 0.011105 0.023148
0 0.367962 0.198302 0.019757 0.016975
0 0.373451 0.161940 0.014979 0.020640
0 0.393725 0.144386 0.014721 0.024885
0 0.404700 0.143519 0.011880 0.024692
0 0.448024 0.261671 0.014076 0.016011
0 0.522405 0.222994 0.018725 0.012346
0 0.520919 0.166088 0.009297 0.018904
0 0.547392 0.160398 0.011105 0.022184
0 0.534930 0.200810 0.017691 0.022762
0 0.564825 0.214313 0.014463 0.015046
0 0.603951 0.205440 0.008007 0.018904
0 0.588714 0.234471 0.014721 0.019097
0 0.594396 0.259066 0.020919 0.015818
0 0.631908 0.236497 0.016917 0.014660
0 0.651472 0.257812 0.011106 0.029899
0 0.674522 0.194059 0.015367 0.014661
0 0.715264 0.243828 0.017821 0.013117
0 0.725917 0.247396 0.011751 0.016782
0 0.659930 0.161458 0.013042 0.015046
0 0.594137 0.181713 0.016787 0.013888
0 0.688469 0.164737 0.022081 0.013889
0 0.662255 0.117188 0.012525 0.014468
0 0.633071 0.109953 0.013559 0.018518
0 0.588650 0.133970 0.013817 0.019483
0 0.610924 0.117091 0.014205 0.018905
0 0.619577 0.159336 0.018078 0.014661
0 0.719460 0.124228 0.017949 0.015432
0 0.766981 0.121142 0.013301 0.011574
0 0.782671 0.132234 0.010073 0.026814
0 0.807528 0.149498 0.019499 0.016589
0 0.831418 0.174190 0.017949 0.012732
0 0.800814 0.192516 0.017433 0.016975
0 0.816826 0.202547 0.012268 0.013117
0 0.815858 0.232736 0.010847 0.022569
0 0.822508 0.276428 0.012784 0.013503
0 0.798102 0.302855 0.016658 0.016204
0 0.861441 0.304495 0.008006 0.015239
0 0.869318 0.263696 0.008781 0.026620
0 0.873450 0.266590 0.014980 0.012345
0 0.809014 0.356192 0.010589 0.014082
0 0.807012 0.466146 0.011493 0.020641
0 0.821669 0.476467 0.010073 0.021605
0 0.851111 0.434993 0.016270 0.012731
0 0.857567 0.406250 0.011622 0.022377
0 0.895467 0.405864 0.011751 0.020062
0 0.873127 0.418210 0.009169 0.007716
0 0.906508 0.363908 0.007748 0.023341
0 0.916968 0.349730 0.010072 0.021220
0 0.934014 0.346451 0.009039 0.023919
0 0.913676 0.476755 0.013559 0.015625
0 0.930139 0.442901 0.016787 0.014660
0 0.938016 0.479649 0.009298 0.016010
0 0.920842 0.465085 0.009556 0.022762
0 0.924328 0.329090 0.008265 0.020062
0 0.928073 0.314526 0.014721 0.019483
0 0.926783 0.297068 0.012655 0.017747
0 0.925943 0.283758 0.014850 0.015046
0 0.917226 0.269194 0.007490 0.019097
0 0.931431 0.262539 0.012655 0.014275
0 0.928203 0.247878 0.012913 0.011960
0 0.905733 0.262828 0.011363 0.029514
0 0.893789 0.264661 0.008394 0.020833
0 0.855565 0.228202 0.019757 0.015818
0 0.889204 0.217979 0.008781 0.025463
0 0.874354 0.218846 0.010072 0.020255
0 0.870739 0.230034 0.011622 0.020255
0 0.926201 0.228974 0.013817 0.011188
0 0.927751 0.219136 0.010718 0.015432
0 0.901860 0.194155 0.008781 0.025656
0 0.924200 0.207176 0.016271 0.012346
0 0.922198 0.194830 0.015109 0.008488
0 0.859246 0.187597 0.012397 0.014854
0 0.848270 0.162519 0.010073 0.025656
0 0.857696 0.168403 0.009814 0.018133
0 0.868091 0.172743 0.007360 0.017554
0 0.878035 0.149885 0.016658 0.013503
0 0.877196 0.130787 0.010589 0.026234
0 0.887526 0.140047 0.010072 0.020833
0 0.893853 0.146315 0.009814 0.023341
0 0.930333 0.190972 0.010718 0.016204
0 0.924328 0.168982 0.012397 0.012345
0 0.920326 0.157214 0.014205 0.009645
0 0.927234 0.142072 0.013818 0.014853
0 0.922198 0.126351 0.010460 0.021219
0 0.912707 0.084491 0.013947 0.024691
0 0.889592 0.098573 0.012655 0.014275
0 0.919679 0.096837 0.010847 0.016203
0 0.898825 0.130401 0.011235 0.010802
0 0.893272 0.076003 0.011235 0.023920
0 0.882102 0.083816 0.010072 0.022570
0 0.864734 0.092592 0.016658 0.009259
0 0.869447 0.094907 0.008523 0.023149
0 0.854662 0.091821 0.016142 0.013118
0 0.856599 0.100502 0.013042 0.012732
0 0.839876 0.080054 0.009297 0.021991
0 0.832387 0.081790 0.009298 0.023148
0 0.805527 0.108024 0.014980 0.017747
0 0.821539 0.073303 0.010847 0.020062
0 0.796294 0.081115 0.009684 0.021798
0 0.812758 0.080246 0.009814 0.021605
0 0.802621 0.079861 0.011751 0.018518
0 0.798876 0.064043 0.013559 0.007716
0 0.777635 0.072434 0.012913 0.023727
0 0.769821 0.079089 0.015367 0.023149
0 0.733213 0.069348 0.012397 0.018326
0 0.748192 0.067322 0.011880 0.018904
0 0.701510 0.067323 0.013559 0.018133
0 0.693892 0.071374 0.015884 0.020062
0 0.690599 0.077354 0.009814 0.024305
0 0.672004 0.073785 0.010848 0.020255
0 0.680914 0.076871 0.011622 0.022569
0 0.632425 0.063850 0.017949 0.019676
0 0.638172 0.073592 0.012913 0.018326
0 0.612991 0.072338 0.018854 0.020448
0 0.601950 0.066262 0.011493 0.016011
0 0.583742 0.062500 0.012267 0.016204
0 0.563404 0.059317 0.015237 0.014468
0 0.569861 0.094136 0.022985 0.017747
0 0.571927 0.113812 0.018337 0.015432
0 0.521694 0.092496 0.009814 0.020641
0 0.539385 0.104552 0.014721 0.010803
0 0.503874 0.060956 0.017562 0.021605
0 0.479146 0.064140 0.011751 0.023341
0 0.463585 0.094522 0.012914 0.013117
0 0.491090 0.143133 0.009040 0.020834
0 0.481922 0.167921 0.011881 0.021797
0 0.446410 0.166667 0.016271 0.012346
0 0.452480 0.124132 0.008781 0.022183
0 0.431818 0.138214 0.017045 0.016783
0 0.452608 0.061632 0.018337 0.019097
0 0.446281 0.068769 0.007232 0.020255
0 0.432206 0.078414 0.006973 0.024113
0 0.437500 0.077546 0.007748 0.023920
0 0.419034 0.070023 0.009040 0.023534
0 0.411803 0.075039 0.008006 0.025849
0 0.397340 0.061535 0.009040 0.018904
0 0.318052 0.070120 0.008523 0.019869
0 0.303009 0.129051 0.011751 0.008102
0 0.315858 0.103010 0.017045 0.016975
0 0.330966 0.095775 0.011622 0.019483
0 0.370222 0.106963 0.010072 0.023341
0 0.383006 0.115259 0.011364 0.022184
0 0.333226 0.061439 0.011493 0.019483
0 0.344848 0.059800 0.010460 0.016204
0 0.355437 0.073399 0.013300 0.010996
0 0.370481 0.072916 0.017303 0.009259
0 0.370029 0.071566 0.012267 0.021991
0 0.378293 0.069445 0.008136 0.016204
0 0.386751 0.066358 0.011622 0.014660
0 0.281766 0.168210 0.013429 0.010802
0 0.236248 0.168982 0.012268 0.016975
0 0.604145 0.417342 0.014333 0.031828
0 0.694861 0.347222 0.020403 0.014660
0 0.674587 0.299094 0.017046 0.015625
0 0.665289 0.350695 0.014463 0.017747
0 0.679881 0.402874 0.013172 0.019097
0 0.747804 0.371914 0.012655 0.018518
0 0.145920 0.242573 0.013430 0.020255
0 0.143143 0.220293 0.015108 0.023148
0 0.146242 0.195120 0.014592 0.014853
0 0.194344 0.203607 0.011622 0.027199
0 0.200348 0.197338 0.013817 0.018904
0 0.208290 0.183738 0.011105 0.017554
0 0.213326 0.181328 0.018595 0.013117
0 0.142174 0.160687 0.006973 0.018905
0 0.146436 0.171200 0.010330 0.021798
0 0.170326 0.148149 0.016787 0.021605
0 0.212099 0.161652 0.017949 0.010031
0 0.199444 0.155479 0.019241 0.014661
0 0.218104 0.137924 0.009556 0.022762
0 0.179235 0.161072 0.008781 0.020448
0 0.176588 0.114970 0.018466 0.013889
0 0.198928 0.139081 0.014075 0.013503
0 0.155217 0.144097 0.013946 0.011188
0 0.149083 0.118731 0.017174 0.012924
0 0.149535 0.107446 0.016529 0.015046
0 0.243156 0.137732 0.015754 0.010803
0 0.244771 0.128762 0.011751 0.012539
0 0.249548 0.128665 0.018208 0.009645
0 0.238185 0.110533 0.015625 0.014275
0 0.262267 0.110822 0.015755 0.014468
0 0.252906 0.066358 0.013559 0.019290
0 0.214359 0.107157 0.010331 0.026041
0 0.206999 0.128183 0.014205 0.012924
0 0.180850 0.099055 0.008910 0.020640
0 0.229919 0.093461 0.013559 0.014081
0 0.228435 0.066165 0.010072 0.016590
0 0.229274 0.081983 0.016917 0.013504
0 0.205191 0.066069 0.012138 0.015625
0 0.218298 0.056906 0.017433 0.012732
0 0.214101 0.075521 0.011364 0.026041
0 0.181173 0.058257 0.014721 0.013889
0 0.156380 0.079861 0.010589 0.028550
0 0.175878 0.063657 0.012914 0.018518
0 0.169744 0.069251 0.014075 0.017361
0 0.158833 0.081115 0.011363 0.011767
0 0.160770 0.101273 0.011622 0.008874
0 0.164062 0.069155 0.009943 0.017940
