0 0.643982 0.320988 0.020919 0.015432
0 0.708936 0.435571 0.020144 0.020834
0 0.793389 0.382331 0.016529 0.028549
0 0.810950 0.375675 0.012397 0.030671
0 0.826447 0.341628 0.009297 0.028936
0 0.866478 0.334105 0.014979 0.035494
0 0.818311 0.262539 0.015754 0.021991
0 0.788998 0.275270 0.014980 0.020448
0 0.864928 0.179976 0.010847 0.029707
0 0.842072 0.493248 0.022469 0.018133
0 0.887784 0.412616 0.021953 0.018133
0 0.924458 0.318673 0.024019 0.016975
0 0.522598 0.209490 0.020402 0.013117
0 0.556560 0.138503 0.020145 0.013118
0 0.530346 0.089892 0.020919 0.015432
0 0.584839 0.092592 0.022469 0.017747
0 0.610021 0.091146 0.018595 0.024113
0 0.586389 0.044946 0.020403 0.016590
0 0.549200 0.045814 0.024535 0.021412
0 0.650955 0.113040 0.019369 0.016204
0 0.662836 0.155865 0.022985 0.016975
0 0.719783 0.176891 0.014980 0.021219
0 0.697315 0.069059 0.018595 0.015432
0 0.688533 0.050154 0.012397 0.022377
0 0.655604 0.061825 0.019886 0.017168
0 0.647598 0.043210 0.021436 0.016204
0 0.788739 0.047840 0.020661 0.014661
0 0.824380 0.097222 0.017562 0.014660
0 0.794938 0.108700 0.011364 0.026814
0 0.814049 0.137925 0.008265 0.028935
0 0.851498 0.141397 0.013946 0.028164
0 0.837294 0.067998 0.011363 0.036458
0 0.875000 0.118249 0.010330 0.020447
0 0.867511 0.107157 0.014979 0.023727
0 0.441116 0.183256 0.023760 0.016204
0 0.487861 0.157214 0.017045 0.025077
0 0.445893 0.122299 0.024535 0.023919
0 0.395532 0.131944 0.021952 0.020061
0 0.414773 0.106675 0.026860 0.021219
0 0.435304 0.093557 0.024535 0.020447
0 0.472107 0.040895 0.019628 0.019290
0 0.451705 0.037230 0.018078 0.015046
0 0.435563 0.055169 0.021436 0.018519
0 0.396694 0.059414 0.022727 0.017747
0 0.422521 0.039738 0.013430 0.013889
0 0.389463 0.041474 0.021695 0.021991
0 0.784607 0.512056 0.014463 0.025656
0 0.851498 0.518422 0.010847 0.030671
0 0.809659 0.608700 0.010847 0.029514
0 0.748451 0.650656 0.012397 0.026621
0 0.805140 0.671296 0.009039 0.027778
0 0.869318 0.664931 0.014463 0.021219
0 0.904184 0.650463 0.010847 0.025463
0 0.936338 0.645062 0.013688 0.028550
0 0.939953 0.619598 0.010589 0.024691
0 0.934659 0.601755 0.012913 0.025270
0 0.938016 0.573109 0.013429 0.025077
0 0.900052 0.551408 0.011880 0.034915
0 0.933368 0.534433 0.021694 0.028742
0 0.929106 0.520930 0.015754 0.027971
0 0.908704 0.485146 0.020919 0.011189
0 0.933110 0.478106 0.020145 0.017939
0 0.931173 0.461034 0.017821 0.016204
0 0.922004 0.450618 0.018595 0.009259
0 0.935175 0.445602 0.017045 0.014660
0 0.921746 0.443094 0.020145 0.011188
0 0.933239 0.426891 0.020919 0.021991
0 0.924845 0.407215 0.018078 0.023533
0 0.930139 0.406829 0.020919 0.018133
0 0.936079 0.352623 0.015238 0.021605
0 0.928977 0.342978 0.019111 0.017747
0 0.935692 0.365065 0.012914 0.020255
0 0.936467 0.307773 0.012397 0.019483
0 0.933368 0.217496 0.011880 0.026042
0 0.912255 0.204090 0.018982 0.016203
0 0.930527 0.197048 0.016529 0.023727
0 0.919421 0.179302 0.015495 0.014082
0 0.925491 0.188465 0.013688 0.023534
0 0.916000 0.154611 0.017175 0.014467
0 0.931625 0.170428 0.009169 0.017939
0 0.903990 0.148148 0.018982 0.012346
0 0.923747 0.140818 0.022339 0.016976
0 0.933238 0.102334 0.010589 0.024884
0 0.922133 0.079476 0.005940 0.010031
0 0.922262 0.093364 0.014980 0.017747
0 0.876744 0.078897 0.023631 0.017361
0 0.904701 0.055556 0.017045 0.016204
0 0.882425 0.065779 0.016917 0.015818
0 0.883264 0.052470 0.014463 0.017747
0 0.857180 0.053819 0.013946 0.017361
0 0.845558 0.051890 0.013946 0.018904
0 0.328254 0.245949 0.007232 0.017362
0 0.319086 0.165991 0.016271 0.021027
0 0.349690 0.115451 0.018078 0.018325
0 0.331353 0.104745 0.010847 0.029707
0 0.348076 0.046393 0.018724 0.021798
0 0.312048 0.073592 0.012268 0.026042
0 0.303719 0.068480 0.014979 0.021219
0 0.320442 0.058642 0.010977 0.011574
0 0.341426 0.036844 0.012913 0.011960
0 0.331095 0.037615 0.015496 0.013503
0 0.311854 0.038194 0.019370 0.008487
0 0.297068 0.043499 0.013817 0.012152
0 0.288675 0.058449 0.018724 0.012732
0 0.268143 0.048611 0.017433 0.016204
0 0.273373 0.085262 0.017304 0.012345
0 0.271952 0.077160 0.011880 0.013889
0 0.260137 0.077450 0.016917 0.026427
0 0.250129 0.098573 0.009556 0.028935
0 0.221784 0.115934 0.018982 0.018904
0 0.212681 0.122588 0.012138 0.023341
0 0.232890 0.066455 0.016658 0.026428
0 0.220106 0.065008 0.011235 0.015818
0 0.207064 0.130111 0.014333 0.023341
0 0.252067 0.248649 0.018595 0.013503
0 0.221268 0.255305 0.011493 0.022184
0 0.229210 0.201679 0.011622 0.038387
0 0.206676 0.209973 0.009427 0.023727
0 0.177945 0.211419 0.018595 0.025463
0 0.156573 0.206693 0.012526 0.035301
0 0.202092 0.184317 0.012654 0.022569
0 0.204803 0.073592 0.008265 0.023727
0 0.204287 0.061921 0.008264 0.023534
0 0.194989 0.064140 0.010331 0.027971
0 0.217071 0.042728 0.009556 0.018326
0 0.193569 0.125772 0.016788 0.010803
0 0.176523 0.051119 0.020403 0.011960
0 0.166064 0.074556 0.019628 0.014467
0 0.169550 0.091049 0.010072 0.014661
0 0.197443 0.121720 0.011622 0.009645
0 0.169809 0.082369 0.014205 0.014275
0 0.159866 0.109857 0.015496 0.021798
0 0.184143 0.124132 0.008264 0.022183
0 0.177428 0.128858 0.010331 0.020062
0 0.162513 0.130401 0.009943 0.024692
0 0.235408 0.292246 0.000774 0.028935
0 0.237410 0.320120 0.010460 0.029514
0 0.183045 0.286844 0.011235 0.023534
0 0.170519 0.190876 0.011493 0.012924
0 0.152376 0.162423 0.006714 0.020062
0 0.165095 0.173611 0.007360 0.015432
0 0.160124 0.168982 0.012914 0.013117
0 0.168840 0.171296 0.018982 0.013117
0 0.161738 0.175926 0.021307 0.014660
0 0.235021 0.423901 0.012397 0.024113
0 0.191245 0.339217 0.012138 0.035687
0 0.237151 0.355131 0.018725 0.023534
0 0.243608 0.468171 0.021306 0.014275
0 0.217459 0.435668 0.011880 0.034143
0 0.204158 0.424190 0.009556 0.030478
0 0.192923 0.480131 0.012913 0.031250
0 0.221591 0.514564 0.012396 0.035686
0 0.184724 0.509935 0.009685 0.026041
0 0.153022 0.525752 0.016787 0.027585
0 0.158832 0.514661 0.014463 0.032407
0 0.155217 0.493152 0.017045 0.018325
0 0.152699 0.503086 0.020274 0.014661
0 0.180010 0.440972 0.011880 0.028550
0 0.163675 0.472994 0.020016 0.010802
0 0.166581 0.462191 0.016529 0.006173
0 0.161739 0.455632 0.019757 0.013889
0 0.163546 0.444445 0.018208 0.010802
0 0.152957 0.462673 0.020274 0.018325
0 0.156702 0.434414 0.021048 0.013117
0 0.159931 0.421103 0.012009 0.013503
0 0.156314 0.416281 0.020791 0.016975
0 0.163352 0.388311 0.019370 0.021991
0 0.153022 0.357253 0.014721 0.011574
0 0.159737 0.350212 0.019370 0.005980
0 0.153280 0.336709 0.015754 0.021798
0 0.158316 0.315201 0.009298 0.030093
0 0.156960 0.293982 0.016917 0.025463
0 0.155475 0.307678 0.016529 0.017361
0 0.340715 0.604070 0.010977 0.022955
0 0.180010 0.610243 0.019628 0.017554
0 0.183368 0.772377 0.009814 0.029321
0 0.227402 0.758487 0.017304 0.013117
0 0.142239 0.753086 0.010718 0.022377
0 0.144628 0.734278 0.011364 0.024884
0 0.146888 0.701775 0.015367 0.027006
0 0.149341 0.683545 0.013043 0.029129
0 0.150697 0.664545 0.017304 0.018904
0 0.154506 0.646219 0.017691 0.015432
0 0.145273 0.620467 0.014721 0.026428
0 0.144499 0.596644 0.008523 0.020447
0 0.144241 0.576871 0.008006 0.023341
0 0.151020 0.575810 0.012268 0.021991
0 0.158768 0.568577 0.018983 0.015239
0 0.339811 0.788580 0.014592 0.020833
0 0.370610 0.860822 0.009815 0.032214
0 0.404184 0.865452 0.012396 0.035301
0 0.350400 0.874904 0.004261 0.027971
0 0.334840 0.879437 0.009040 0.028164
0 0.324380 0.876929 0.010331 0.027006
0 0.317407 0.872974 0.009814 0.029513
0 0.302686 0.870274 0.006714 0.025656
0 0.308755 0.871142 0.010072 0.027778
0 0.294227 0.873457 0.013559 0.024690
0 0.280604 0.863330 0.011622 0.021026
0 0.278280 0.874325 0.008522 0.026042
0 0.260266 0.856771 0.011752 0.021026
0 0.250517 0.827932 0.020661 0.011574
0 0.245739 0.845872 0.016787 0.014274
0 0.235473 0.840278 0.017433 0.013117
0 0.263881 0.879726 0.009943 0.022956
0 0.230243 0.863425 0.009039 0.025463
0 0.239411 0.881462 0.017562 0.017940
0 0.222108 0.874035 0.012913 0.019676
0 0.225078 0.885803 0.019370 0.013889
0 0.213908 0.878569 0.012525 0.023727
0 0.229855 0.826196 0.018078 0.009646
0 0.237539 0.807292 0.020015 0.013503
0 0.220945 0.808160 0.021953 0.020255
0 0.197960 0.819638 0.020919 0.025849
0 0.184530 0.811149 0.016270 0.016589
0 0.141529 0.778935 0.008781 0.019290
0 0.151537 0.800636 0.020015 0.015239
0 0.146048 0.819251 0.017820 0.024306
0 0.165031 0.832562 0.010330 0.016204
0 0.182205 0.845101 0.014205 0.013503
0 0.151988 0.828993 0.012138 0.024113
0 0.148825 0.835648 0.014592 0.016976
0 0.152506 0.844135 0.016787 0.016975
0 0.153409 0.849922 0.010330 0.029321
0 0.160964 0.857735 0.012009 0.021412
0 0.158832 0.863136 0.016529 0.026041
0 0.203512 0.875772 0.015496 0.019290
0 0.205320 0.872878 0.008264 0.027392
0 0.196475 0.875000 0.016399 0.023148
0 0.191762 0.871528 0.016787 0.020062
0 0.180462 0.875193 0.021048 0.020448
0 0.171552 0.872685 0.017175 0.026234
0 0.432852 0.874711 0.012397 0.025270
0 0.456353 0.869020 0.011364 0.032794
0 0.438404 0.895448 0.016270 0.019290
0 0.504197 0.883005 0.014334 0.026427
0 0.496062 0.891976 0.014333 0.022377
0 0.553525 0.849055 0.020274 0.014853
0 0.595235 0.881366 0.008652 0.023534
0 0.629584 0.834684 0.021565 0.015047
0 0.569989 0.883970 0.014463 0.018326
0 0.581224 0.891686 0.019370 0.024499
0 0.709904 0.783083 0.014850 0.024112
0 0.729533 0.789834 0.014592 0.017168
0 0.704804 0.880691 0.011364 0.028743
0 0.723915 0.872010 0.011364 0.035301
0 0.743414 0.875579 0.011622 0.035880
0 0.766722 0.880401 0.013301 0.028550
0 0.834130 0.820120 0.009427 0.026814
0 0.827221 0.752701 0.018078 0.011574
0 0.848270 0.734760 0.013688 0.029707
0 0.874483 0.718654 0.019111 0.020254
0 0.852919 0.883873 0.018337 0.009259
0 0.875194 0.888599 0.021307 0.015239
0 0.879197 0.872878 0.015366 0.025077
0 0.897469 0.894676 0.012914 0.016204
0 0.922908 0.743055 0.010072 0.027006
0 0.937306 0.750193 0.016399 0.021991
0 0.928848 0.805362 0.020403 0.014275
0 0.940986 0.779707 0.009039 0.027778
0 0.925167 0.835070 0.023631 0.012731
0 0.928332 0.870178 0.012139 0.021991
0 0.917743 0.868730 0.009039 0.022569
0 0.904055 0.873168 0.011622 0.032215
0 0.912448 0.886767 0.019628 0.020448
0 0.492897 0.547358 0.021953 0.047261
0 0.484052 0.670910 0.013817 0.014661
