0 0.528474 0.231867 0.012525 0.020834
0 0.590135 0.140432 0.018595 0.012346
0 0.692149 0.207080 0.009814 0.026041
0 0.676137 0.136381 0.010847 0.022762
0 0.699057 0.099537 0.017949 0.019290
0 0.720687 0.101370 0.011105 0.024885
0 0.732890 0.114873 0.008393 0.021798
0 0.716878 0.173225 0.012267 0.020061
0 0.705578 0.184124 0.012913 0.023727
0 0.697507 0.178433 0.013817 0.021219
0 0.699445 0.142747 0.018724 0.015432
0 0.697508 0.153646 0.014850 0.021412
0 0.744576 0.153839 0.009814 0.020255
0 0.755941 0.102623 0.016529 0.019291
0 0.771888 0.099923 0.014592 0.018519
0 0.748451 0.183546 0.013429 0.023727
0 0.747611 0.167631 0.021307 0.020448
0 0.800233 0.202932 0.007490 0.017746
0 0.819473 0.151620 0.016012 0.023149
0 0.838197 0.158276 0.012139 0.023727
0 0.838585 0.114487 0.012914 0.018325
0 0.872159 0.128954 0.016529 0.016397
0 0.856276 0.165509 0.011106 0.026234
0 0.849819 0.212770 0.011105 0.022762
0 0.844783 0.256269 0.010330 0.031829
0 0.856728 0.231674 0.018983 0.011960
0 0.872094 0.231770 0.009943 0.023341
0 0.858213 0.256173 0.009814 0.026234
0 0.875323 0.247396 0.013817 0.020255
0 0.876291 0.265335 0.009297 0.016782
0 0.869576 0.302855 0.012913 0.019290
0 0.826446 0.089892 0.009814 0.030864
0 0.850853 0.103010 0.009039 0.022377
0 0.861053 0.092785 0.009297 0.025077
0 0.874031 0.090278 0.006586 0.016204
0 0.842459 0.047454 0.017046 0.015432
0 0.835614 0.040316 0.012139 0.030479
0 0.808368 0.047839 0.013946 0.010803
0 0.804558 0.044367 0.014850 0.011574
0 0.817214 0.026235 0.019499 0.015432
0 0.762849 0.021026 0.014333 0.012732
0 0.754455 0.040895 0.020790 0.015432
0 0.748902 0.031540 0.010976 0.026042
0 0.731663 0.030479 0.013946 0.012345
0 0.711971 0.033661 0.015367 0.022569
0 0.734311 0.014468 0.013300 0.013503
0 0.703706 0.015817 0.017691 0.017747
0 0.658058 0.027778 0.013430 0.032407
0 0.641465 0.041570 0.014333 0.020640
0 0.626550 0.079089 0.010331 0.023149
0 0.602789 0.081694 0.010331 0.020254
0 0.548553 0.070216 0.018078 0.018518
0 0.631908 0.024498 0.017691 0.017361
0 0.593750 0.034144 0.018078 0.017361
0 0.578512 0.019483 0.019111 0.015046
0 0.625000 0.019097 0.013430 0.026620
0 0.620480 0.012153 0.017304 0.018133
0 0.685434 0.478974 0.015496 0.022763
0 0.652570 0.579862 0.015109 0.013889
0 0.841684 0.573495 0.009298 0.023534
0 0.883845 0.572916 0.012267 0.025463
0 0.839295 0.493538 0.010718 0.022184
0 0.872546 0.438658 0.011621 0.024691
0 0.867897 0.414737 0.011105 0.033179
0 0.875711 0.404899 0.017175 0.012731
0 0.838714 0.354842 0.011106 0.028356
0 0.872030 0.345004 0.014204 0.020255
0 0.596397 0.693383 0.018982 0.014468
0 0.564760 0.777874 0.015883 0.016782
0 0.528603 0.595872 0.012784 0.018904
0 0.541904 0.878858 0.015883 0.013118
0 0.574122 0.878858 0.022728 0.013888
0 0.586002 0.878376 0.015496 0.020255
0 0.653345 0.873457 0.018725 0.020833
0 0.709065 0.770833 0.008522 0.019290
0 0.740961 0.777874 0.007748 0.016396
0 0.776408 0.849537 0.021049 0.014660
0 0.796617 0.847126 0.016787 0.019097
0 0.826705 0.824171 0.010331 0.029514
0 0.833161 0.818191 0.010330 0.030672
0 0.860925 0.861111 0.021953 0.016204
0 0.793776 0.680748 0.019370 0.018133
0 0.794422 0.703608 0.014463 0.015239
0 0.811725 0.732061 0.009814 0.013503
0 0.859504 0.673226 0.010330 0.028549
0 0.877066 0.725888 0.012396 0.026620
0 0.871901 0.788291 0.008264 0.024498
0 0.859246 0.796104 0.011880 0.021219
0 0.884556 0.829186 0.009814 0.027585
0 0.867252 0.850888 0.017562 0.013503
0 0.865315 0.834105 0.020403 0.014660
0 0.873450 0.832079 0.013429 0.029514
0 0.847365 0.798804 0.018078 0.015046
0 0.497288 0.891976 0.016787 0.014661
0 0.476240 0.879630 0.010331 0.023920
0 0.486312 0.832561 0.024276 0.022377
0 0.445248 0.886381 0.022728 0.019676
0 0.442536 0.790895 0.029184 0.017747
0 0.429106 0.753087 0.015754 0.016204
0 0.449122 0.687500 0.012913 0.013118
0 0.395274 0.708719 0.019370 0.015432
0 0.361312 0.712770 0.009814 0.031250
0 0.369835 0.741127 0.021694 0.018519
0 0.378615 0.770255 0.009297 0.027392
0 0.361312 0.832175 0.019112 0.013889
0 0.343104 0.842592 0.024018 0.014661
0 0.365831 0.792438 0.017304 0.016204
0 0.360667 0.776813 0.020403 0.021991
0 0.323605 0.810571 0.012913 0.016976
0 0.323218 0.825617 0.024535 0.019290
0 0.313533 0.799382 0.008264 0.017747
0 0.294551 0.814429 0.016270 0.015432
0 0.338585 0.775849 0.013947 0.020062
0 0.296100 0.759259 0.019887 0.019290
0 0.280281 0.784336 0.020016 0.018519
0 0.304106 0.733025 0.013688 0.022377
0 0.351434 0.891204 0.019499 0.017747
0 0.351756 0.885996 0.017562 0.025077
0 0.300490 0.879630 0.022469 0.019290
0 0.274535 0.876929 0.019112 0.020062
0 0.271242 0.851080 0.021307 0.014660
0 0.217717 0.869985 0.016012 0.033950
0 0.180785 0.877508 0.011364 0.029706
0 0.197831 0.892554 0.017562 0.022763
0 0.197830 0.849537 0.011363 0.025463
0 0.192795 0.802083 0.018337 0.018519
0 0.163352 0.867669 0.010072 0.024691
0 0.148760 0.875772 0.015496 0.027007
0 0.160770 0.829668 0.010589 0.021991
0 0.145790 0.821180 0.009556 0.025077
0 0.133522 0.827739 0.014979 0.027392
0 0.137655 0.859375 0.012913 0.024305
0 0.125904 0.882523 0.013172 0.028936
0 0.225852 0.786266 0.012138 0.014661
0 0.218233 0.765432 0.014980 0.016204
0 0.216684 0.755016 0.017045 0.016975
0 0.230372 0.769483 0.016528 0.015046
0 0.163804 0.775463 0.021306 0.017746
0 0.162061 0.792053 0.018337 0.026235
0 0.155346 0.772377 0.018337 0.019290
0 0.144047 0.756173 0.012784 0.023920
0 0.130940 0.754244 0.012914 0.021605
0 0.128099 0.718750 0.017562 0.013888
0 0.115703 0.737461 0.015495 0.018133
0 0.140496 0.690972 0.012396 0.027778
0 0.140108 0.635803 0.010589 0.039351
0 0.386234 0.635803 0.020919 0.017747
0 0.345429 0.666667 0.018853 0.014661
0 0.348657 0.655093 0.016529 0.028549
0 0.347495 0.623071 0.020403 0.016976
0 0.361312 0.583719 0.018078 0.018518
0 0.315858 0.601949 0.011881 0.026428
0 0.299716 0.601659 0.016270 0.018904
0 0.271242 0.636960 0.014333 0.015432
0 0.294679 0.645640 0.010847 0.026621
0 0.286028 0.679977 0.013688 0.022762
0 0.275374 0.666667 0.015367 0.022376
0 0.277634 0.654707 0.019112 0.018518
0 0.253809 0.667052 0.012526 0.023149
0 0.242059 0.711034 0.011235 0.013888
0 0.238249 0.712191 0.010073 0.022377
0 0.249483 0.731867 0.018595 0.012346
0 0.240315 0.758873 0.017303 0.013889
0 0.256715 0.744406 0.014462 0.012732
0 0.251162 0.738426 0.020403 0.013118
0 0.204804 0.730325 0.011880 0.021605
0 0.210486 0.745370 0.011881 0.017747
0 0.172650 0.716629 0.015754 0.025077
0 0.186467 0.704282 0.012396 0.027392
0 0.215909 0.697145 0.018595 0.021605
0 0.203383 0.670139 0.015754 0.015432
0 0.227272 0.668596 0.018595 0.015432
0 0.235860 0.654321 0.012267 0.013118
0 0.216038 0.623264 0.014205 0.018904
0 0.168905 0.649498 0.012396 0.027392
0 0.176136 0.621913 0.015496 0.016204
0 0.200929 0.592400 0.016529 0.020447
0 0.197314 0.582947 0.019628 0.016975
0 0.163094 0.596065 0.009556 0.016976
0 0.173167 0.586612 0.014205 0.022763
0 0.139592 0.598766 0.014204 0.022377
0 0.318182 0.565780 0.011364 0.014275
0 0.235021 0.555169 0.017562 0.013889
0 0.186144 0.546875 0.015108 0.017362
0 0.407542 0.520255 0.010331 0.023534
0 0.371771 0.521412 0.016787 0.016590
0 0.441116 0.465664 0.021695 0.016203
0 0.356017 0.416859 0.019369 0.017361
0 0.299974 0.462577 0.015238 0.023920
0 0.298554 0.495949 0.013430 0.021219
0 0.278280 0.501543 0.008522 0.018518
0 0.254132 0.478009 0.010331 0.018519
0 0.258136 0.510610 0.012655 0.017361
0 0.266012 0.510610 0.014463 0.017361
0 0.235666 0.505208 0.013688 0.021991
0 0.255230 0.547165 0.014850 0.019097
0 0.225077 0.531250 0.014721 0.014660
0 0.198089 0.525077 0.018078 0.017747
0 0.485020 0.303627 0.006198 0.017747
0 0.448347 0.325231 0.012396 0.019291
0 0.452479 0.226852 0.011363 0.020062
0 0.436854 0.184800 0.015754 0.016203
0 0.409866 0.220679 0.011880 0.030864
0 0.397082 0.237847 0.019886 0.017361
0 0.375775 0.270833 0.023244 0.018519
0 0.365702 0.327353 0.012397 0.027392
0 0.340135 0.323495 0.010847 0.021219
0 0.322185 0.309414 0.016788 0.013889
0 0.311467 0.284915 0.010330 0.021990
0 0.325671 0.253472 0.018078 0.016204
0 0.302686 0.264853 0.013430 0.024305
0 0.292226 0.287037 0.019886 0.016976
0 0.271500 0.337577 0.016658 0.025463
0 0.310951 0.363812 0.016529 0.014661
0 0.285253 0.355324 0.013172 0.014660
0 0.283833 0.371817 0.010847 0.019869
0 0.300232 0.402392 0.017303 0.017746
0 0.273954 0.399113 0.010976 0.019676
0 0.257812 0.363040 0.012267 0.013118
0 0.383781 0.162037 0.014463 0.027778
0 0.401988 0.127893 0.017304 0.015817
0 0.498709 0.136188 0.018078 0.014661
0 0.474948 0.095390 0.011880 0.024884
0 0.470816 0.073110 0.009814 0.020448
0 0.448089 0.107157 0.010847 0.021798
0 0.415935 0.101659 0.019370 0.017362
0 0.378874 0.114680 0.016012 0.014468
0 0.345558 0.094039 0.018595 0.023727
0 0.336260 0.138118 0.023760 0.021605
0 0.342846 0.183449 0.013688 0.014274
0 0.313921 0.185571 0.019369 0.017746
0 0.297004 0.202161 0.012396 0.026234
0 0.281895 0.225695 0.018337 0.017747
0 0.270016 0.174382 0.015755 0.018519
0 0.276988 0.168210 0.018337 0.015432
0 0.278925 0.107735 0.010331 0.024884
0 0.272017 0.263503 0.017692 0.014660
0 0.256779 0.254630 0.004261 0.024691
0 0.245997 0.278067 0.016271 0.020641
0 0.486828 0.029900 0.011881 0.031250
0 0.501937 0.079283 0.014722 0.022762
0 0.468750 0.043789 0.019112 0.015818
0 0.469266 0.007137 0.011880 0.014275
0 0.451446 0.013889 0.013429 0.013118
0 0.438017 0.007909 0.017562 0.013503
0 0.423812 0.021123 0.016012 0.025270
0 0.447572 0.065972 0.019111 0.018518
0 0.405863 0.092110 0.017304 0.013310
0 0.401860 0.086805 0.015495 0.020062
0 0.396048 0.074074 0.020919 0.018518
0 0.367123 0.092207 0.015238 0.015432
0 0.393724 0.044368 0.019370 0.016975
0 0.364023 0.012924 0.014721 0.014274
0 0.313791 0.037423 0.018078 0.029321
0 0.319086 0.083912 0.019887 0.019676
0 0.312630 0.099730 0.018337 0.016590
0 0.298812 0.028549 0.014979 0.020833
0 0.270855 0.017554 0.019240 0.020447
0 0.284736 0.012153 0.015237 0.021991
0 0.264850 0.063175 0.009556 0.017554
0 0.246772 0.108025 0.014721 0.030864
0 0.244835 0.077064 0.010847 0.031057
0 0.232890 0.087771 0.023372 0.009645
0 0.227531 0.107157 0.013946 0.019097
0 0.232180 0.163387 0.011880 0.028935
0 0.218621 0.164352 0.013172 0.016975
0 0.202996 0.158951 0.017562 0.015433
0 0.195506 0.183642 0.013946 0.032408
0 0.178332 0.223573 0.016787 0.018905
0 0.211971 0.225309 0.020015 0.015432
0 0.195119 0.245563 0.016271 0.030478
0 0.218879 0.246721 0.011622 0.015046
0 0.227015 0.255015 0.016013 0.019291
0 0.225852 0.275655 0.011106 0.021991
0 0.190728 0.299576 0.020403 0.027392
0 0.194215 0.271895 0.016529 0.024113
0 0.195118 0.108700 0.014721 0.016011
0 0.165290 0.191937 0.014463 0.034337
0 0.209452 0.041281 0.010847 0.023148
0 0.197314 0.028549 0.011364 0.030093
0 0.173038 0.017361 0.018595 0.012346
0 0.181947 0.023534 0.016271 0.015432
0 0.166645 0.047840 0.015883 0.017747
0 0.180527 0.061825 0.012913 0.030285
0 0.154120 0.126350 0.012267 0.020448
0 0.146565 0.145834 0.013172 0.029321
0 0.129390 0.139661 0.010847 0.018518
0 0.167032 0.076388 0.016142 0.017747
0 0.132489 0.075714 0.010331 0.022570
0 0.139334 0.067612 0.013688 0.026427
0 0.111958 0.103106 0.013172 0.017554
0 0.256651 0.424768 0.009943 0.019290
0 0.238766 0.432871 0.010073 0.012345
0 0.219267 0.404128 0.008781 0.025077
0 0.230566 0.344522 0.017691 0.013117
0 0.195894 0.384067 0.012138 0.018904
0 0.179494 0.383102 0.011880 0.028550
0 0.167613 0.406443 0.013947 0.027392
0 0.170971 0.352623 0.010330 0.024691
0 0.147211 0.379437 0.010331 0.026620
0 0.127195 0.423515 0.010589 0.026813
0 0.148373 0.442901 0.012655 0.016204
0 0.189566 0.418692 0.010330 0.021798
0 0.193053 0.447723 0.012655 0.013503
0 0.204288 0.450714 0.008781 0.026427
0 0.204158 0.412712 0.014205 0.016782
0 0.218362 0.453415 0.009555 0.024499
0 0.209452 0.485243 0.008781 0.017940
0 0.232438 0.466050 0.012397 0.012345
0 0.241090 0.467592 0.016787 0.016975
0 0.183885 0.500675 0.010331 0.016397
0 0.170842 0.494213 0.009556 0.024691
0 0.154830 0.513117 0.013688 0.024691
0 0.154958 0.497492 0.018595 0.018904
0 0.136363 0.533565 0.010331 0.028550
0 0.152505 0.558931 0.016271 0.021026
0 0.116607 0.547454 0.009555 0.027778
0 0.122417 0.489391 0.019629 0.010417
0 0.119576 0.481675 0.018078 0.015047
0 0.107503 0.497492 0.019241 0.020447
0 0.100077 0.493248 0.012655 0.028935
0 0.075671 0.481289 0.016012 0.013503
0 0.068634 0.466917 0.019499 0.022184
0 0.075929 0.415220 0.014463 0.031443
0 0.092782 0.372781 0.015625 0.016397
0 0.113895 0.355710 0.017046 0.013889
0 0.115573 0.369213 0.016270 0.020834
0 0.162190 0.322531 0.011364 0.023148
0 0.138430 0.317130 0.013430 0.024691
0 0.141400 0.295717 0.019887 0.021991
0 0.136363 0.267747 0.020661 0.015432
0 0.108858 0.303627 0.009555 0.020833
0 0.071798 0.539737 0.018595 0.014661
0 0.078900 0.641976 0.017303 0.014661
0 0.067600 0.634838 0.017433 0.014275
0 0.078771 0.613425 0.025310 0.017747
0 0.065535 0.608025 0.016400 0.023919
0 0.076769 0.597222 0.019757 0.013117
0 0.074832 0.584105 0.019499 0.013118
0 0.072960 0.564815 0.017303 0.022377
0 0.085486 0.676505 0.009297 0.015818
0 0.080837 0.691165 0.021177 0.019676
0 0.087100 0.764660 0.028538 0.014661
0 0.066245 0.774691 0.015754 0.014661
0 0.089747 0.744792 0.007490 0.015818
0 0.095558 0.717978 0.014463 0.026234
0 0.079804 0.743827 0.021178 0.020834
0 0.065018 0.741127 0.012267 0.027778
0 0.077996 0.726851 0.023760 0.017747
0 0.070958 0.706983 0.022082 0.025848
0 0.120481 0.864969 0.018337 0.015432
0 0.113378 0.885513 0.011880 0.026042
0 0.075930 0.828993 0.017046 0.014082
0 0.070635 0.831790 0.009039 0.025463
0 0.070700 0.836998 0.018466 0.017361
0 0.066955 0.854456 0.008394 0.018711
