0 0.543647 0.302470 0.017045 0.021605
0 0.507877 0.293596 0.018854 0.017747
0 0.516787 0.411748 0.014980 0.026042
0 0.495093 0.441551 0.012914 0.012732
0 0.841296 0.322145 0.014205 0.022377
0 0.784349 0.141976 0.019112 0.016975
0 0.575155 0.083333 0.022211 0.016204
0 0.472495 0.061343 0.018337 0.013889
0 0.415935 0.118441 0.018336 0.016203
0 0.446410 0.038291 0.018853 0.014468
0 0.440986 0.013503 0.010072 0.018518
0 0.429623 0.015432 0.015238 0.017747
0 0.405863 0.011477 0.020403 0.019869
0 0.728822 0.020640 0.022728 0.017361
0 0.793775 0.083430 0.016787 0.018326
0 0.788739 0.031636 0.010331 0.027778
0 0.866478 0.081790 0.010847 0.028549
0 0.920196 0.099730 0.017045 0.028163
0 0.889463 0.238908 0.014463 0.028743
0 0.927686 0.291281 0.007232 0.023920
0 0.283316 0.326582 0.022211 0.018132
0 0.241348 0.290799 0.015754 0.016011
0 0.283252 0.218750 0.017175 0.013118
0 0.251162 0.141590 0.017303 0.017747
0 0.262138 0.096643 0.020145 0.016589
0 0.324767 0.016686 0.014205 0.021798
0 0.314566 0.011092 0.012396 0.021412
0 0.276601 0.019097 0.009814 0.028164
0 0.180527 0.160494 0.009814 0.023148
0 0.191761 0.091532 0.009556 0.027199
0 0.212035 0.037809 0.008781 0.023919
0 0.217588 0.024209 0.018337 0.016783
0 0.191632 0.019097 0.017562 0.021990
0 0.178977 0.060571 0.014979 0.018519
0 0.166581 0.026427 0.006715 0.022763
0 0.154313 0.034915 0.007490 0.022762
0 0.161674 0.014853 0.017562 0.019676
0 0.145145 0.118055 0.022727 0.016975
0 0.140238 0.212770 0.010331 0.028935
0 0.141142 0.190393 0.008523 0.028935
0 0.123192 0.126351 0.016012 0.024306
0 0.120545 0.073495 0.022598 0.014275
0 0.111312 0.090953 0.014980 0.023726
0 0.100594 0.091146 0.006974 0.021026
0 0.110149 0.062500 0.008523 0.017747
0 0.118221 0.133584 0.007877 0.026042
0 0.118544 0.142939 0.022211 0.017361
0 0.115638 0.155092 0.021565 0.013889
0 0.112668 0.172068 0.017174 0.020062
0 0.107631 0.184800 0.025181 0.014661
0 0.114670 0.214120 0.009298 0.028549
0 0.104920 0.214410 0.014076 0.029128
0 0.105049 0.195987 0.022598 0.013889
0 0.100852 0.137539 0.009039 0.029707
0 0.119060 0.265818 0.007748 0.027778
0 0.104727 0.239198 0.009039 0.021605
0 0.099819 0.244406 0.009556 0.032022
0 0.119060 0.296875 0.005682 0.021220
0 0.121384 0.042053 0.006198 0.027778
0 0.114411 0.033565 0.008781 0.024692
0 0.122482 0.029707 0.013559 0.030864
0 0.144241 0.021605 0.017304 0.013118
0 0.138947 0.021412 0.009297 0.026621
0 0.235279 0.024884 0.017045 0.019676
0 0.236054 0.023534 0.011364 0.024692
0 0.247675 0.023727 0.008781 0.028164
0 0.251808 0.018711 0.009814 0.027392
0 0.254068 0.021991 0.017175 0.023148
0 0.261105 0.026524 0.009814 0.032214
0 0.238572 0.356096 0.016399 0.001543
0 0.225336 0.338735 0.008006 0.024692
0 0.187500 0.352623 0.008264 0.029321
0 0.152763 0.333526 0.011105 0.031250
0 0.194990 0.511381 0.010847 0.028164
0 0.171746 0.497589 0.019112 0.021798
0 0.141142 0.465664 0.008523 0.025463
0 0.381198 0.459780 0.010331 0.029128
0 0.531767 0.472994 0.011881 0.023148
0 0.505553 0.500965 0.026602 0.021991
0 0.510718 0.561536 0.015238 0.020447
0 0.405604 0.540509 0.017821 0.010031
0 0.400181 0.597897 0.018337 0.021026
0 0.371513 0.602816 0.015755 0.013503
0 0.326446 0.595004 0.011364 0.030285
0 0.412061 0.655671 0.021436 0.014275
0 0.485279 0.623650 0.009814 0.023534
0 0.514592 0.597125 0.012655 0.019869
0 0.232632 0.603009 0.020016 0.016204
0 0.300620 0.634066 0.022727 0.017361
0 0.285253 0.646605 0.016787 0.024691
0 0.156444 0.579861 0.022082 0.016976
0 0.133393 0.554784 0.010589 0.032408
0 0.552169 0.553048 0.022727 0.020447
0 0.540289 0.635417 0.017562 0.016975
0 0.524794 0.698881 0.007231 0.028936
0 0.539902 0.661266 0.017820 0.013117
0 0.568827 0.654129 0.021952 0.017361
0 0.595816 0.659529 0.018078 0.015818
0 0.621901 0.682484 0.011364 0.030865
0 0.550749 0.701003 0.016788 0.023148
0 0.504003 0.740162 0.023502 0.017362
0 0.641529 0.653067 0.012397 0.024113
0 0.673554 0.668017 0.012397 0.028163
0 0.688145 0.643133 0.019887 0.030864
0 0.723915 0.650270 0.012913 0.028936
0 0.699380 0.574460 0.018595 0.018518
0 0.694086 0.723380 0.024535 0.018519
0 0.768983 0.619117 0.018337 0.021026
0 0.814308 0.597319 0.011880 0.034144
0 0.855759 0.557678 0.022985 0.017361
0 0.795971 0.453704 0.012396 0.033951
0 0.901214 0.440008 0.017821 0.019676
0 0.908316 0.467013 0.012913 0.037423
0 0.916839 0.596258 0.012397 0.032794
0 0.934659 0.405092 0.008781 0.029321
0 0.935304 0.611882 0.018853 0.013117
0 0.926911 0.639467 0.007748 0.025077
0 0.934142 0.695988 0.010847 0.028550
0 0.863507 0.731482 0.014721 0.025463
0 0.859892 0.780285 0.013172 0.028164
0 0.895532 0.802084 0.017820 0.018518
0 0.841684 0.782408 0.019111 0.016203
0 0.802944 0.803434 0.020145 0.015818
0 0.791968 0.778163 0.020920 0.020061
0 0.759814 0.759066 0.017562 0.019676
0 0.737603 0.749228 0.019628 0.019290
0 0.698476 0.770061 0.014721 0.014661
0 0.682335 0.780285 0.010331 0.028164
0 0.722882 0.806327 0.009814 0.023919
0 0.689308 0.813272 0.019112 0.016203
0 0.678332 0.848572 0.018853 0.019676
0 0.722495 0.859761 0.011105 0.025077
0 0.697185 0.856481 0.018854 0.019290
0 0.666581 0.903742 0.010847 0.031250
0 0.642691 0.835841 0.014204 0.030478
0 0.622547 0.819444 0.018853 0.028550
0 0.605372 0.797261 0.011363 0.021990
0 0.588972 0.766590 0.019886 0.015433
0 0.571797 0.823110 0.007231 0.025849
0 0.543001 0.851466 0.025052 0.020062
0 0.593104 0.845679 0.015755 0.016204
0 0.548166 0.875965 0.019887 0.021991
0 0.604081 0.911458 0.013946 0.023534
0 0.638430 0.902199 0.013430 0.034336
0 0.636364 0.921682 0.014463 0.016976
0 0.621900 0.912230 0.018595 0.026620
0 0.732438 0.899884 0.017562 0.021991
0 0.725852 0.915895 0.015238 0.022377
0 0.743802 0.911844 0.013429 0.028936
0 0.765883 0.902585 0.020403 0.022762
0 0.775697 0.916860 0.018336 0.018904
0 0.783445 0.851659 0.016787 0.025849
0 0.794292 0.836613 0.005424 0.031250
0 0.809013 0.855325 0.026085 0.021605
0 0.831483 0.910880 0.024019 0.023149
0 0.857309 0.909144 0.018853 0.026621
0 0.866090 0.858024 0.015754 0.017747
0 0.881973 0.886574 0.020145 0.016204
0 0.899535 0.914737 0.021177 0.013889
0 0.896823 0.853009 0.013688 0.027778
0 0.923295 0.872686 0.021177 0.017747
0 0.909608 0.896026 0.011363 0.032793
0 0.152118 0.659336 0.017046 0.016975
0 0.159865 0.670910 0.020145 0.015433
0 0.101821 0.355903 0.016142 0.027392
0 0.105759 0.370756 0.017304 0.016204
0 0.123967 0.434896 0.010330 0.024112
0 0.106534 0.393904 0.013688 0.011574
0 0.099303 0.400656 0.011622 0.018904
0 0.105243 0.407408 0.019886 0.013889
0 0.100852 0.437307 0.009039 0.016589
0 0.102402 0.447916 0.017820 0.009259
0 0.099561 0.453897 0.017304 0.014275
0 0.101950 0.425347 0.021566 0.017361
0 0.106018 0.479359 0.019369 0.016589
0 0.107825 0.500096 0.019887 0.019483
0 0.115122 0.535108 0.024148 0.019290
0 0.102014 0.528839 0.013947 0.026813
0 0.107180 0.568287 0.019111 0.012346
0 0.100723 0.573688 0.021694 0.023148
0 0.103952 0.590664 0.022986 0.013117
0 0.126678 0.617863 0.009039 0.020447
0 0.102725 0.622106 0.012784 0.015047
0 0.104274 0.612075 0.017949 0.011189
0 0.098657 0.607446 0.018595 0.022763
0 0.202221 0.677855 0.018078 0.013889
0 0.134040 0.679398 0.010847 0.035494
0 0.106857 0.645255 0.017950 0.016590
0 0.108730 0.668210 0.017046 0.014660
0 0.119964 0.681134 0.011106 0.026620
0 0.104597 0.689429 0.020144 0.020062
0 0.101498 0.722415 0.015496 0.028935
0 0.239540 0.718750 0.018337 0.020062
0 0.216684 0.743827 0.020145 0.017747
0 0.270145 0.672840 0.012397 0.020833
0 0.169938 0.749228 0.023760 0.019290
0 0.153151 0.779321 0.017045 0.016204
0 0.179752 0.822338 0.009298 0.024305
0 0.159414 0.834684 0.012525 0.022762
0 0.146565 0.813850 0.021436 0.019676
0 0.107438 0.777778 0.024794 0.022376
0 0.268466 0.745370 0.014205 0.013117
0 0.270080 0.762346 0.020016 0.017747
0 0.324767 0.771991 0.020920 0.018519
0 0.279765 0.770833 0.022857 0.017747
0 0.323089 0.826196 0.012913 0.022763
0 0.282670 0.822917 0.018853 0.016975
0 0.273502 0.853781 0.010847 0.026234
0 0.239928 0.816551 0.008781 0.028164
0 0.242252 0.842978 0.011364 0.024691
0 0.435950 0.687886 0.021695 0.015432
0 0.396823 0.690780 0.016787 0.014275
0 0.411416 0.719136 0.019112 0.000772
0 0.397469 0.734954 0.023244 0.013889
0 0.370093 0.781443 0.009814 0.031250
0 0.345816 0.811535 0.009814 0.027392
0 0.397082 0.883295 0.015238 0.016590
0 0.316503 0.887732 0.014205 0.023149
0 0.365315 0.904707 0.009556 0.030865
0 0.351821 0.910108 0.005036 0.030864
0 0.351240 0.912422 0.010331 0.029321
0 0.404055 0.909722 0.014205 0.016204
0 0.428461 0.908179 0.009814 0.028550
0 0.424199 0.907022 0.015754 0.026234
0 0.448605 0.918403 0.019112 0.020448
0 0.267950 0.873649 0.010589 0.032793
0 0.267821 0.906636 0.012913 0.025463
0 0.238895 0.916281 0.011880 0.026234
0 0.231793 0.900656 0.010073 0.035880
0 0.224820 0.910687 0.014721 0.015818
0 0.208936 0.901813 0.011880 0.028936
0 0.197314 0.877700 0.011364 0.024691
0 0.183497 0.898727 0.013688 0.024305
0 0.186854 0.906636 0.012138 0.027006
0 0.167872 0.886188 0.010330 0.024691
0 0.169680 0.908179 0.016012 0.025463
0 0.167097 0.906443 0.018078 0.030478
0 0.111119 0.812886 0.017691 0.020062
0 0.550878 0.909529 0.011880 0.025849
0 0.531120 0.915124 0.014721 0.022377
0 0.520403 0.912230 0.010848 0.020448
0 0.515238 0.907793 0.011880 0.027778
0 0.481405 0.912423 0.012397 0.020062
0 0.481664 0.911266 0.012913 0.027006
0 0.425749 0.804205 0.014204 0.011188
0 0.516658 0.763889 0.025052 0.016204
0 0.455450 0.797840 0.017304 0.020833
0 0.483342 0.840664 0.019370 0.015432
0 0.518466 0.851466 0.017304 0.029321
0 0.510331 0.862847 0.021695 0.014275
0 0.102337 0.848380 0.022340 0.015432
0 0.095042 0.812500 0.011363 0.029320
0 0.107309 0.867284 0.021952 0.015432
0 0.146307 0.909047 0.008523 0.025270
0 0.123256 0.911266 0.025439 0.016975
0 0.131650 0.909722 0.015367 0.027006
0 0.099754 0.881366 0.019757 0.014275
0 0.111118 0.897377 0.019757 0.013117
0 0.123322 0.879244 0.014721 0.021605
0 0.117059 0.900270 0.021823 0.018132
0 0.107051 0.866995 0.015238 0.020640
