0 0.317020 0.087674 0.013688 0.029514
0 0.349819 0.141589 0.017304 0.019290
0 0.291903 0.171875 0.015883 0.012732
0 0.403151 0.243345 0.010330 0.027585
0 0.336583 0.356192 0.015108 0.024498
0 0.338778 0.419753 0.021048 0.015432
0 0.262655 0.416956 0.007232 0.018711
0 0.286996 0.459395 0.012009 0.027585
0 0.482374 0.350212 0.024148 0.025656
0 0.503486 0.256366 0.011105 0.028935
0 0.479726 0.240258 0.018854 0.014853
0 0.498967 0.152006 0.027893 0.019290
0 0.426201 0.144097 0.009943 0.024306
0 0.456483 0.085455 0.022469 0.017361
0 0.480630 0.048225 0.008781 0.023148
0 0.426395 0.054784 0.008781 0.030864
0 0.393724 0.053626 0.018853 0.023148
0 0.387849 0.076003 0.009943 0.027006
0 0.203125 0.247782 0.009556 0.034144
0 0.156508 0.267458 0.012913 0.014081
0 0.145661 0.297068 0.020145 0.013889
0 0.146500 0.329862 0.015108 0.010031
0 0.131586 0.324846 0.009555 0.015432
0 0.133135 0.448785 0.014205 0.029514
0 0.132554 0.481578 0.009426 0.025656
0 0.127905 0.513407 0.007360 0.019869
0 0.174070 0.489294 0.016012 0.017940
0 0.157671 0.477816 0.011622 0.009645
0 0.148890 0.397183 0.011105 0.021991
0 0.141141 0.410880 0.005941 0.023148
0 0.131069 0.415509 0.011622 0.020062
0 0.181043 0.533661 0.010330 0.029514
0 0.148567 0.541377 0.012525 0.016011
0 0.135072 0.368634 0.018078 0.013503
0 0.130811 0.400077 0.005940 0.010802
0 0.137268 0.360050 0.018853 0.014082
0 0.139657 0.348090 0.018465 0.010995
0 0.142045 0.341436 0.018078 0.013117
0 0.142110 0.265625 0.020274 0.025848
0 0.137461 0.245563 0.012526 0.024305
0 0.153667 0.233314 0.010330 0.017940
0 0.136105 0.225984 0.013430 0.022570
0 0.136428 0.201292 0.006844 0.025655
0 0.157735 0.160011 0.013301 0.019869
0 0.152635 0.125579 0.020661 0.020447
0 0.626162 0.266204 0.011105 0.024691
0 0.663676 0.321180 0.013559 0.021219
0 0.691374 0.319541 0.014980 0.014853
0 0.736958 0.280768 0.018337 0.019097
0 0.821540 0.262925 0.010331 0.024305
0 0.847108 0.219039 0.010847 0.036073
0 0.848399 0.185378 0.008781 0.020448
0 0.895791 0.155382 0.014721 0.032986
0 0.918195 0.214699 0.024148 0.018132
0 0.929365 0.203607 0.009039 0.020255
0 0.929365 0.128472 0.009039 0.023920
0 0.916064 0.119598 0.022211 0.020833
0 0.914127 0.093171 0.021436 0.019676
0 0.892046 0.066165 0.010331 0.030478
0 0.878745 0.039738 0.010072 0.030093
0 0.891464 0.039834 0.015366 0.021026
0 0.909736 0.067130 0.016787 0.016203
0 0.838714 0.056328 0.009556 0.029321
0 0.866025 0.124518 0.015367 0.023341
0 0.841361 0.112461 0.022340 0.017361
0 0.838650 0.115741 0.009685 0.027006
0 0.802105 0.058835 0.016658 0.023534
0 0.634621 0.120949 0.021048 0.018132
0 0.664450 0.054302 0.017174 0.017554
0 0.675814 0.028356 0.015367 0.014275
0 0.648243 0.033661 0.014463 0.017940
0 0.598076 0.069251 0.020790 0.013503
0 0.603047 0.049286 0.009815 0.023727
0 0.615444 0.046490 0.010331 0.032793
0 0.629907 0.043789 0.010330 0.027392
0 0.922520 0.277682 0.016529 0.023341
0 0.922972 0.277971 0.015625 0.018904
0 0.926589 0.295428 0.015625 0.022570
0 0.934466 0.321277 0.016917 0.022570
0 0.925814 0.316551 0.017175 0.014274
0 0.934272 0.327160 0.016271 0.013889
0 0.929429 0.349923 0.015108 0.018518
0 0.872676 0.433449 0.011363 0.025078
0 0.785899 0.498167 0.017562 0.021027
0 0.900633 0.474923 0.018466 0.020062
0 0.608084 0.360822 0.014204 0.020255
0 0.909737 0.421682 0.008523 0.029321
0 0.930979 0.398920 0.021307 0.016976
0 0.927944 0.422261 0.018078 0.011960
0 0.930204 0.439815 0.020790 0.016204
0 0.933820 0.477720 0.013559 0.019869
0 0.927944 0.462384 0.018078 0.025077
0 0.938146 0.509259 0.015755 0.027006
0 0.937177 0.530285 0.018724 0.015047
0 0.907154 0.542438 0.016271 0.016204
0 0.939696 0.549768 0.018337 0.016203
0 0.303913 0.616801 0.017174 0.028357
0 0.209775 0.689429 0.022857 0.023148
0 0.203254 0.610436 0.011364 0.029900
0 0.167291 0.638021 0.016916 0.019869
0 0.491413 0.639274 0.025697 0.020833
0 0.468556 0.708526 0.020274 0.015046
0 0.555785 0.729359 0.018078 0.015047
0 0.672908 0.578221 0.015238 0.031443
0 0.674457 0.678626 0.012139 0.030864
0 0.139915 0.706405 0.010202 0.029321
0 0.145661 0.613425 0.011364 0.033179
0 0.135589 0.596836 0.015496 0.024691
0 0.128228 0.609182 0.009556 0.024691
0 0.131908 0.647666 0.009169 0.026041
0 0.128228 0.679109 0.006973 0.024113
0 0.129003 0.715953 0.008523 0.026041
0 0.127453 0.745273 0.012139 0.023727
0 0.150697 0.690779 0.017821 0.016590
0 0.155088 0.700810 0.010072 0.025078
0 0.225723 0.084104 0.011364 0.021605
0 0.239088 0.075810 0.019499 0.012732
0 0.239928 0.059317 0.006715 0.022184
0 0.246126 0.055459 0.012913 0.013696
0 0.214618 0.080054 0.013946 0.020447
0 0.183368 0.078125 0.018595 0.017362
0 0.172004 0.088927 0.018078 0.013503
0 0.162577 0.097415 0.013688 0.009645
0 0.177944 0.114583 0.017045 0.011574
0 0.148373 0.099923 0.018853 0.026235
0 0.147921 0.086420 0.017432 0.013117
0 0.154636 0.064429 0.014592 0.017747
0 0.165354 0.053819 0.018207 0.013503
0 0.910124 0.566551 0.007748 0.024306
0 0.905992 0.629051 0.007748 0.030478
0 0.922779 0.618056 0.010330 0.030093
0 0.940858 0.600116 0.012397 0.028163
0 0.935046 0.660880 0.016787 0.018518
0 0.937630 0.652392 0.014721 0.012346
0 0.939437 0.665702 0.018337 0.023534
0 0.940211 0.677662 0.016787 0.021219
0 0.947959 0.684028 0.014721 0.024691
0 0.945119 0.699171 0.008006 0.024113
0 0.890238 0.681906 0.013429 0.033564
0 0.943182 0.739005 0.010847 0.024305
0 0.954028 0.760899 0.010847 0.029128
0 0.950542 0.765046 0.014721 0.033179
0 0.943827 0.786458 0.013688 0.025077
0 0.916839 0.761574 0.007748 0.026235
0 0.913998 0.801697 0.012396 0.032407
0 0.714230 0.737847 0.009555 0.021991
0 0.744899 0.773148 0.011751 0.016975
0 0.778925 0.809221 0.016012 0.014275
0 0.674135 0.755015 0.022082 0.015432
0 0.869060 0.828800 0.014980 0.017940
0 0.895015 0.809607 0.018853 0.011959
0 0.898244 0.787326 0.014463 0.010995
0 0.946087 0.823881 0.017949 0.014275
0 0.941310 0.847512 0.015625 0.012539
0 0.935563 0.858796 0.017820 0.011574
0 0.931818 0.878761 0.007232 0.017939
0 0.938985 0.870178 0.012010 0.011189
0 0.916774 0.873071 0.010460 0.009259
0 0.920713 0.876254 0.013947 0.028357
0 0.881651 0.888599 0.009685 0.014467
0 0.875000 0.890046 0.016528 0.010031
0 0.871126 0.870081 0.007748 0.024498
0 0.825091 0.889757 0.010201 0.016782
0 0.844718 0.890143 0.013300 0.011381
0 0.804882 0.867284 0.016271 0.017746
0 0.810886 0.883970 0.016142 0.010609
0 0.810563 0.892072 0.012655 0.009066
0 0.820958 0.879726 0.009427 0.018325
0 0.727724 0.896027 0.017691 0.013503
0 0.708871 0.855517 0.017949 0.012732
0 0.716619 0.833141 0.013559 0.013503
0 0.690083 0.843653 0.012913 0.018711
0 0.672457 0.900173 0.011751 0.011381
0 0.527828 0.880016 0.015625 0.013117
0 0.572508 0.894869 0.014592 0.014274
0 0.582967 0.896894 0.007877 0.021026
0 0.590586 0.887153 0.017175 0.017361
0 0.633200 0.901620 0.015884 0.009259
0 0.629520 0.884452 0.013172 0.019676
0 0.616865 0.906443 0.018853 0.012732
0 0.603306 0.873360 0.008264 0.022570
0 0.597495 0.896991 0.012138 0.020833
0 0.607503 0.896123 0.010459 0.015625
0 0.623192 0.862462 0.007748 0.018904
0 0.618672 0.887924 0.010589 0.016589
0 0.497934 0.893711 0.007232 0.025849
0 0.519758 0.896316 0.006973 0.026813
0 0.485924 0.887346 0.016787 0.011574
0 0.443957 0.904996 0.016012 0.015625
0 0.422391 0.906732 0.011105 0.019869
0 0.397082 0.844715 0.015755 0.010417
0 0.398502 0.913194 0.011880 0.010803
0 0.393595 0.885320 0.017045 0.024113
0 0.392691 0.901042 0.006973 0.028935
0 0.369189 0.902006 0.008522 0.020061
0 0.360796 0.906057 0.012913 0.022762
0 0.346591 0.902392 0.007748 0.018518
0 0.342781 0.879629 0.010201 0.024691
0 0.322379 0.871624 0.013559 0.019097
0 0.333226 0.903356 0.011751 0.021219
0 0.300749 0.911072 0.012138 0.012732
0 0.307723 0.890818 0.010589 0.027778
0 0.267304 0.860243 0.013429 0.020641
0 0.237410 0.855035 0.018207 0.021026
0 0.271371 0.915123 0.016917 0.010031
0 0.261622 0.911844 0.013430 0.011960
0 0.257425 0.904321 0.013300 0.009260
0 0.242704 0.911266 0.009685 0.010802
0 0.228177 0.915317 0.015237 0.014275
0 0.218040 0.910301 0.008910 0.012732
0 0.222237 0.881462 0.007489 0.026428
0 0.231211 0.882234 0.008394 0.010224
0 0.207451 0.909915 0.016658 0.015818
0 0.204545 0.898148 0.010330 0.008487
0 0.192730 0.904128 0.010976 0.017362
0 0.181431 0.909529 0.017303 0.021219
0 0.189566 0.873071 0.008265 0.016976
0 0.178009 0.883005 0.009427 0.021798
0 0.187758 0.809510 0.008781 0.028742
0 0.145145 0.801119 0.022211 0.013503
0 0.135266 0.809028 0.016916 0.014660
0 0.158897 0.841725 0.016658 0.013696
0 0.162384 0.841049 0.010202 0.022377
0 0.138172 0.828318 0.015495 0.020833
0 0.135072 0.840181 0.016529 0.023727
0 0.132231 0.849730 0.013947 0.018904
0 0.143854 0.863619 0.014979 0.011960
0 0.143207 0.872010 0.014204 0.009452
0 0.134168 0.870659 0.009039 0.012153
0 0.143337 0.898341 0.012913 0.009645
0 0.185563 0.887153 0.016270 0.008102
0 0.162126 0.908275 0.022082 0.013696
0 0.192988 0.842013 0.017175 0.021219
0 0.294615 0.839699 0.020273 0.011960
