0 0.441374 0.239969 0.009814 0.027006
0 0.464618 0.287712 0.017045 0.020255
0 0.496384 0.289255 0.013430 0.021797
0 0.485020 0.217207 0.020661 0.015432
0 0.496320 0.175637 0.017433 0.017939
0 0.458936 0.158371 0.019628 0.013503
0 0.371965 0.167052 0.022857 0.019291
0 0.529701 0.155672 0.022211 0.014275
0 0.582839 0.194830 0.012267 0.015432
0 0.619382 0.179013 0.017175 0.013889
0 0.613765 0.213156 0.018853 0.015818
0 0.667097 0.179688 0.012914 0.031443
0 0.636751 0.264660 0.010072 0.028550
0 0.599819 0.297068 0.015238 0.013118
0 0.589231 0.318673 0.019887 0.020062
0 0.560111 0.341339 0.013300 0.013311
0 0.503034 0.424768 0.019499 0.016203
0 0.589489 0.362558 0.017820 0.032214
0 0.621836 0.404706 0.011235 0.029321
0 0.636751 0.323013 0.019370 0.014854
0 0.660124 0.352816 0.012914 0.025077
0 0.664708 0.293017 0.014850 0.023534
0 0.698605 0.255980 0.007748 0.016589
0 0.723786 0.267843 0.011622 0.027971
0 0.714811 0.195409 0.013817 0.018904
0 0.687564 0.138792 0.017691 0.024499
0 0.489218 0.108410 0.016142 0.010803
0 0.518208 0.112944 0.012138 0.023727
0 0.468880 0.097801 0.009039 0.024305
0 0.506069 0.084876 0.017821 0.015433
0 0.531637 0.110339 0.009039 0.023919
0 0.552880 0.089506 0.015884 0.003086
0 0.577157 0.095487 0.024147 0.017361
0 0.614411 0.075232 0.019628 0.013117
0 0.568698 0.031829 0.018595 0.025077
0 0.610925 0.029128 0.019370 0.015818
0 0.596526 0.029417 0.017433 0.024113
0 0.492188 0.043210 0.018466 0.011574
0 0.475336 0.037905 0.008006 0.025656
0 0.480114 0.026717 0.017045 0.026427
0 0.461777 0.032022 0.008781 0.025463
0 0.459065 0.026524 0.017820 0.026042
0 0.442665 0.031346 0.012397 0.027971
0 0.428849 0.032504 0.016787 0.030285
0 0.411932 0.039931 0.010330 0.028163
0 0.378551 0.020737 0.017949 0.022183
0 0.368027 0.031250 0.010330 0.030092
0 0.366154 0.069348 0.012010 0.025270
0 0.356986 0.050733 0.013300 0.018133
0 0.342716 0.027392 0.010847 0.025463
0 0.328512 0.032021 0.009814 0.034722
0 0.317600 0.022955 0.012009 0.022762
0 0.332580 0.108217 0.021565 0.017361
0 0.305979 0.140239 0.013817 0.012732
0 0.293775 0.201292 0.009039 0.024499
0 0.322896 0.246045 0.023373 0.018711
0 0.203771 0.230035 0.016012 0.022184
0 0.144564 0.174672 0.013817 0.030286
0 0.143724 0.104166 0.024018 0.016975
0 0.124096 0.106867 0.011622 0.034723
0 0.197314 0.072531 0.022210 0.015432
0 0.272856 0.139082 0.018337 0.019676
0 0.256134 0.019386 0.018724 0.013310
0 0.209259 0.019386 0.017691 0.021026
0 0.187758 0.021605 0.014463 0.022376
0 0.136105 0.035687 0.018595 0.015818
0 0.134620 0.059799 0.022340 0.019290
0 0.365121 0.365934 0.017691 0.010417
0 0.363249 0.401427 0.011106 0.021219
0 0.317665 0.457273 0.015496 0.024498
0 0.270209 0.375193 0.018982 0.015046
0 0.231857 0.448688 0.013818 0.027006
0 0.179235 0.420621 0.012397 0.025270
0 0.153538 0.433256 0.013688 0.032407
0 0.241090 0.346257 0.012655 0.025077
0 0.246965 0.317708 0.016658 0.019676
0 0.157412 0.335552 0.009556 0.025656
0 0.125129 0.290220 0.009556 0.023726
0 0.129649 0.392940 0.008264 0.014274
0 0.122611 0.374132 0.013818 0.025656
0 0.116477 0.362076 0.014463 0.021990
0 0.114540 0.544367 0.010589 0.012346
0 0.399600 0.573688 0.014851 0.027007
0 0.377453 0.822531 0.024535 0.019290
0 0.262784 0.830439 0.017820 0.025077
0 0.177557 0.813175 0.012138 0.034915
0 0.110795 0.719618 0.012913 0.033372
0 0.162190 0.683353 0.020661 0.024113
0 0.198218 0.684124 0.018337 0.022184
0 0.186467 0.613330 0.012396 0.028743
0 0.134556 0.614873 0.011364 0.033757
0 0.116283 0.568094 0.021307 0.017361
0 0.258071 0.850888 0.020016 0.017361
0 0.270145 0.879147 0.014463 0.027971
0 0.290483 0.878569 0.012267 0.023727
0 0.298037 0.886671 0.015496 0.020640
0 0.365250 0.888117 0.024922 0.017747
0 0.459711 0.892939 0.022727 0.013503
0 0.473915 0.887442 0.014979 0.024498
0 0.134104 0.877700 0.018724 0.013117
0 0.124612 0.867959 0.020403 0.014082
0 0.116607 0.853684 0.018337 0.026428
0 0.605372 0.719522 0.023244 0.019290
0 0.484440 0.782987 0.016659 0.013503
0 0.451382 0.674190 0.020016 0.019676
0 0.644499 0.873842 0.024535 0.017747
0 0.691503 0.893229 0.018854 0.017554
0 0.715650 0.879630 0.020661 0.016975
0 0.758135 0.859182 0.011622 0.030864
0 0.765496 0.885031 0.021694 0.018518
0 0.752325 0.895062 0.016529 0.015432
0 0.795583 0.868538 0.013172 0.008680
0 0.675297 0.793113 0.014850 0.014854
0 0.706999 0.752121 0.017304 0.013503
0 0.762138 0.773342 0.015496 0.013503
0 0.753034 0.607157 0.018983 0.022184
0 0.817084 0.806327 0.020790 0.019290
0 0.820119 0.759645 0.015238 0.020062
0 0.850982 0.815394 0.014463 0.022763
0 0.782347 0.693190 0.021307 0.017939
0 0.821345 0.641590 0.020015 0.017747
0 0.866735 0.663966 0.011881 0.028550
0 0.887332 0.639178 0.016658 0.021798
0 0.913740 0.642940 0.018078 0.012732
0 0.907025 0.682099 0.021178 0.015432
0 0.909285 0.694638 0.017175 0.013503
0 0.871772 0.695409 0.021952 0.017362
0 0.868414 0.753858 0.008523 0.025463
0 0.922779 0.658468 0.019628 0.024498
0 0.887009 0.712191 0.010072 0.022377
0 0.907218 0.727044 0.016142 0.017361
0 0.911932 0.711516 0.021178 0.007137
0 0.915290 0.696566 0.024277 0.017361
0 0.892691 0.747685 0.016788 0.011574
0 0.904249 0.758391 0.016917 0.014853
0 0.900310 0.773244 0.011880 0.026042
0 0.882619 0.776620 0.008006 0.017747
0 0.879649 0.763696 0.010331 0.025077
0 0.867123 0.814333 0.009556 0.027971
0 0.887138 0.787037 0.016012 0.013888
0 0.924070 0.752700 0.015496 0.014661
0 0.915419 0.774112 0.017821 0.016589
0 0.917226 0.770447 0.020403 0.015433
0 0.921100 0.747107 0.006457 0.025849
0 0.926847 0.728009 0.012526 0.020833
0 0.819989 0.878472 0.017045 0.027006
0 0.829158 0.878279 0.009040 0.028164
0 0.830643 0.899305 0.019499 0.012345
0 0.842265 0.887924 0.026730 0.020447
0 0.699574 0.495371 0.018208 0.013117
0 0.694086 0.547936 0.009556 0.025656
0 0.731276 0.476756 0.011622 0.029900
0 0.773760 0.495370 0.011363 0.023920
0 0.769950 0.434799 0.019499 0.015432
0 0.838714 0.499807 0.012138 0.032794
0 0.897857 0.589603 0.009039 0.021798
0 0.925620 0.595872 0.012913 0.017362
0 0.916000 0.541474 0.017691 0.019676
0 0.902893 0.507234 0.009297 0.028356
0 0.915289 0.516590 0.016529 0.014661
0 0.923941 0.501736 0.015754 0.028936
0 0.890173 0.471643 0.021307 0.018905
0 0.895145 0.457561 0.010331 0.029321
0 0.911093 0.438464 0.012009 0.026620
0 0.858213 0.405382 0.007748 0.018711
0 0.888301 0.391493 0.012138 0.028357
0 0.927363 0.396604 0.008910 0.021605
0 0.922521 0.389660 0.008781 0.023149
0 0.916516 0.385417 0.015625 0.020834
0 0.910834 0.367862 0.015108 0.014275
0 0.763236 0.271219 0.017432 0.007716
0 0.785189 0.293210 0.023631 0.019290
0 0.802815 0.229070 0.011622 0.033758
0 0.745739 0.209973 0.012655 0.023727
0 0.738571 0.226273 0.017433 0.016589
0 0.800168 0.167728 0.012526 0.017169
0 0.785447 0.159915 0.016658 0.018904
0 0.741606 0.176505 0.019370 0.018905
0 0.745480 0.141204 0.015755 0.017747
0 0.722237 0.157215 0.015754 0.011959
0 0.710098 0.142746 0.020919 0.013889
0 0.711712 0.121913 0.016917 0.016203
0 0.694925 0.105324 0.019499 0.015432
0 0.681689 0.086709 0.023502 0.017554
0 0.650439 0.056906 0.010588 0.028935
0 0.674393 0.063175 0.014592 0.018326
0 0.682722 0.049286 0.010072 0.030671
0 0.640173 0.034722 0.023115 0.015432
0 0.644951 0.021412 0.021307 0.011960
0 0.713972 0.048419 0.008522 0.028935
0 0.743996 0.038870 0.014333 0.019869
0 0.725981 0.038002 0.015496 0.024305
0 0.700026 0.030768 0.021952 0.016782
0 0.775956 0.053240 0.013688 0.017747
0 0.776085 0.038581 0.018595 0.013889
0 0.803848 0.053819 0.012655 0.030478
0 0.809789 0.038870 0.012655 0.018325
0 0.797908 0.034047 0.018336 0.014082
0 0.821281 0.113233 0.013946 0.020447
0 0.847107 0.151332 0.017045 0.015625
0 0.865250 0.124036 0.018466 0.014275
0 0.847753 0.111015 0.009556 0.022956
0 0.840135 0.090374 0.010331 0.018711
0 0.838391 0.075810 0.012010 0.012732
0 0.834130 0.047068 0.020015 0.015432
0 0.839876 0.043306 0.008264 0.023341
0 0.882167 0.217014 0.011492 0.028936
0 0.868027 0.197145 0.023244 0.010802
0 0.877066 0.200425 0.011880 0.028935
0 0.876744 0.166764 0.012267 0.027199
0 0.917678 0.194541 0.013301 0.018711
0 0.913611 0.185764 0.024019 0.011188
0 0.916257 0.174190 0.013559 0.026620
0 0.908316 0.163388 0.006198 0.024305
0 0.912190 0.140143 0.016012 0.025656
0 0.922198 0.114969 0.011493 0.023148
0 0.886235 0.144290 0.011621 0.027778
0 0.888042 0.113522 0.011622 0.024112
0 0.880811 0.102141 0.009039 0.025270
0 0.871126 0.097608 0.012914 0.033179
0 0.905088 0.114969 0.012138 0.038581
0 0.909414 0.079089 0.011235 0.019290
0 0.919034 0.074749 0.009040 0.026042
0 0.899922 0.068769 0.008523 0.024112
0 0.908381 0.065876 0.009685 0.026042
0 0.867446 0.068287 0.010718 0.016975
0 0.856469 0.049093 0.011493 0.018711
0 0.868156 0.049190 0.006456 0.021219
0 0.872804 0.046296 0.008523 0.023148
0 0.882877 0.045911 0.012655 0.024691
0 0.861699 0.036845 0.024535 0.017361
0 0.848464 0.041281 0.017691 0.016975
0 0.880746 0.273438 0.014850 0.026813
0 0.815406 0.330537 0.011234 0.022955
0 0.898244 0.305652 0.015496 0.019483
0 0.912578 0.319252 0.016271 0.013503
0 0.916645 0.331501 0.018983 0.017168
0 0.913611 0.332562 0.024019 0.020062
0 0.924264 0.250289 0.010460 0.019483
0 0.915483 0.231578 0.013559 0.025656
0 0.909802 0.262731 0.011493 0.026234
0 0.911093 0.254244 0.019241 0.011574
0 0.920132 0.273920 0.011493 0.024691
0 0.917807 0.268904 0.018208 0.012346
0 0.916710 0.869502 0.009556 0.025655
0 0.904958 0.852913 0.017046 0.017940
0 0.917743 0.826775 0.015238 0.015432
0 0.916387 0.813175 0.014850 0.016783
0 0.913740 0.806617 0.018078 0.014468
0 0.918905 0.801311 0.017562 0.009259
0 0.917937 0.794464 0.011235 0.012925
0 0.845300 0.895255 0.008781 0.009645
0 0.863378 0.888599 0.008264 0.022955
0 0.866154 0.889564 0.013559 0.020255
0 0.872223 0.884066 0.012268 0.023534
0 0.890238 0.896605 0.018078 0.011574
0 0.884298 0.884259 0.016012 0.027006
0 0.871320 0.858411 0.008910 0.022377
0 0.887268 0.867091 0.014205 0.024305
0 0.900827 0.876929 0.013946 0.024692
0 0.906896 0.881173 0.012139 0.013117
0 0.904700 0.871335 0.013429 0.020447
0 0.905863 0.867670 0.014721 0.010031
