0 0.525052 0.314043 0.019628 0.012346
0 0.467717 0.309317 0.018079 0.022184
0 0.441503 0.274112 0.021953 0.017361
0 0.393401 0.323881 0.021307 0.015818
0 0.374806 0.288966 0.015883 0.017746
0 0.335292 0.239486 0.022856 0.019483
0 0.308368 0.192708 0.009298 0.026620
0 0.384104 0.163581 0.023890 0.018519
0 0.382748 0.103395 0.010330 0.027006
0 0.400762 0.101370 0.017950 0.021412
0 0.421746 0.096643 0.021178 0.015817
0 0.451317 0.118249 0.018853 0.014275
0 0.501356 0.135513 0.010460 0.029514
0 0.534478 0.195313 0.015755 0.020641
0 0.559724 0.114583 0.014850 0.020062
0 0.531573 0.088349 0.017691 0.014660
0 0.499742 0.068480 0.017045 0.022762
0 0.453577 0.062307 0.012526 0.027392
0 0.299587 0.084105 0.019628 0.015432
0 0.579480 0.257524 0.019499 0.017361
0 0.602079 0.229552 0.023115 0.015433
0 0.589682 0.206211 0.010977 0.016590
0 0.579546 0.171683 0.011881 0.025463
0 0.617963 0.159143 0.020015 0.017361
0 0.607438 0.097801 0.017045 0.015046
0 0.625839 0.063658 0.017433 0.016975
0 0.396113 0.056424 0.009169 0.027971
0 0.388494 0.058256 0.026988 0.019290
0 0.371126 0.017264 0.010330 0.024498
0 0.388882 0.011188 0.014850 0.018519
0 0.424393 0.016782 0.012526 0.013503
0 0.414514 0.012249 0.017562 0.018326
0 0.460614 0.017458 0.014204 0.027199
0 0.481405 0.024691 0.008781 0.022377
0 0.492381 0.062307 0.009038 0.029707
0 0.515883 0.049576 0.018336 0.017361
0 0.542807 0.016589 0.018466 0.023149
0 0.585679 0.055749 0.020015 0.016589
0 0.289063 0.047743 0.016917 0.016011
0 0.287126 0.025270 0.013042 0.025077
0 0.276343 0.015529 0.010848 0.026427
0 0.303461 0.018229 0.025310 0.014854
0 0.305721 0.015914 0.016400 0.029514
0 0.292743 0.014371 0.011622 0.027970
0 0.634620 0.223283 0.014592 0.020255
0 0.623063 0.213155 0.021953 0.017361
0 0.651214 0.249808 0.018336 0.028935
0 0.674328 0.232639 0.013946 0.013118
0 0.661416 0.225984 0.019112 0.019483
0 0.685821 0.162616 0.009556 0.027392
0 0.684207 0.143904 0.021823 0.016975
0 0.648631 0.120756 0.021953 0.017747
0 0.645209 0.098959 0.021307 0.008874
0 0.667613 0.069058 0.018078 0.014660
0 0.646113 0.067322 0.024664 0.022762
0 0.601434 0.026910 0.020015 0.018326
0 0.615444 0.020255 0.014979 0.021219
0 0.635976 0.022087 0.024535 0.020255
0 0.680527 0.038194 0.015496 0.012345
0 0.712487 0.028549 0.017174 0.021605
0 0.689050 0.018808 0.019628 0.018325
0 0.737990 0.109182 0.018337 0.016976
0 0.735473 0.084105 0.018466 0.015432
0 0.753874 0.047068 0.011880 0.032407
0 0.744834 0.021219 0.016529 0.011574
0 0.737668 0.029032 0.010976 0.015625
0 0.728435 0.039738 0.011106 0.030864
0 0.778732 0.094136 0.018724 0.014660
0 0.761687 0.077064 0.012526 0.012538
0 0.827544 0.097994 0.017950 0.016204
0 0.816761 0.044174 0.011622 0.025849
0 0.803719 0.047260 0.018078 0.013503
0 0.803267 0.032890 0.012010 0.027199
0 0.788804 0.027392 0.020791 0.015432
0 0.776343 0.029514 0.019112 0.023534
0 0.771823 0.046972 0.025568 0.018326
0 0.766981 0.149692 0.018466 0.020833
0 0.798360 0.175154 0.022598 0.016204
0 0.748192 0.199846 0.015496 0.019291
0 0.716877 0.254147 0.018983 0.018711
0 0.738636 0.269097 0.020145 0.017361
0 0.697701 0.247010 0.011622 0.027584
0 0.802040 0.216821 0.009556 0.024692
0 0.818053 0.165317 0.013172 0.018904
0 0.811338 0.136960 0.016788 0.015432
0 0.826318 0.197820 0.012655 0.029128
0 0.823411 0.244984 0.019499 0.027006
0 0.878100 0.228974 0.010847 0.025078
0 0.863830 0.144966 0.012526 0.019869
0 0.876937 0.144291 0.009556 0.033179
0 0.857309 0.108121 0.010589 0.030285
0 0.857825 0.073688 0.016787 0.021605
0 0.674716 0.298033 0.009040 0.028935
0 0.893337 0.187211 0.011364 0.031057
0 0.905604 0.145930 0.007489 0.021026
0 0.914838 0.146895 0.009685 0.022955
0 0.927685 0.141590 0.008781 0.031635
0 0.940664 0.141397 0.017433 0.015817
0 0.936208 0.127412 0.016529 0.023341
0 0.925620 0.184510 0.007748 0.025656
0 0.935693 0.178723 0.010847 0.025656
0 0.937435 0.168885 0.009943 0.029128
0 0.925555 0.227527 0.016658 0.024499
0 0.923360 0.264854 0.012268 0.024306
0 0.933109 0.243248 0.017562 0.015047
0 0.932270 0.271123 0.015108 0.013696
0 0.938275 0.275463 0.014979 0.022377
0 0.931237 0.297454 0.014592 0.011574
0 0.705708 0.451486 0.009039 0.026427
0 0.671358 0.390721 0.011621 0.025655
0 0.644564 0.364679 0.013559 0.027585
0 0.645339 0.339410 0.013817 0.025656
0 0.586002 0.395255 0.013946 0.029707
0 0.722043 0.311535 0.021307 0.017361
0 0.769305 0.373746 0.013559 0.023726
0 0.750645 0.474151 0.014205 0.030093
0 0.793647 0.494791 0.009814 0.026620
0 0.808368 0.478009 0.018078 0.024691
0 0.868221 0.468943 0.011493 0.032793
0 0.857115 0.440779 0.009685 0.019676
0 0.900181 0.378568 0.012655 0.027971
0 0.922650 0.371142 0.012655 0.027778
0 0.938404 0.431713 0.018336 0.023920
0 0.936596 0.389274 0.015754 0.029321
0 0.935176 0.474151 0.020145 0.018518
0 0.930334 0.500868 0.019499 0.017168
0 0.935628 0.518808 0.017691 0.014468
0 0.908251 0.323013 0.022339 0.014854
0 0.721591 0.742863 0.020661 0.015046
0 0.666064 0.801601 0.013946 0.017168
0 0.676459 0.855131 0.021049 0.016590
0 0.748257 0.841242 0.024664 0.019676
0 0.773051 0.831694 0.017433 0.018711
0 0.771436 0.860340 0.023244 0.015433
0 0.824122 0.786652 0.017045 0.025463
0 0.837552 0.800636 0.009814 0.022955
0 0.850401 0.810571 0.017691 0.016975
0 0.865251 0.791088 0.017433 0.015046
0 0.836583 0.758005 0.015108 0.020640
0 0.791581 0.690586 0.019628 0.021605
0 0.837035 0.629726 0.020145 0.018711
0 0.719848 0.591436 0.022340 0.016975
0 0.871513 0.753665 0.011622 0.028936
0 0.902957 0.777585 0.010718 0.007330
0 0.882296 0.803434 0.013559 0.013503
0 0.881973 0.772859 0.010330 0.024884
0 0.907218 0.682678 0.009685 0.025849
0 0.719267 0.887635 0.014463 0.023342
0 0.590651 0.884452 0.009298 0.025077
0 0.541645 0.841917 0.014075 0.027585
0 0.785640 0.886960 0.011881 0.031636
0 0.804107 0.870563 0.009555 0.026620
0 0.812887 0.897570 0.009039 0.015047
0 0.803073 0.884355 0.010589 0.027585
0 0.842265 0.890143 0.010976 0.019869
0 0.855113 0.882523 0.010847 0.032794
0 0.930721 0.600502 0.017175 0.014275
0 0.933626 0.588735 0.018078 0.019290
0 0.934530 0.592207 0.026084 0.019290
0 0.930333 0.317419 0.016916 0.012925
0 0.932076 0.309414 0.022211 0.016975
0 0.929236 0.332079 0.021694 0.015239
0 0.934013 0.351852 0.015754 0.014660
0 0.938146 0.353395 0.020403 0.011574
0 0.946410 0.357639 0.010072 0.022377
0 0.920454 0.098187 0.009297 0.022762
0 0.903797 0.099633 0.010073 0.021027
0 0.901214 0.090953 0.011622 0.023726
0 0.866735 0.040413 0.016529 0.024498
0 0.860860 0.034626 0.018724 0.029900
0 0.853241 0.043499 0.020016 0.020640
0 0.840005 0.035687 0.013172 0.022762
0 0.884556 0.044753 0.014463 0.013889
0 0.873450 0.036265 0.015496 0.021605
0 0.879132 0.032311 0.018078 0.022184
0 0.901278 0.040606 0.002195 0.023341
0 0.937952 0.073206 0.014592 0.016782
0 0.929494 0.059221 0.011880 0.017361
0 0.908575 0.041570 0.004649 0.021412
0 0.914773 0.042825 0.011364 0.029321
0 0.923167 0.059221 0.012655 0.040510
0 0.258329 0.157118 0.022340 0.008294
0 0.208936 0.141783 0.015496 0.013503
0 0.178332 0.121721 0.023502 0.019676
0 0.160511 0.089313 0.024535 0.018133
0 0.239024 0.010996 0.019887 0.021219
0 0.153990 0.024692 0.023889 0.014661
0 0.153022 0.035880 0.020920 0.015432
0 0.152635 0.050733 0.024277 0.016590
0 0.234633 0.243828 0.015754 0.021605
0 0.146049 0.219907 0.018853 0.019290
0 0.256973 0.336227 0.013946 0.025848
0 0.181818 0.262731 0.013947 0.030865
0 0.178203 0.319734 0.013947 0.030285
0 0.164773 0.398149 0.011880 0.025463
0 0.197443 0.436053 0.011622 0.030672
0 0.181883 0.465278 0.012784 0.028549
0 0.227273 0.509066 0.007748 0.020448
0 0.141658 0.401813 0.009556 0.031250
0 0.132490 0.456693 0.010847 0.026427
0 0.163740 0.498650 0.018078 0.022762
0 0.129003 0.516782 0.012655 0.028164
0 0.359762 0.434703 0.010847 0.024112
0 0.401989 0.506366 0.011622 0.030478
0 0.310305 0.590953 0.018336 0.008680
0 0.295067 0.630208 0.021952 0.017361
0 0.227015 0.654610 0.012913 0.035687
0 0.197572 0.632523 0.021694 0.016590
0 0.162190 0.594715 0.008264 0.018904
0 0.191568 0.697724 0.014075 0.019676
0 0.217588 0.775656 0.021953 0.018904
0 0.169293 0.817322 0.020919 0.025077
0 0.331483 0.733796 0.018337 0.018519
0 0.378487 0.585937 0.012139 0.030285
0 0.450025 0.668789 0.018337 0.017361
0 0.400697 0.816551 0.015754 0.025848
0 0.285834 0.869791 0.019499 0.028164
0 0.249032 0.877990 0.017691 0.014853
0 0.229210 0.868634 0.018337 0.014275
0 0.206676 0.869309 0.017175 0.025270
0 0.153667 0.872686 0.018078 0.017747
0 0.146436 0.845004 0.010330 0.030672
0 0.138300 0.858025 0.024019 0.016204
0 0.502582 0.766590 0.014979 0.014661
0 0.549781 0.322723 0.018466 0.017361
0 0.937113 0.661458 0.014204 0.022763
0 0.943956 0.668017 0.014979 0.017361
0 0.938792 0.650849 0.018078 0.016976
0 0.936080 0.637346 0.012138 0.020834
0 0.927815 0.627315 0.017304 0.023919
0 0.926395 0.621528 0.020145 0.021605
0 0.938534 0.623457 0.016529 0.023920
0 0.929752 0.744406 0.019628 0.011188
0 0.921875 0.765818 0.014722 0.023148
0 0.942924 0.733989 0.011881 0.025849
0 0.939824 0.720872 0.014979 0.021219
0 0.932335 0.704090 0.018595 0.021605
0 0.944215 0.700810 0.009298 0.024306
0 0.927428 0.762346 0.022211 0.014661
0 0.938533 0.762345 0.014463 0.010031
0 0.939825 0.776620 0.018078 0.009259
0 0.901343 0.806906 0.009298 0.027392
0 0.937629 0.807484 0.015238 0.012346
0 0.929107 0.810186 0.012655 0.013117
0 0.940986 0.817130 0.018853 0.017747
0 0.940858 0.787423 0.018078 0.013889
0 0.882489 0.839892 0.019111 0.013888
0 0.897986 0.820988 0.018078 0.011574
0 0.898373 0.836420 0.021436 0.014660
0 0.889205 0.862655 0.018078 0.010031
0 0.891012 0.879244 0.009297 0.023148
0 0.903409 0.883680 0.008264 0.028164
0 0.906767 0.877507 0.009814 0.020447
0 0.911932 0.874421 0.010847 0.021991
0 0.914902 0.896991 0.018336 0.010802
0 0.882103 0.892554 0.010589 0.024305
0 0.885460 0.899113 0.016270 0.014274
0 0.926911 0.839892 0.017045 0.012346
0 0.933885 0.816936 0.018595 0.006559
0 0.936983 0.837191 0.016529 0.017747
0 0.937500 0.844907 0.022728 0.013117
0 0.922004 0.879244 0.010331 0.026234
0 0.919550 0.853395 0.006973 0.016204
0 0.934272 0.866319 0.009556 0.024305
0 0.929752 0.874614 0.009298 0.023148
