0 0.222237 0.087770 0.020403 0.018904
0 0.265819 0.098766 0.018983 0.020061
0 0.234569 0.154514 0.019758 0.024306
0 0.264850 0.216242 0.012655 0.023534
0 0.283381 0.297839 0.016141 0.020833
0 0.286996 0.340953 0.013301 0.029514
0 0.295713 0.480324 0.013946 0.027778
0 0.311337 0.510031 0.012655 0.031636
0 0.227273 0.397955 0.011880 0.023534
0 0.196669 0.324460 0.011105 0.024692
0 0.185822 0.301504 0.010589 0.030478
0 0.206224 0.130016 0.015754 0.027777
0 0.395532 0.184800 0.024018 0.026235
0 0.459711 0.119791 0.020661 0.018133
0 0.301136 0.050058 0.018595 0.016782
0 0.321668 0.055363 0.017303 0.017361
0 0.331870 0.074074 0.017562 0.020834
0 0.368802 0.066551 0.013947 0.026620
0 0.377454 0.069155 0.021435 0.025656
0 0.382683 0.076293 0.011493 0.029900
0 0.407541 0.058835 0.021177 0.018132
0 0.438146 0.061632 0.016271 0.015239
0 0.443311 0.048418 0.012655 0.015818
0 0.512074 0.054591 0.022856 0.018132
0 0.516271 0.065394 0.018595 0.020448
0 0.555721 0.077739 0.018725 0.024306
0 0.587035 0.049382 0.012397 0.013889
0 0.619254 0.099922 0.019241 0.017747
0 0.607760 0.184993 0.021565 0.021991
0 0.642239 0.222608 0.018207 0.020062
0 0.665483 0.266783 0.028022 0.028163
0 0.669421 0.336034 0.017562 0.020062
0 0.612603 0.406058 0.022211 0.025077
0 0.434465 0.434414 0.022857 0.023148
0 0.445958 0.416474 0.012268 0.016590
0 0.189308 0.373167 0.013430 0.028743
0 0.180721 0.519290 0.014333 0.036265
0 0.175233 0.524691 0.020403 0.023148
0 0.213327 0.546200 0.012913 0.028357
0 0.229081 0.561246 0.015496 0.032986
0 0.239540 0.604938 0.015238 0.034722
0 0.282799 0.619020 0.013429 0.032022
0 0.305592 0.598766 0.018208 0.020061
0 0.706482 0.224344 0.023502 0.027392
0 0.698605 0.169560 0.021177 0.018904
0 0.657606 0.097704 0.014334 0.015625
0 0.647986 0.081404 0.019629 0.016975
0 0.650181 0.048418 0.017821 0.015818
0 0.675491 0.055555 0.013688 0.026235
0 0.686532 0.066069 0.011234 0.025656
0 0.697702 0.067130 0.019369 0.017747
0 0.716877 0.046875 0.014076 0.017361
0 0.162577 0.116705 0.012139 0.030479
0 0.165419 0.084587 0.014721 0.021027
0 0.164450 0.067998 0.009427 0.027971
0 0.151795 0.060571 0.009427 0.021605
0 0.134555 0.089217 0.012397 0.024113
0 0.140302 0.143326 0.009427 0.027392
0 0.147534 0.129823 0.014075 0.017361
0 0.133393 0.120853 0.008523 0.024113
0 0.140496 0.158179 0.009814 0.020834
0 0.136686 0.162230 0.020790 0.016590
0 0.131005 0.174189 0.016141 0.017361
0 0.135589 0.183546 0.009814 0.029899
0 0.155217 0.195023 0.011364 0.032022
0 0.348270 0.670525 0.015755 0.014660
0 0.126743 0.214988 0.013300 0.027971
0 0.138300 0.224247 0.010073 0.027199
0 0.154313 0.253569 0.008006 0.022569
0 0.144499 0.274980 0.013688 0.022569
0 0.149147 0.277778 0.010589 0.029321
0 0.132360 0.258487 0.009039 0.026235
0 0.131198 0.237365 0.010847 0.024113
0 0.739928 0.048129 0.015495 0.026042
0 0.796100 0.049769 0.009556 0.029321
0 0.829610 0.048900 0.020274 0.027585
0 0.881005 0.046972 0.018207 0.026042
0 0.938210 0.082272 0.012526 0.032601
0 0.833419 0.085262 0.013429 0.029321
0 0.829675 0.128086 0.016270 0.013117
0 0.752324 0.122106 0.019629 0.016589
0 0.792808 0.173226 0.019241 0.017747
0 0.815341 0.168403 0.015496 0.016590
0 0.837422 0.231770 0.011105 0.027199
0 0.882813 0.202160 0.021049 0.017747
0 0.777376 0.245563 0.014463 0.018132
0 0.812758 0.304591 0.013430 0.018132
0 0.901601 0.215278 0.013430 0.035494
0 0.937823 0.219811 0.014850 0.019868
0 0.931431 0.205151 0.009556 0.024885
0 0.938533 0.196567 0.010330 0.026621
0 0.939695 0.280382 0.011105 0.026041
0 0.925878 0.257330 0.010330 0.030865
0 0.833419 0.338927 0.013429 0.025849
0 0.777505 0.421490 0.021436 0.021219
0 0.754972 0.433257 0.011751 0.029321
0 0.850336 0.474248 0.018853 0.021412
0 0.905734 0.362654 0.019629 0.031636
0 0.912707 0.431520 0.013429 0.029706
0 0.871771 0.505883 0.015238 0.032601
0 0.852079 0.596354 0.014333 0.024884
0 0.817084 0.573206 0.019241 0.024884
0 0.883265 0.642843 0.012913 0.029128
0 0.871771 0.584008 0.020403 0.032215
0 0.846526 0.635417 0.017433 0.020062
0 0.876227 0.665316 0.016658 0.015818
0 0.948024 0.569444 0.016658 0.027006
0 0.949832 0.541474 0.020274 0.024305
0 0.947831 0.513888 0.018595 0.017747
0 0.949574 0.502122 0.017691 0.016590
0 0.956095 0.488812 0.007748 0.021605
0 0.951446 0.387249 0.013946 0.021026
0 0.948993 0.398438 0.016270 0.024884
0 0.948411 0.407601 0.015883 0.021991
0 0.751937 0.687403 0.013172 0.025656
0 0.784672 0.763021 0.016916 0.024112
0 0.814049 0.736111 0.020661 0.027006
0 0.858083 0.749132 0.014721 0.029900
0 0.906250 0.728491 0.013946 0.038388
0 0.902764 0.794078 0.014205 0.032986
0 0.958484 0.747299 0.017949 0.026235
0 0.604404 0.690393 0.018983 0.021991
0 0.529829 0.679399 0.013171 0.029321
0 0.586196 0.721451 0.022856 0.023149
0 0.467975 0.719425 0.021694 0.037230
0 0.577350 0.774884 0.012655 0.033564
0 0.601110 0.763599 0.012655 0.027971
0 0.692278 0.797068 0.019370 0.020834
0 0.756973 0.815393 0.016529 0.021991
0 0.770403 0.827354 0.020661 0.018905
0 0.800297 0.880787 0.020790 0.027778
0 0.824574 0.858410 0.022081 0.020061
0 0.869964 0.854167 0.010589 0.033179
0 0.858083 0.855517 0.013171 0.030478
0 0.565341 0.799190 0.019628 0.016590
0 0.548876 0.862654 0.020790 0.023920
0 0.373063 0.711998 0.020402 0.018905
0 0.362603 0.838156 0.016529 0.018904
0 0.305850 0.818480 0.023889 0.021990
0 0.294099 0.697049 0.015109 0.025656
0 0.280992 0.744598 0.023243 0.020833
0 0.321604 0.751061 0.013817 0.023726
0 0.927686 0.849055 0.010330 0.032600
0 0.922392 0.870660 0.016787 0.021027
0 0.963585 0.834588 0.013430 0.031057
0 0.948864 0.895061 0.007748 0.033179
0 0.916710 0.913291 0.012655 0.021412
0 0.904506 0.918210 0.015108 0.024691
0 0.886751 0.920332 0.010589 0.020448
0 0.872611 0.922068 0.014850 0.013118
0 0.855565 0.923226 0.015883 0.014661
0 0.842975 0.919271 0.014463 0.022570
0 0.809207 0.925925 0.017174 0.013889
0 0.807916 0.903743 0.017175 0.018133
0 0.797004 0.922357 0.015496 0.021026
0 0.749160 0.917245 0.016917 0.020448
0 0.724755 0.919753 0.014076 0.019290
0 0.709000 0.879823 0.015108 0.023534
0 0.675749 0.888503 0.020402 0.020834
0 0.608472 0.930459 0.018595 0.027971
0 0.654313 0.924190 0.021436 0.018904
0 0.232309 0.688465 0.020403 0.024305
0 0.570377 0.926119 0.007490 0.025849
0 0.591942 0.926505 0.020661 0.012731
0 0.580837 0.926987 0.013430 0.024112
0 0.557851 0.923418 0.014463 0.028936
0 0.677427 0.926794 0.016529 0.013696
0 0.679365 0.931616 0.008522 0.018711
0 0.691374 0.924189 0.009814 0.028935
0 0.695506 0.926408 0.019628 0.018325
0 0.704158 0.909336 0.020402 0.016203
0 0.710937 0.923997 0.011235 0.021605
0 0.700930 0.929591 0.014463 0.015046
0 0.261880 0.794175 0.018078 0.021991
0 0.320054 0.859568 0.022081 0.016976
0 0.311854 0.879147 0.019370 0.017939
0 0.211583 0.695023 0.010977 0.018904
0 0.212423 0.807098 0.008523 0.032407
0 0.192989 0.784143 0.017691 0.018133
0 0.356664 0.922357 0.008781 0.024884
0 0.383071 0.926022 0.010718 0.031443
0 0.391852 0.940297 0.017691 0.022956
0 0.426265 0.919560 0.020403 0.018904
0 0.422908 0.931809 0.019370 0.016011
0 0.446152 0.933835 0.019370 0.020447
0 0.535318 0.931038 0.016658 0.021412
0 0.534543 0.922550 0.012526 0.022956
0 0.520919 0.933160 0.013946 0.017169
0 0.507231 0.922743 0.009814 0.034143
0 0.503228 0.907600 0.010589 0.027392
0 0.503422 0.919946 0.010201 0.025078
0 0.496901 0.927373 0.007232 0.024884
0 0.486570 0.919271 0.007748 0.024112
0 0.482954 0.921585 0.008781 0.030285
0 0.476756 0.924190 0.008265 0.016590
0 0.237345 0.892554 0.009298 0.029706
0 0.257360 0.925251 0.009039 0.032986
0 0.263494 0.853781 0.014333 0.013118
0 0.239799 0.843557 0.018853 0.016590
0 0.270726 0.842400 0.020273 0.015818
0 0.306431 0.938465 0.021952 0.019675
0 0.277053 0.925637 0.010201 0.024498
0 0.274793 0.928530 0.015496 0.022570
0 0.285060 0.933353 0.013817 0.025270
0 0.290935 0.926022 0.018336 0.019869
0 0.300878 0.908855 0.012396 0.019483
0 0.312242 0.910687 0.022728 0.015818
0 0.293517 0.907022 0.012655 0.027007
0 0.230307 0.935860 0.014851 0.026428
0 0.215457 0.933160 0.016142 0.017169
0 0.199897 0.930652 0.012397 0.029128
0 0.154958 0.773148 0.020661 0.016204
0 0.157218 0.696373 0.017433 0.020833
0 0.143014 0.638020 0.016400 0.027199
0 0.123450 0.658565 0.015496 0.023148
0 0.129262 0.640914 0.010589 0.020255
0 0.124612 0.637539 0.010072 0.021991
0 0.130424 0.612172 0.007748 0.023726
0 0.139979 0.521509 0.013946 0.026042
0 0.125904 0.502700 0.010589 0.026235
0 0.124935 0.534337 0.012784 0.023919
0 0.130811 0.561439 0.018337 0.017940
0 0.125839 0.576003 0.014592 0.014660
0 0.127195 0.589506 0.016271 0.015432
0 0.124225 0.551022 0.009298 0.027971
0 0.127131 0.455536 0.012525 0.020641
0 0.124354 0.420717 0.010072 0.022763
0 0.146435 0.414448 0.008781 0.024884
0 0.139205 0.406346 0.009297 0.024885
0 0.130876 0.387828 0.014334 0.020255
0 0.131844 0.378086 0.020919 0.016975
0 0.132038 0.369213 0.018724 0.015432
0 0.135395 0.350887 0.018208 0.011188
0 0.134169 0.340085 0.020919 0.020447
0 0.137784 0.324267 0.008522 0.016589
0 0.128422 0.717689 0.017692 0.018711
0 0.130553 0.695602 0.018854 0.023148
0 0.126356 0.685281 0.013559 0.012539
0 0.120933 0.754823 0.018208 0.017361
0 0.121900 0.737944 0.012397 0.034529
0 0.129390 0.739969 0.009814 0.023920
0 0.127970 0.777392 0.018336 0.013118
0 0.133329 0.786266 0.018724 0.014661
0 0.120868 0.801119 0.011364 0.028164
0 0.127195 0.823109 0.016271 0.012731
0 0.136622 0.846836 0.019112 0.023919
0 0.164320 0.834105 0.017691 0.013889
0 0.185628 0.848187 0.017950 0.015046
0 0.179688 0.873071 0.013559 0.016976
0 0.166968 0.879919 0.010589 0.019483
0 0.126034 0.850309 0.018595 0.015432
0 0.124160 0.899788 0.016917 0.020640
0 0.145209 0.892747 0.012784 0.023148
0 0.128809 0.874229 0.018466 0.017747
0 0.138817 0.908564 0.023502 0.013117
0 0.140432 0.918403 0.012268 0.022763
0 0.149406 0.927469 0.010589 0.022376
0 0.165289 0.923804 0.007748 0.028164
0 0.155540 0.925347 0.012010 0.020448
0 0.177879 0.917246 0.011235 0.029707
0 0.187500 0.927951 0.016013 0.029128
0 0.187435 0.927180 0.012784 0.012925
