0 0.470558 0.321759 0.014463 0.010802
0 0.517432 0.307291 0.014721 0.016589
0 0.478564 0.279707 0.019112 0.014660
0 0.494835 0.255016 0.021694 0.016203
0 0.509168 0.214892 0.018854 0.016204
0 0.406250 0.206018 0.020145 0.020061
0 0.415935 0.170911 0.014205 0.022377
0 0.509039 0.119599 0.018079 0.012346
0 0.529442 0.158565 0.019628 0.014660
0 0.563533 0.128086 0.017562 0.030864
0 0.609633 0.168403 0.018337 0.027392
0 0.654313 0.116126 0.015754 0.022376
0 0.702350 0.140047 0.018853 0.014661
0 0.635847 0.270254 0.010331 0.013503
0 0.629390 0.297840 0.008781 0.016975
0 0.605371 0.341049 0.014463 0.015432
0 0.592201 0.362944 0.010847 0.029899
0 0.634298 0.342592 0.017562 0.012345
0 0.663998 0.340664 0.012913 0.019290
0 0.755165 0.361496 0.010331 0.025463
0 0.702608 0.279707 0.018853 0.014660
0 0.748192 0.226466 0.019112 0.014661
0 0.766917 0.271991 0.019887 0.016204
0 0.774406 0.237462 0.021436 0.018904
0 0.764076 0.148727 0.022469 0.021220
0 0.581095 0.059993 0.026860 0.017361
0 0.510976 0.056520 0.022986 0.015047
0 0.447314 0.070602 0.022728 0.018519
0 0.650310 0.066840 0.013430 0.029514
0 0.681043 0.071181 0.011880 0.029707
0 0.739411 0.102527 0.014980 0.026814
0 0.794938 0.056327 0.019628 0.014660
0 0.775052 0.196180 0.017046 0.021991
0 0.797779 0.191358 0.011880 0.021604
0 0.847882 0.148148 0.016012 0.024692
0 0.852273 0.083816 0.011364 0.027971
0 0.866736 0.057871 0.017562 0.013117
0 0.795067 0.251543 0.015754 0.018518
0 0.807206 0.312307 0.016271 0.022763
0 0.798167 0.353395 0.020403 0.023148
0 0.833936 0.308449 0.012914 0.031250
0 0.847365 0.289352 0.012913 0.032407
0 0.873450 0.329379 0.011364 0.024885
0 0.898502 0.096258 0.020145 0.015047
0 0.889592 0.130884 0.010072 0.020641
0 0.905733 0.143230 0.012913 0.019869
0 0.900439 0.158372 0.014205 0.010416
0 0.909607 0.184221 0.013429 0.023534
0 0.894111 0.201003 0.008265 0.020834
0 0.883781 0.208526 0.018595 0.016590
0 0.884427 0.224344 0.015754 0.018904
0 0.905991 0.236690 0.009298 0.024306
0 0.911932 0.227816 0.011880 0.021219
0 0.888559 0.246913 0.016270 0.020062
0 0.871771 0.374228 0.016787 0.016975
0 0.859504 0.414834 0.010330 0.027585
0 0.893078 0.385899 0.011363 0.025270
0 0.903925 0.379726 0.013429 0.028356
0 0.901214 0.338349 0.018853 0.016204
0 0.912578 0.355903 0.018853 0.014275
0 0.917355 0.382619 0.014463 0.022569
0 0.916193 0.326003 0.016787 0.022377
0 0.907025 0.301312 0.023760 0.016204
0 0.910382 0.264661 0.014980 0.021605
0 0.900310 0.284144 0.017562 0.015047
0 0.904442 0.280092 0.023760 0.013889
0 0.596462 0.534240 0.015754 0.022570
0 0.773502 0.588735 0.011880 0.030864
0 0.807076 0.486786 0.012913 0.033758
0 0.838843 0.485629 0.015496 0.016397
0 0.872159 0.462867 0.012914 0.031829
0 0.894499 0.506559 0.010589 0.018518
0 0.923037 0.513504 0.016529 0.017747
0 0.877841 0.555556 0.027376 0.021605
0 0.797262 0.569348 0.010847 0.017940
0 0.811467 0.601273 0.009298 0.023534
0 0.846591 0.686246 0.019628 0.021026
0 0.879649 0.623843 0.021694 0.023920
0 0.897728 0.581500 0.012397 0.031443
0 0.920841 0.660783 0.014721 0.030285
0 0.923554 0.697917 0.015496 0.032407
0 0.918001 0.432967 0.011105 0.022955
0 0.918260 0.442033 0.014721 0.025656
0 0.913998 0.454861 0.009814 0.027006
0 0.920454 0.459587 0.018595 0.026041
0 0.917743 0.486883 0.011622 0.023148
0 0.922263 0.487654 0.016012 0.013889
0 0.910640 0.718750 0.017562 0.023148
0 0.912577 0.722994 0.025052 0.013117
0 0.683497 0.740355 0.019886 0.018518
0 0.769499 0.763889 0.022469 0.016204
0 0.790548 0.799382 0.021177 0.014661
0 0.752195 0.827546 0.021953 0.016975
0 0.736054 0.861883 0.011364 0.030092
0 0.821022 0.877314 0.022211 0.013117
0 0.930268 0.772570 0.011363 0.025077
0 0.921101 0.814429 0.022469 0.020062
0 0.896049 0.878665 0.005940 0.024305
0 0.920196 0.863426 0.009814 0.020834
0 0.936467 0.891590 0.012396 0.029321
0 0.913998 0.891397 0.007748 0.017361
0 0.924328 0.911458 0.011881 0.025077
0 0.914385 0.920139 0.008522 0.026235
0 0.850465 0.923997 0.011880 0.024691
0 0.838326 0.936149 0.019628 0.020448
0 0.824896 0.929012 0.014463 0.027006
0 0.806043 0.900077 0.021178 0.018518
0 0.784736 0.939429 0.021953 0.016976
0 0.774019 0.923418 0.017046 0.030478
0 0.751937 0.917053 0.018336 0.021605
0 0.737862 0.930749 0.011880 0.026620
0 0.739799 0.943673 0.022469 0.014660
0 0.674071 0.948110 0.022727 0.018133
0 0.645919 0.942901 0.010847 0.028550
0 0.629520 0.934028 0.008006 0.021605
0 0.612603 0.941937 0.013430 0.024306
0 0.620093 0.890046 0.019112 0.016975
0 0.600981 0.880401 0.025309 0.019290
0 0.567924 0.943287 0.023244 0.023148
0 0.522598 0.949846 0.015238 0.023920
0 0.506069 0.937307 0.020403 0.022762
0 0.893466 0.927083 0.017820 0.012346
0 0.900310 0.914545 0.010330 0.031250
0 0.889979 0.917631 0.009297 0.026620
0 0.885847 0.918210 0.014463 0.036265
0 0.437565 0.499228 0.021565 0.015432
0 0.404829 0.528935 0.020919 0.016204
0 0.424845 0.600019 0.014980 0.025656
0 0.431818 0.640336 0.015496 0.026041
0 0.406250 0.690972 0.023244 0.018518
0 0.351498 0.775173 0.023244 0.016397
0 0.288481 0.679399 0.011880 0.025463
0 0.335744 0.551312 0.019628 0.016204
0 0.266529 0.542245 0.018595 0.031250
0 0.253810 0.473379 0.013559 0.017747
0 0.200671 0.445216 0.020145 0.023148
0 0.190082 0.532215 0.014463 0.021991
0 0.213843 0.667825 0.012396 0.033179
0 0.183109 0.748554 0.011881 0.031443
0 0.182980 0.682195 0.015237 0.032600
0 0.210034 0.783179 0.018207 0.017746
0 0.182077 0.781057 0.012913 0.013503
0 0.463584 0.818287 0.018078 0.015432
0 0.440211 0.858411 0.010589 0.026235
0 0.365702 0.849537 0.023761 0.017746
0 0.386105 0.815393 0.020145 0.029707
0 0.473011 0.922261 0.013688 0.020447
0 0.464489 0.942902 0.020919 0.017747
0 0.430785 0.945795 0.011364 0.025849
0 0.419938 0.943673 0.013430 0.031636
0 0.240315 0.848380 0.018337 0.026234
0 0.221397 0.863812 0.024406 0.020062
0 0.280992 0.904900 0.012397 0.035108
0 0.239540 0.940586 0.018853 0.019290
0 0.257360 0.962191 0.020403 0.014661
0 0.273502 0.954090 0.010847 0.023148
0 0.349820 0.893711 0.011105 0.025077
0 0.334453 0.914159 0.008781 0.028936
0 0.392432 0.932099 0.018337 0.019290
0 0.376550 0.957369 0.018595 0.018132
0 0.369189 0.952739 0.015237 0.016590
0 0.360537 0.940201 0.013430 0.023149
0 0.373838 0.929977 0.012138 0.026620
0 0.364799 0.935571 0.013688 0.024691
0 0.394370 0.960841 0.016013 0.014274
0 0.200155 0.949267 0.005682 0.028164
0 0.136235 0.706018 0.020403 0.017747
0 0.115573 0.733603 0.012655 0.027392
0 0.095235 0.705247 0.020532 0.019290
0 0.087035 0.741899 0.018079 0.013889
0 0.116477 0.674768 0.014979 0.032408
0 0.091749 0.687982 0.020273 0.015240
0 0.083807 0.668596 0.011622 0.027778
0 0.112345 0.773341 0.007748 0.021219
0 0.093427 0.777199 0.014850 0.021990
0 0.090199 0.763310 0.021307 0.016590
0 0.100530 0.838349 0.016142 0.015432
0 0.084969 0.791474 0.010847 0.025077
0 0.083548 0.820023 0.014204 0.028164
0 0.084710 0.851080 0.012913 0.036266
0 0.131844 0.855324 0.015754 0.027778
0 0.126033 0.858990 0.012914 0.029707
0 0.147340 0.915702 0.014204 0.027392
0 0.122030 0.893518 0.017820 0.017747
0 0.307206 0.941744 0.009039 0.029321
0 0.298231 0.952450 0.010718 0.026427
0 0.294098 0.950810 0.013559 0.016589
0 0.292226 0.950038 0.013688 0.028164
0 0.316632 0.943190 0.010847 0.034915
0 0.349561 0.946566 0.003874 0.027392
0 0.338068 0.945216 0.013947 0.028550
0 0.349496 0.957176 0.015883 0.020062
0 0.337100 0.955826 0.016400 0.022763
0 0.093362 0.893325 0.010072 0.028164
0 0.081740 0.896219 0.012655 0.030093
0 0.101692 0.907214 0.020016 0.023534
0 0.088843 0.912230 0.023760 0.024305
0 0.093750 0.916473 0.018596 0.014275
0 0.091103 0.929398 0.021565 0.011574
0 0.091813 0.939719 0.018337 0.012539
0 0.188016 0.932678 0.010330 0.021991
0 0.185370 0.946952 0.013817 0.030478
0 0.182852 0.944734 0.012397 0.036458
0 0.171746 0.930170 0.007748 0.033179
0 0.162383 0.945505 0.009685 0.035687
0 0.148825 0.948785 0.013559 0.036844
0 0.142175 0.943384 0.013688 0.021412
0 0.138300 0.956501 0.018337 0.020640
0 0.116219 0.946373 0.018596 0.010803
0 0.121643 0.949460 0.009814 0.025463
0 0.115832 0.952064 0.016271 0.020255
0 0.107697 0.947241 0.018595 0.018325
0 0.105565 0.941455 0.021049 0.012925
0 0.107180 0.934414 0.015496 0.009259
0 0.136235 0.563561 0.010073 0.032214
0 0.133006 0.506076 0.022727 0.016782
0 0.095364 0.520062 0.017691 0.016204
0 0.099496 0.494985 0.022340 0.017747
0 0.118802 0.477431 0.011363 0.034336
0 0.166193 0.404996 0.010589 0.027585
0 0.105437 0.612268 0.012009 0.027777
0 0.099238 0.605613 0.015108 0.022569
0 0.082386 0.620178 0.013947 0.025077
0 0.089102 0.557870 0.017045 0.023148
0 0.090973 0.566551 0.019241 0.016590
0 0.094589 0.575906 0.021307 0.023341
0 0.104404 0.424961 0.020273 0.011189
0 0.085808 0.435957 0.008911 0.026234
0 0.100529 0.410590 0.013042 0.026427
0 0.086906 0.401813 0.011622 0.029707
0 0.090780 0.383487 0.008523 0.029321
0 0.160382 0.355517 0.011364 0.024305
0 0.143983 0.339892 0.020919 0.016204
0 0.189824 0.333526 0.011880 0.029706
0 0.173295 0.304302 0.011881 0.029514
0 0.101304 0.309125 0.012009 0.034915
0 0.096526 0.302083 0.018466 0.016204
0 0.101692 0.270834 0.018466 0.013889
0 0.094977 0.280479 0.017433 0.014660
0 0.219784 0.258198 0.008781 0.024885
0 0.264786 0.233700 0.018724 0.025656
0 0.140625 0.279513 0.019370 0.025077
0 0.142755 0.224922 0.021049 0.017747
0 0.098916 0.187114 0.009297 0.026234
0 0.094589 0.200135 0.015108 0.020641
0 0.149793 0.120467 0.005682 0.024884
0 0.105888 0.107157 0.009814 0.031443
0 0.107890 0.085262 0.020016 0.014661
0 0.227596 0.147569 0.017691 0.015818
0 0.237087 0.086613 0.008264 0.025077
0 0.226562 0.085455 0.010717 0.024306
0 0.221720 0.062693 0.017304 0.020447
0 0.196539 0.069348 0.012397 0.027585
0 0.170003 0.067419 0.018983 0.027585
0 0.185434 0.069059 0.010847 0.027006
0 0.272792 0.056134 0.018466 0.014275
0 0.322314 0.115547 0.017045 0.013503
0 0.317407 0.198592 0.011364 0.029514
0 0.376034 0.069348 0.010847 0.030671
0 0.368414 0.092785 0.020920 0.016589
0 0.309401 0.095872 0.019112 0.011188
0 0.326640 0.070602 0.016658 0.013117
0 0.297779 0.069155 0.012397 0.023341
0 0.314824 0.061825 0.017562 0.017940
