0 0.365057 0.597512 0.011622 0.033372
0 0.366154 0.669850 0.018982 0.026428
0 0.431237 0.547164 0.018724 0.024112
0 0.416258 0.717979 0.007102 0.017747
0 0.417420 0.721354 0.017174 0.022570
0 0.652505 0.563079 0.025568 0.021219
0 0.675942 0.658083 0.025181 0.020255
0 0.706289 0.714603 0.018725 0.020641
0 0.712681 0.463446 0.013688 0.031443
0 0.611958 0.379051 0.003357 0.026620
0 0.580062 0.352334 0.012914 0.029900
0 0.291451 0.410012 0.011622 0.026041
0 0.232050 0.330151 0.014205 0.033757
0 0.251937 0.284336 0.011622 0.030865
0 0.296488 0.245853 0.012913 0.029513
0 0.444473 0.288195 0.010331 0.019290
0 0.513236 0.119598 0.022598 0.017747
0 0.432916 0.090278 0.012010 0.027006
0 0.409091 0.094425 0.021694 0.019868
0 0.426266 0.058449 0.011621 0.025077
0 0.338262 0.162519 0.014850 0.027585
0 0.353500 0.090278 0.015108 0.023148
0 0.306173 0.026138 0.011621 0.029900
0 0.276408 0.020544 0.015883 0.024112
0 0.496126 0.047840 0.028409 0.023149
0 0.567794 0.076196 0.016787 0.031250
0 0.594266 0.049383 0.023243 0.020062
0 0.587681 0.076967 0.021953 0.021219
0 0.614153 0.114005 0.023244 0.016589
0 0.663998 0.153550 0.023244 0.016203
0 0.654829 0.061149 0.014205 0.030478
0 0.737604 0.178241 0.020661 0.019290
0 0.792162 0.130401 0.022598 0.018518
0 0.724109 0.101273 0.015883 0.023534
0 0.741090 0.069251 0.017304 0.032793
0 0.746320 0.043210 0.022598 0.019290
0 0.719783 0.078029 0.009814 0.017940
0 0.710873 0.057002 0.022985 0.022184
0 0.462746 0.010995 0.021307 0.021990
0 0.481340 0.009838 0.021048 0.019676
0 0.755941 0.008873 0.010847 0.017747
0 0.761493 0.010802 0.021952 0.020061
0 0.718104 0.013503 0.011622 0.025463
0 0.709581 0.013310 0.005423 0.025077
0 0.699767 0.016879 0.014721 0.032214
0 0.692278 0.019097 0.014204 0.028935
0 0.681044 0.011960 0.012397 0.023920
0 0.667743 0.009066 0.014205 0.018132
0 0.829804 0.157408 0.023244 0.018519
0 0.835615 0.143904 0.021952 0.018519
0 0.816761 0.043210 0.015754 0.019290
0 0.855178 0.018904 0.018982 0.019290
0 0.876808 0.107253 0.022210 0.016204
0 0.872676 0.139950 0.011880 0.024113
0 0.876614 0.166473 0.020015 0.021219
0 0.880940 0.203125 0.020661 0.017362
0 0.884427 0.267168 0.013688 0.026620
0 0.899083 0.251061 0.013817 0.020255
0 0.913739 0.225984 0.012913 0.020254
0 0.927493 0.201004 0.013817 0.025463
0 0.904700 0.179784 0.015495 0.025462
0 0.898825 0.231675 0.017692 0.016589
0 0.928138 0.263503 0.020274 0.018518
0 0.918260 0.293789 0.021953 0.013503
0 0.932658 0.334298 0.018983 0.021219
0 0.930850 0.357061 0.007103 0.029707
0 0.830062 0.291088 0.017046 0.025078
0 0.816180 0.306906 0.023632 0.018132
0 0.911674 0.053241 0.019628 0.012346
0 0.903538 0.061921 0.021952 0.014275
0 0.905992 0.040316 0.020661 0.017361
0 0.924845 0.043307 0.018078 0.024498
0 0.911544 0.086902 0.012139 0.022183
0 0.912190 0.114583 0.008264 0.027006
0 0.920713 0.137056 0.017046 0.022183
0 0.927299 0.129630 0.014205 0.037037
0 0.919550 0.154321 0.013171 0.026234
0 0.925491 0.155092 0.019887 0.010803
0 0.926782 0.166666 0.015238 0.021605
0 0.928461 0.179206 0.016013 0.025849
0 0.786157 0.460262 0.019628 0.016204
0 0.806947 0.508295 0.023502 0.030478
0 0.861570 0.517361 0.019628 0.011574
0 0.871643 0.542920 0.009814 0.031829
0 0.835227 0.468750 0.017562 0.014660
0 0.878745 0.446952 0.008006 0.035108
0 0.907670 0.416860 0.019370 0.018905
0 0.898760 0.378858 0.012397 0.023148
0 0.935304 0.380883 0.016787 0.013311
0 0.937500 0.415316 0.015496 0.024305
0 0.933884 0.423611 0.015496 0.026234
0 0.931043 0.445987 0.020145 0.018518
0 0.933626 0.467978 0.018078 0.033179
0 0.933368 0.523148 0.011364 0.024691
0 0.928848 0.559028 0.025568 0.022376
0 0.933885 0.622106 0.020661 0.020447
0 0.819473 0.665027 0.016012 0.025656
0 0.706611 0.751157 0.020661 0.015432
0 0.759427 0.769290 0.019370 0.016204
0 0.731664 0.808256 0.014979 0.030864
0 0.700155 0.822145 0.012914 0.032407
0 0.628228 0.829090 0.024019 0.018519
0 0.786415 0.834105 0.020145 0.011574
0 0.779055 0.817709 0.018854 0.020447
0 0.748838 0.796682 0.019370 0.018518
0 0.829933 0.756558 0.025052 0.010803
0 0.834711 0.762925 0.023760 0.020448
0 0.854726 0.694830 0.016270 0.015432
0 0.930398 0.753472 0.025568 0.020062
0 0.940470 0.723380 0.021953 0.018518
0 0.936596 0.670524 0.016271 0.025463
0 0.940212 0.689429 0.019370 0.033950
0 0.937371 0.810378 0.013688 0.032794
0 0.943311 0.819830 0.017304 0.024692
0 0.939696 0.836227 0.016271 0.027392
0 0.932851 0.860146 0.013430 0.032022
0 0.835744 0.832562 0.019628 0.022377
0 0.834323 0.885995 0.015754 0.015818
0 0.864411 0.876929 0.014979 0.030864
0 0.883136 0.872878 0.013172 0.029707
0 0.878486 0.878665 0.012139 0.038194
0 0.903409 0.863426 0.007232 0.028549
0 0.902892 0.884838 0.020661 0.019676
0 0.899664 0.885224 0.019370 0.029707
0 0.807593 0.880401 0.017046 0.027006
0 0.775956 0.883873 0.020919 0.010803
0 0.756844 0.879244 0.015754 0.021605
0 0.757748 0.897762 0.023760 0.020062
0 0.741994 0.876929 0.011880 0.038580
0 0.708290 0.885417 0.016787 0.035494
0 0.697056 0.885224 0.010847 0.028164
0 0.679752 0.888696 0.012396 0.030478
0 0.647727 0.893133 0.011364 0.027778
0 0.613507 0.888503 0.016270 0.026235
0 0.504390 0.740162 0.020145 0.021219
0 0.574509 0.785687 0.015238 0.029707
0 0.571281 0.719329 0.021694 0.022762
0 0.518853 0.839120 0.020144 0.012345
0 0.412448 0.836419 0.025310 0.017747
0 0.576446 0.897763 0.021694 0.018518
0 0.554235 0.886767 0.011363 0.026620
0 0.536028 0.868441 0.020403 0.016975
0 0.540547 0.886574 0.012913 0.031636
0 0.512655 0.900077 0.019111 0.018518
0 0.503745 0.893519 0.019886 0.030092
0 0.485150 0.887153 0.015754 0.027392
0 0.486699 0.904707 0.021952 0.018518
0 0.467717 0.901042 0.022210 0.028935
0 0.468233 0.877315 0.018078 0.027006
0 0.460228 0.891397 0.020661 0.025077
0 0.447314 0.880594 0.013430 0.032794
0 0.423296 0.894869 0.013947 0.032022
0 0.402376 0.891397 0.011363 0.026621
0 0.395661 0.894290 0.009298 0.028550
0 0.382360 0.874807 0.016787 0.025848
0 0.385847 0.900463 0.012396 0.014660
0 0.372159 0.892168 0.011880 0.031250
0 0.324122 0.810571 0.018078 0.016976
0 0.349432 0.841049 0.008781 0.019290
0 0.350982 0.861882 0.024277 0.020833
0 0.355114 0.883681 0.011880 0.031250
0 0.345170 0.904321 0.018853 0.022377
0 0.337810 0.893904 0.014462 0.029321
0 0.307593 0.893519 0.016013 0.019290
0 0.294034 0.905478 0.023502 0.016975
0 0.267304 0.890046 0.009814 0.027778
0 0.286028 0.805555 0.019370 0.031636
0 0.258781 0.838348 0.020661 0.016975
0 0.231276 0.885610 0.009556 0.028935
0 0.243931 0.893904 0.020920 0.027777
0 0.235021 0.882716 0.017562 0.030092
0 0.219525 0.895061 0.013430 0.028549
0 0.201575 0.888696 0.018853 0.030478
0 0.183368 0.729553 0.023760 0.018519
0 0.160899 0.645833 0.013947 0.033179
0 0.141787 0.616513 0.023244 0.017747
0 0.102919 0.717978 0.022986 0.020062
0 0.086648 0.715471 0.013172 0.029707
0 0.107825 0.668981 0.022469 0.011575
0 0.091555 0.674576 0.015754 0.015818
0 0.104210 0.667824 0.019369 0.020062
0 0.095816 0.661266 0.022211 0.030093
0 0.091425 0.754630 0.020661 0.019291
0 0.097237 0.763503 0.022986 0.016976
0 0.161157 0.792438 0.025827 0.019290
0 0.124355 0.788773 0.015238 0.031250
0 0.146694 0.818287 0.021695 0.007716
0 0.176265 0.841242 0.020403 0.012732
0 0.190599 0.867862 0.012397 0.016589
0 0.170713 0.862847 0.011880 0.021991
0 0.182852 0.885031 0.018595 0.010031
0 0.182593 0.888118 0.014980 0.037809
0 0.173037 0.887346 0.011364 0.027006
0 0.165031 0.883102 0.012914 0.035494
0 0.157541 0.885610 0.013430 0.027392
0 0.151859 0.889275 0.015495 0.035494
0 0.128100 0.821759 0.014979 0.031635
0 0.095946 0.785687 0.020919 0.024305
0 0.120028 0.840278 0.016658 0.022376
0 0.117253 0.884838 0.008781 0.030479
0 0.118995 0.899691 0.018466 0.011574
0 0.109827 0.887539 0.008910 0.021991
0 0.108535 0.890046 0.015109 0.009259
0 0.110602 0.841049 0.008652 0.028550
0 0.105372 0.859954 0.021178 0.012346
0 0.095364 0.864005 0.018724 0.020448
0 0.097301 0.841821 0.020016 0.016204
0 0.095881 0.821759 0.019241 0.017747
0 0.118737 0.582176 0.016400 0.023148
0 0.106405 0.626543 0.021178 0.013118
0 0.099044 0.615162 0.024018 0.012732
0 0.091684 0.592593 0.009298 0.028549
0 0.091813 0.588928 0.016788 0.021991
0 0.190857 0.445602 0.022727 0.018518
0 0.161157 0.409336 0.010848 0.030865
0 0.148115 0.447531 0.020920 0.019290
0 0.124483 0.408564 0.010847 0.029321
0 0.100336 0.508102 0.023502 0.016976
0 0.106082 0.468364 0.013817 0.028550
0 0.102015 0.480324 0.022727 0.023148
0 0.096850 0.468171 0.016529 0.024305
0 0.096913 0.447530 0.017691 0.025463
0 0.089101 0.444444 0.011364 0.031635
0 0.199380 0.384259 0.013947 0.023920
0 0.158768 0.385996 0.018983 0.018904
0 0.205837 0.339699 0.011364 0.024305
0 0.248773 0.256173 0.014850 0.019290
0 0.186467 0.271991 0.022210 0.016975
0 0.192019 0.333912 0.015237 0.025848
0 0.193956 0.252315 0.023760 0.016204
0 0.165160 0.223959 0.011106 0.028935
0 0.155733 0.261381 0.011363 0.028164
0 0.134685 0.348379 0.019886 0.013889
0 0.118414 0.373071 0.023502 0.018518
0 0.096203 0.367283 0.020403 0.017747
0 0.101111 0.337963 0.012655 0.017746
0 0.096268 0.334684 0.016400 0.025849
0 0.128358 0.267939 0.020661 0.025077
0 0.112087 0.264660 0.009814 0.030092
0 0.102790 0.283950 0.020661 0.016203
0 0.100917 0.255787 0.018982 0.026234
0 0.129972 0.199846 0.019757 0.014661
0 0.133265 0.182870 0.014979 0.025463
0 0.166580 0.134259 0.022727 0.019290
0 0.159091 0.073110 0.019112 0.020448
0 0.115509 0.084490 0.020790 0.016975
0 0.113249 0.127315 0.021436 0.014660
0 0.102531 0.120370 0.015496 0.025463
0 0.095042 0.129630 0.010847 0.033179
0 0.096978 0.084105 0.009556 0.023920
0 0.247740 0.046875 0.017950 0.018904
0 0.252647 0.004051 0.023889 0.008102
0 0.207258 0.040509 0.020403 0.015432
0 0.198153 0.030382 0.024922 0.020255
0 0.157606 0.060957 0.019499 0.016204
0 0.104339 0.017554 0.010847 0.026620
0 0.155087 0.010320 0.009039 0.020640
0 0.167872 0.010127 0.008781 0.020255
0 0.180010 0.017265 0.015496 0.034529
0 0.169357 0.043981 0.020274 0.019291
0 0.174974 0.049576 0.013688 0.025849
