0 0.257877 0.053241 0.011106 0.031635
0 0.261880 0.032215 0.010330 0.032021
0 0.234440 0.018615 0.023373 0.016396
0 0.214747 0.031732 0.016788 0.024113
0 0.202480 0.047936 0.012397 0.026427
0 0.189308 0.033468 0.011880 0.032987
0 0.180269 0.072435 0.012396 0.014468
0 0.180914 0.091532 0.011105 0.026428
0 0.171294 0.100020 0.005553 0.023341
0 0.187306 0.139468 0.021823 0.016589
0 0.168324 0.030382 0.013300 0.024498
0 0.156831 0.030768 0.011492 0.029128
0 0.152893 0.032215 0.009814 0.025077
0 0.161803 0.067516 0.018337 0.017747
0 0.141981 0.081790 0.005552 0.025463
0 0.143078 0.056135 0.020145 0.016589
0 0.134104 0.030961 0.020790 0.007523
0 0.119899 0.048611 0.018208 0.014660
0 0.129649 0.058835 0.018078 0.015046
0 0.106663 0.086034 0.021694 0.023148
0 0.110602 0.058835 0.022340 0.016590
0 0.109504 0.096450 0.022727 0.013889
0 0.108858 0.095100 0.023502 0.022763
0 0.118027 0.106481 0.012396 0.030093
0 0.104210 0.111111 0.018337 0.027006
0 0.142691 0.137539 0.011622 0.027392
0 0.145661 0.135128 0.013947 0.023727
0 0.170583 0.171779 0.010589 0.028357
0 0.177751 0.182774 0.016142 0.022569
0 0.201963 0.184607 0.011364 0.022762
0 0.106534 0.161169 0.005940 0.025656
0 0.120158 0.172164 0.015883 0.029128
0 0.132038 0.164931 0.025439 0.019676
0 0.141787 0.202546 0.009814 0.027778
0 0.123063 0.196856 0.013688 0.012925
0 0.100852 0.189429 0.015238 0.016204
0 0.103112 0.209491 0.009943 0.013889
0 0.134879 0.216532 0.023631 0.010995
0 0.110537 0.269579 0.013946 0.031057
0 0.138817 0.256751 0.024536 0.008101
0 0.126356 0.238522 0.011492 0.015239
0 0.155539 0.251350 0.015883 0.018904
0 0.105372 0.298611 0.024277 0.027006
0 0.327350 0.128858 0.019886 0.013888
0 0.325284 0.144194 0.021436 0.005595
0 0.335421 0.158564 0.022340 0.017747
0 0.448024 0.144580 0.014592 0.026813
0 0.436402 0.091243 0.021823 0.016589
0 0.428331 0.078704 0.016787 0.027006
0 0.399858 0.076003 0.016400 0.018518
0 0.344718 0.090471 0.018983 0.010417
0 0.394499 0.035108 0.011106 0.023920
0 0.375452 0.035783 0.014592 0.031443
0 0.351304 0.023630 0.014850 0.027199
0 0.325865 0.027488 0.017432 0.023341
0 0.305591 0.024595 0.004778 0.027585
0 0.250323 0.139467 0.010718 0.029707
0 0.234246 0.157311 0.019111 0.026814
0 0.337423 0.204089 0.019886 0.016975
0 0.274599 0.226370 0.015625 0.027199
0 0.323347 0.286362 0.019112 0.017168
0 0.277312 0.293885 0.021307 0.005208
0 0.264333 0.263600 0.010589 0.025270
0 0.220816 0.217592 0.012396 0.033951
0 0.201446 0.244503 0.011880 0.027971
0 0.156766 0.268808 0.013429 0.033757
0 0.211906 0.317902 0.011106 0.022377
0 0.293065 0.343171 0.023115 0.005788
0 0.394822 0.475887 0.015109 0.027392
0 0.309789 0.523630 0.016271 0.032601
0 0.302944 0.579186 0.011880 0.032600
0 0.258845 0.593557 0.024148 0.022762
0 0.243931 0.561342 0.019886 0.018518
0 0.251808 0.457658 0.018078 0.030286
0 0.256198 0.424769 0.014979 0.018519
0 0.251614 0.354552 0.012784 0.027006
0 0.220946 0.464023 0.028151 0.019483
0 0.165160 0.368827 0.015754 0.030864
0 0.131457 0.361690 0.017562 0.031250
0 0.149535 0.412423 0.018595 0.017747
0 0.136363 0.442708 0.010331 0.031250
0 0.170390 0.476948 0.016658 0.026813
0 0.196410 0.488619 0.014204 0.031250
0 0.232632 0.487847 0.020274 0.011188
0 0.173619 0.448495 0.007877 0.027392
0 0.173167 0.539351 0.008523 0.025463
0 0.143079 0.493441 0.021178 0.015432
0 0.108084 0.327353 0.010072 0.027392
0 0.096655 0.313850 0.006845 0.031250
0 0.090909 0.440779 0.014980 0.013502
0 0.119964 0.476080 0.020920 0.020834
0 0.093234 0.519772 0.013429 0.037230
0 0.115767 0.533082 0.018983 0.034143
0 0.110279 0.509259 0.013430 0.023920
0 0.102919 0.481578 0.020919 0.028742
0 0.133200 0.520833 0.025180 0.019290
0 0.141270 0.554398 0.012397 0.036266
0 0.169616 0.577353 0.023631 0.023534
0 0.199445 0.599441 0.018983 0.000965
0 0.102337 0.555941 0.026472 0.020062
0 0.099754 0.575039 0.024923 0.020447
0 0.114928 0.595583 0.021178 0.027585
0 0.134814 0.628376 0.014463 0.036073
0 0.088262 0.619791 0.014333 0.030479
0 0.097624 0.626736 0.026859 0.022762
0 0.331353 0.683738 0.012913 0.031829
0 0.354468 0.714313 0.020402 0.025848
0 0.402699 0.766300 0.017691 0.028743
0 0.433755 0.720197 0.015238 0.032214
0 0.505553 0.698303 0.020919 0.018518
0 0.485021 0.638117 0.005682 0.021605
0 0.563211 0.640915 0.017691 0.027585
0 0.507877 0.739390 0.020920 0.020447
0 0.495545 0.747685 0.021566 0.020062
0 0.503099 0.802662 0.016012 0.028164
0 0.490315 0.841821 0.024019 0.021604
0 0.450155 0.894965 0.016012 0.027585
0 0.515173 0.936728 0.017691 0.020834
0 0.531314 0.873071 0.022081 0.021604
0 0.570118 0.926601 0.018337 0.036458
0 0.368673 0.922261 0.013688 0.033564
0 0.332903 0.927855 0.012914 0.029321
0 0.309078 0.931038 0.014850 0.029900
0 0.294422 0.924286 0.012913 0.029514
0 0.317149 0.873071 0.025310 0.019290
0 0.295067 0.847318 0.020402 0.027585
0 0.288288 0.812500 0.022856 0.017746
0 0.275116 0.756559 0.019240 0.019290
0 0.244706 0.748167 0.022469 0.023341
0 0.241671 0.629823 0.013301 0.033565
0 0.214682 0.669946 0.026472 0.022762
0 0.189502 0.679012 0.016400 0.020834
0 0.180527 0.654899 0.012913 0.028935
0 0.148179 0.647280 0.022082 0.011381
0 0.235924 0.703511 0.024019 0.022762
0 0.206998 0.701967 0.012655 0.025849
0 0.221849 0.727720 0.021694 0.023341
0 0.257102 0.796585 0.013688 0.023341
0 0.210809 0.772184 0.015625 0.016589
0 0.215779 0.747589 0.022469 0.001350
0 0.179235 0.725502 0.020145 0.014275
0 0.163869 0.709009 0.010589 0.026042
0 0.213649 0.812596 0.019499 0.026042
0 0.201834 0.910108 0.013688 0.038580
0 0.190147 0.930459 0.019499 0.019483
0 0.222431 0.904899 0.021823 0.021219
0 0.282283 0.883680 0.011880 0.037423
0 0.265496 0.914159 0.020661 0.015046
0 0.252389 0.930266 0.019240 0.014468
0 0.179945 0.902392 0.013301 0.030092
0 0.161415 0.842689 0.021178 0.023341
0 0.142884 0.818094 0.019499 0.021991
0 0.127388 0.819059 0.015625 0.030864
0 0.091749 0.798900 0.017691 0.020640
0 0.097883 0.853492 0.010847 0.029129
0 0.090974 0.882523 0.019757 0.025078
0 0.098269 0.889082 0.012655 0.028164
0 0.100594 0.900559 0.012654 0.029900
0 0.134556 0.862461 0.013430 0.036651
0 0.164256 0.895833 0.026343 0.008487
0 0.153022 0.927758 0.020403 0.023341
0 0.140948 0.868827 0.019757 0.005401
0 0.110924 0.917921 0.011105 0.026813
0 0.127906 0.918981 0.007102 0.024691
0 0.126356 0.912327 0.008910 0.027199
0 0.124936 0.751736 0.017949 0.018132
0 0.125710 0.705825 0.024148 0.021219
0 0.115508 0.720293 0.019241 0.018518
0 0.084646 0.733218 0.010202 0.031250
0 0.088972 0.746335 0.010589 0.028164
0 0.108406 0.742477 0.021565 0.015046
0 0.121513 0.789062 0.014721 0.023727
0 0.093944 0.769676 0.019499 0.018518
0 0.090910 0.778742 0.020661 0.018904
0 0.425620 0.920235 0.011364 0.032986
0 0.566115 0.858024 0.022211 0.021605
0 0.554235 0.922936 0.013429 0.029128
0 0.551459 0.935763 0.025181 0.021219
0 0.600982 0.897377 0.018078 0.013117
0 0.611699 0.909047 0.005940 0.009066
0 0.631198 0.931906 0.011880 0.027392
0 0.635331 0.921200 0.012913 0.032601
0 0.644757 0.938175 0.014205 0.023341
0 0.740057 0.897956 0.026601 0.017361
0 0.753358 0.934510 0.012913 0.023726
0 0.659801 0.823109 0.019499 0.018133
0 0.679493 0.805748 0.020145 0.021991
0 0.628229 0.783565 0.010589 0.028550
0 0.594977 0.792053 0.020532 0.019291
0 0.621836 0.709105 0.025181 0.018518
0 0.834194 0.882523 0.016529 0.027392
0 0.894176 0.931327 0.015883 0.031636
0 0.920325 0.915123 0.027118 0.018519
0 0.886751 0.890046 0.014204 0.037037
0 0.931560 0.874036 0.022728 0.015817
0 0.931366 0.866416 0.019499 0.022570
0 0.926846 0.834877 0.025956 0.014661
0 0.913869 0.832562 0.009556 0.031636
0 0.878228 0.812211 0.018337 0.024113
0 0.888171 0.800347 0.018595 0.015046
0 0.930591 0.802372 0.022082 0.023341
0 0.928202 0.748457 0.023243 0.011574
0 0.893014 0.700617 0.023890 0.021605
0 0.925490 0.731868 0.026601 0.021605
0 0.928138 0.709683 0.021307 0.024305
0 0.932464 0.661362 0.011106 0.032600
0 0.933304 0.625482 0.019241 0.017169
0 0.875775 0.603106 0.013946 0.025656
0 0.826963 0.635610 0.012397 0.032021
0 0.823735 0.696084 0.008523 0.033372
0 0.783897 0.813079 0.013559 0.025077
0 0.814824 0.800830 0.016529 0.026042
0 0.741800 0.760417 0.020274 0.017747
0 0.760395 0.699653 0.013300 0.028164
0 0.725206 0.662327 0.012913 0.031443
0 0.698412 0.681424 0.019757 0.025656
0 0.755036 0.636575 0.016270 0.025463
0 0.774406 0.561342 0.021436 0.014661
0 0.818117 0.595582 0.013042 0.026427
0 0.809917 0.551505 0.012397 0.025077
0 0.804494 0.508487 0.018078 0.016975
0 0.776989 0.506752 0.013688 0.032022
0 0.751420 0.522377 0.019887 0.014661
0 0.753680 0.522377 0.016658 0.014661
0 0.749677 0.425926 0.018983 0.014660
0 0.782541 0.371046 0.014980 0.019869
0 0.754326 0.356674 0.021823 0.022762
0 0.778732 0.334684 0.018724 0.018133
0 0.821733 0.369792 0.012784 0.011960
0 0.812887 0.428241 0.013688 0.032407
0 0.797650 0.376157 0.014204 0.030093
0 0.830707 0.425540 0.014205 0.027006
0 0.845751 0.447049 0.022339 0.010609
0 0.863572 0.470100 0.020532 0.015818
0 0.851757 0.479553 0.014463 0.033951
0 0.831353 0.494888 0.013430 0.028356
0 0.859827 0.556713 0.024148 0.013118
0 0.868737 0.570506 0.014076 0.026042
0 0.923231 0.614101 0.021823 0.017168
0 0.930204 0.579476 0.022340 0.017747
0 0.928590 0.571373 0.018336 0.024691
0 0.871578 0.533662 0.026730 0.030285
0 0.882877 0.538291 0.014204 0.035300
0 0.925361 0.532021 0.021177 0.013889
0 0.931689 0.524691 0.021952 0.019290
0 0.925943 0.490741 0.021049 0.018519
0 0.927879 0.502314 0.016141 0.013889
0 0.866607 0.437789 0.013171 0.026427
0 0.877389 0.410783 0.018983 0.019483
0 0.872934 0.377411 0.013946 0.030672
0 0.924006 0.375000 0.022340 0.016976
0 0.930139 0.399112 0.021436 0.016589
0 0.940470 0.440200 0.012139 0.029321
0 0.937113 0.421103 0.013688 0.032793
0 0.934207 0.347222 0.015884 0.014660
0 0.828448 0.340664 0.022340 0.016975
0 0.619060 0.595679 0.021178 0.014660
0 0.596461 0.550154 0.020403 0.018519
0 0.627324 0.500868 0.022727 0.021798
0 0.642562 0.516782 0.017046 0.020447
0 0.602079 0.445795 0.020532 0.015818
0 0.686402 0.467206 0.022598 0.013889
0 0.700801 0.319734 0.011622 0.030672
0 0.725206 0.296007 0.012397 0.035301
0 0.693698 0.271605 0.010331 0.030092
0 0.578512 0.296875 0.024277 0.016590
0 0.541645 0.295717 0.022082 0.025077
0 0.608084 0.260031 0.021436 0.018518
0 0.615702 0.222415 0.021695 0.019676
0 0.746062 0.235340 0.017949 0.017747
0 0.810692 0.268615 0.015496 0.028742
0 0.403926 0.037519 0.012913 0.032601
0 0.457322 0.033758 0.011492 0.028164
0 0.423037 0.016782 0.018078 0.015047
0 0.414966 0.028453 0.020532 0.023727
0 0.487732 0.023245 0.029184 0.020255
0 0.523760 0.060185 0.011880 0.027778
0 0.481534 0.038291 0.013172 0.026428
0 0.469008 0.037230 0.011880 0.029707
0 0.574703 0.027778 0.020532 0.018519
0 0.596462 0.035783 0.020919 0.017554
0 0.586131 0.041667 0.010072 0.031635
0 0.600401 0.064236 0.023631 0.022763
0 0.605501 0.093364 0.012139 0.025463
0 0.547004 0.085841 0.021178 0.015818
0 0.549006 0.113040 0.020791 0.016204
0 0.513494 0.149692 0.023631 0.017747
0 0.581547 0.143904 0.021823 0.020833
0 0.592200 0.222608 0.020145 0.018518
0 0.628293 0.175347 0.019757 0.012732
0 0.645725 0.210649 0.017433 0.013117
0 0.653732 0.130401 0.025180 0.019290
0 0.670326 0.088927 0.018337 0.016589
0 0.622094 0.035301 0.014850 0.025849
0 0.642885 0.032407 0.019241 0.013117
0 0.681689 0.036941 0.018336 0.023727
0 0.706289 0.035687 0.019240 0.015818
0 0.688533 0.185475 0.017046 0.024113
0 0.758717 0.032987 0.022081 0.017361
0 0.740057 0.059027 0.024536 0.017747
0 0.751808 0.094232 0.011880 0.028742
0 0.770015 0.115548 0.021436 0.015818
0 0.754777 0.150174 0.012655 0.021797
0 0.779765 0.144965 0.013042 0.033758
0 0.797908 0.119695 0.021436 0.014853
0 0.807593 0.106675 0.021694 0.016589
0 0.810563 0.044946 0.021953 0.025077
0 0.825543 0.052758 0.016787 0.035301
0 0.844202 0.050347 0.020532 0.032022
0 0.863443 0.052662 0.017949 0.036651
0 0.857954 0.112075 0.024277 0.018133
0 0.825284 0.146991 0.013688 0.027006
0 0.843944 0.178240 0.022340 0.018519
0 0.884878 0.147955 0.023631 0.015818
0 0.877195 0.129244 0.009556 0.023148
0 0.856082 0.096064 0.025439 0.013889
0 0.819151 0.073688 0.023631 0.004629
0 0.874483 0.046682 0.014979 0.030093
0 0.877131 0.081887 0.017691 0.026428
0 0.911028 0.112172 0.019886 0.026042
0 0.931495 0.104938 0.001421 0.027778
0 0.927105 0.075714 0.011493 0.028742
0 0.928783 0.094329 0.011751 0.027392
0 0.906637 0.065297 0.013688 0.035687
0 0.889334 0.054881 0.013688 0.030285
0 0.923489 0.164545 0.022340 0.015818
0 0.919809 0.193384 0.019887 0.021413
0 0.931560 0.202547 0.014980 0.017747
0 0.906702 0.224441 0.016141 0.033372
0 0.920971 0.246721 0.024793 0.016589
0 0.925620 0.288966 0.024276 0.032407
0 0.903473 0.305748 0.031379 0.021219
0 0.862216 0.204283 0.020402 0.018133
0 0.885331 0.227238 0.011881 0.027778
0 0.870739 0.221740 0.013688 0.035301
0 0.842975 0.270255 0.011880 0.027392
0 0.836518 0.293113 0.012397 0.033371
0 0.912190 0.338156 0.012396 0.032022
0 0.939825 0.322049 0.010847 0.031057
0 0.826963 0.123264 0.006715 0.018133
0 0.317343 0.379148 0.003229 0.019097
