0 0.546681 0.412809 0.018466 0.016203
0 0.577415 0.370660 0.016400 0.017554
0 0.630100 0.383873 0.025181 0.013117
0 0.644887 0.357253 0.012397 0.027778
0 0.632167 0.314622 0.020274 0.015046
0 0.577931 0.334298 0.011235 0.017361
0 0.596720 0.290027 0.019370 0.016396
0 0.671875 0.307967 0.011106 0.022955
0 0.669293 0.265625 0.013172 0.018904
0 0.661351 0.244695 0.016658 0.016782
0 0.510201 0.244695 0.016270 0.022183
0 0.723399 0.302373 0.006715 0.018325
0 0.751678 0.287423 0.016787 0.013117
0 0.762009 0.336516 0.014204 0.024884
0 0.735537 0.404707 0.019628 0.022377
0 0.702996 0.252990 0.011364 0.026427
0 0.604210 0.178240 0.012655 0.013889
0 0.634491 0.199653 0.018983 0.016590
0 0.641529 0.157214 0.020144 0.014275
0 0.688662 0.173707 0.009556 0.028743
0 0.558820 0.202932 0.017433 0.020062
0 0.516271 0.158179 0.021694 0.016976
0 0.546164 0.133681 0.021049 0.018133
0 0.504003 0.128665 0.011106 0.024306
0 0.528022 0.091435 0.010072 0.026234
0 0.554752 0.068865 0.017045 0.010417
0 0.576381 0.074942 0.017433 0.014854
0 0.605049 0.057581 0.017950 0.026427
0 0.671552 0.087385 0.025439 0.018133
0 0.670648 0.059799 0.022082 0.015432
0 0.750904 0.213252 0.010072 0.028356
0 0.799200 0.285011 0.022469 0.018711
0 0.782154 0.196952 0.016270 0.007330
0 0.775568 0.138407 0.015496 0.018325
0 0.751162 0.162229 0.021953 0.017361
0 0.746126 0.139660 0.012913 0.013117
0 0.742510 0.089506 0.015496 0.012346
0 0.724303 0.115162 0.010072 0.025848
0 0.719460 0.103588 0.014076 0.025077
0 0.735731 0.094908 0.026214 0.017747
0 0.766916 0.110726 0.019887 0.013889
0 0.793001 0.109857 0.010072 0.027199
0 0.448218 0.119599 0.011622 0.027778
0 0.476369 0.069541 0.019886 0.009067
0 0.579546 0.038581 0.019111 0.013889
0 0.579158 0.013310 0.019886 0.011960
0 0.546488 0.024884 0.019628 0.017361
0 0.550814 0.013889 0.022081 0.023148
0 0.520919 0.027971 0.013429 0.028935
0 0.506715 0.021508 0.009298 0.022955
0 0.492640 0.021026 0.006973 0.022762
0 0.486312 0.019483 0.007748 0.025078
0 0.477531 0.013503 0.012396 0.015432
0 0.462293 0.017264 0.010331 0.028356
0 0.452092 0.015046 0.010588 0.028549
0 0.441180 0.006945 0.016916 0.013889
0 0.406444 0.013986 0.015883 0.022570
0 0.360150 0.012249 0.011105 0.023727
0 0.344848 0.043692 0.015883 0.013310
0 0.383393 0.055266 0.011105 0.024885
0 0.403474 0.087578 0.012526 0.013117
0 0.395273 0.145833 0.022469 0.020062
0 0.307206 0.127701 0.016787 0.015432
0 0.308820 0.204861 0.011493 0.023148
0 0.344719 0.226948 0.023631 0.019097
0 0.257038 0.325232 0.004520 0.023148
0 0.358794 0.348862 0.010202 0.024499
0 0.200284 0.251157 0.013171 0.023148
0 0.202996 0.228299 0.014979 0.014082
0 0.214101 0.203221 0.014980 0.023341
0 0.196410 0.118827 0.018337 0.027006
0 0.200284 0.053916 0.011622 0.029128
0 0.165096 0.084876 0.020273 0.028550
0 0.158122 0.059799 0.023373 0.019290
0 0.146113 0.163773 0.015883 0.023534
0 0.158123 0.267651 0.014075 0.028743
0 0.145402 0.315683 0.006715 0.017554
0 0.138494 0.291378 0.012009 0.024498
0 0.162190 0.362461 0.014462 0.033565
0 0.342717 0.013985 0.018078 0.027970
0 0.314437 0.013600 0.013172 0.027199
0 0.253422 0.010996 0.020274 0.021219
0 0.238120 0.010899 0.007232 0.021798
0 0.219525 0.007330 0.004132 0.014660
0 0.172779 0.030092 0.014463 0.020061
0 0.399535 0.359665 0.012396 0.024499
0 0.410705 0.566937 0.013300 0.026620
0 0.465973 0.653743 0.022857 0.014275
0 0.372224 0.385417 0.014076 0.016204
0 0.321798 0.409529 0.014463 0.025849
0 0.298619 0.388985 0.011751 0.023727
0 0.253615 0.429205 0.012913 0.032793
0 0.198799 0.396798 0.013301 0.026620
0 0.175878 0.460744 0.014463 0.026041
0 0.139333 0.489873 0.009039 0.017940
0 0.157929 0.558160 0.011622 0.029514
0 0.133652 0.599441 0.010072 0.029514
0 0.130036 0.656057 0.011622 0.032022
0 0.173876 0.700328 0.016399 0.029128
0 0.295842 0.843461 0.011622 0.033758
0 0.280475 0.857060 0.022211 0.016589
0 0.200284 0.846450 0.013171 0.020833
0 0.185822 0.839699 0.013172 0.031250
0 0.149793 0.842689 0.020144 0.023726
0 0.143788 0.735532 0.021049 0.018133
0 0.121772 0.733893 0.011622 0.033372
0 0.337487 0.857929 0.018724 0.019483
0 0.352273 0.853202 0.009814 0.025849
0 0.390625 0.867573 0.017820 0.013310
0 0.426136 0.849441 0.014463 0.036459
0 0.414772 0.867188 0.024277 0.019483
0 0.444086 0.866320 0.012138 0.022762
0 0.466232 0.867573 0.019757 0.014854
0 0.478629 0.798129 0.016400 0.013696
0 0.581031 0.864873 0.020790 0.024112
0 0.627066 0.830729 0.018595 0.020640
0 0.692730 0.773727 0.016658 0.015046
0 0.632942 0.692805 0.024147 0.017554
0 0.661157 0.533662 0.014979 0.023341
0 0.705643 0.547743 0.012526 0.026042
0 0.735020 0.778646 0.018078 0.008294
0 0.738507 0.824171 0.010589 0.027585
0 0.715264 0.858025 0.010589 0.027778
0 0.781702 0.831983 0.022340 0.016590
0 0.750388 0.879244 0.017821 0.013117
0 0.771953 0.881077 0.018078 0.019483
0 0.788158 0.754051 0.017433 0.016590
0 0.824639 0.804398 0.024277 0.016976
0 0.831741 0.755402 0.013688 0.021605
0 0.865315 0.755980 0.018336 0.015818
0 0.860408 0.794561 0.018337 0.013503
0 0.864993 0.801311 0.021049 0.013117
0 0.840780 0.683449 0.015754 0.022762
0 0.828383 0.657986 0.018853 0.018904
0 0.856017 0.633102 0.021952 0.020834
0 0.877582 0.615162 0.012913 0.026621
0 0.883910 0.567708 0.011106 0.028164
0 0.902376 0.534143 0.021178 0.015817
0 0.859505 0.513213 0.022211 0.020255
0 0.931689 0.524595 0.018853 0.019869
0 0.882296 0.696277 0.020015 0.019097
0 0.745480 0.470486 0.015754 0.036652
0 0.783575 0.480614 0.008265 0.023727
0 0.910512 0.485532 0.014721 0.026620
0 0.899083 0.467110 0.016400 0.024499
0 0.934789 0.471354 0.010589 0.024499
0 0.934917 0.452836 0.011363 0.019097
0 0.932270 0.431038 0.016658 0.022570
0 0.922714 0.412905 0.012526 0.024112
0 0.930914 0.396123 0.019370 0.019097
0 0.930398 0.388406 0.018337 0.019869
0 0.918840 0.377315 0.013559 0.027778
0 0.931754 0.342786 0.015625 0.020447
0 0.897856 0.314718 0.010073 0.029128
0 0.872547 0.299190 0.011621 0.031250
0 0.829417 0.372686 0.011105 0.025463
0 0.814437 0.258680 0.011106 0.026621
0 0.890561 0.250578 0.015883 0.021991
0 0.905992 0.270833 0.019112 0.022377
0 0.819215 0.161072 0.014979 0.015817
0 0.841361 0.157697 0.017174 0.015239
0 0.858794 0.182967 0.016917 0.017940
0 0.857051 0.158950 0.009556 0.026234
0 0.861958 0.139082 0.011622 0.025078
0 0.868544 0.223090 0.010847 0.024885
0 0.895984 0.210938 0.011752 0.030671
0 0.878099 0.171683 0.013946 0.033179
0 0.895339 0.144097 0.006069 0.028164
0 0.833678 0.112075 0.021694 0.018905
0 0.837552 0.071663 0.009297 0.029900
0 0.803978 0.036169 0.017045 0.019869
0 0.646694 0.027006 0.013946 0.031636
0 0.681559 0.027007 0.008781 0.021605
0 0.713972 0.031636 0.018336 0.012346
0 0.695248 0.018229 0.018595 0.022569
0 0.734052 0.063851 0.016142 0.014275
0 0.777440 0.031829 0.022856 0.015046
0 0.754907 0.038870 0.014463 0.019097
0 0.752131 0.021508 0.016658 0.017555
0 0.742381 0.029996 0.017304 0.022955
0 0.731082 0.036362 0.013300 0.028742
0 0.727402 0.028742 0.009556 0.026620
0 0.891787 0.101370 0.011880 0.015239
0 0.888946 0.074653 0.009814 0.027392
0 0.865057 0.071566 0.016271 0.015818
0 0.850207 0.054302 0.013947 0.016011
0 0.871965 0.034336 0.016658 0.024691
0 0.864283 0.037423 0.012655 0.023148
0 0.856599 0.040799 0.017433 0.019869
0 0.836971 0.033661 0.016400 0.023341
0 0.930139 0.153743 0.022985 0.012731
0 0.933432 0.149498 0.016400 0.025077
0 0.925943 0.144869 0.014850 0.031250
0 0.933949 0.271605 0.019499 0.014660
0 0.929817 0.257138 0.018466 0.010417
0 0.935370 0.250482 0.015108 0.018711
0 0.916710 0.209877 0.009556 0.027778
0 0.934724 0.226273 0.013817 0.018132
0 0.929881 0.219522 0.011622 0.016976
0 0.933561 0.208719 0.016142 0.016204
0 0.937307 0.188175 0.011234 0.023727
0 0.932334 0.184317 0.012397 0.031443
0 0.934530 0.102045 0.010072 0.022762
0 0.930139 0.102334 0.011621 0.032601
0 0.927364 0.080825 0.011493 0.030478
0 0.935175 0.068672 0.009297 0.025463
0 0.914321 0.302566 0.012268 0.024113
0 0.922069 0.299575 0.022598 0.016589
0 0.917485 0.329572 0.006973 0.014468
0 0.931237 0.319348 0.011493 0.023726
0 0.920390 0.629630 0.022857 0.019290
0 0.903603 0.607446 0.018466 0.028936
0 0.929817 0.550347 0.015883 0.013503
0 0.928138 0.570409 0.017691 0.015046
0 0.932593 0.587963 0.020661 0.015432
0 0.931818 0.599730 0.018079 0.017361
0 0.934724 0.610725 0.017433 0.016204
0 0.798618 0.881076 0.014850 0.021797
0 0.807206 0.882041 0.011622 0.023726
0 0.809594 0.881559 0.021307 0.024691
0 0.828900 0.879726 0.005940 0.018325
0 0.832838 0.888310 0.016142 0.015046
0 0.849303 0.886381 0.016787 0.022762
0 0.847882 0.861304 0.012913 0.030478
0 0.856663 0.857253 0.008264 0.027006
0 0.870868 0.880980 0.002065 0.035108
0 0.883136 0.875675 0.011105 0.034143
0 0.889657 0.718750 0.021307 0.016204
0 0.888236 0.766396 0.014850 0.009645
0 0.896307 0.756944 0.009039 0.019290
0 0.902764 0.750193 0.009039 0.017362
0 0.889979 0.814429 0.013946 0.017746
0 0.903667 0.889371 0.019112 0.018326
0 0.910640 0.870853 0.015495 0.016783
0 0.913869 0.873457 0.019370 0.015432
0 0.899858 0.831404 0.020015 0.013118
0 0.905346 0.816744 0.016787 0.019290
0 0.912706 0.808835 0.011363 0.025077
0 0.916710 0.809993 0.003357 0.032793
0 0.928074 0.857928 0.014204 0.021798
0 0.921165 0.837963 0.018724 0.019290
0 0.917355 0.775077 0.009814 0.027006
0 0.933045 0.766589 0.009427 0.019290
0 0.927169 0.757137 0.014463 0.015046
0 0.932399 0.770061 0.018466 0.017747
0 0.937500 0.775270 0.011880 0.021220
0 0.934594 0.746142 0.012525 0.015432
0 0.927944 0.736689 0.020661 0.017361
0 0.929171 0.718943 0.022340 0.011188
0 0.924393 0.711323 0.020015 0.014082
0 0.929365 0.695602 0.019370 0.014660
0 0.913675 0.688754 0.017174 0.010609
0 0.914837 0.676697 0.022598 0.015433
0 0.926265 0.677662 0.020403 0.017362
