0 0.394757 0.423997 0.019370 0.012346
0 0.473076 0.522473 0.020274 0.014853
0 0.368285 0.617187 0.015496 0.022570
0 0.342975 0.600020 0.012913 0.022569
0 0.557657 0.408082 0.016400 0.021797
0 0.585744 0.423611 0.023244 0.016976
0 0.468879 0.368730 0.013172 0.030286
0 0.415805 0.316262 0.024277 0.024884
0 0.500000 0.230131 0.018595 0.014275
0 0.459065 0.211998 0.020403 0.015047
0 0.473592 0.173225 0.008135 0.016204
0 0.422650 0.188079 0.011622 0.021990
0 0.413482 0.184221 0.018595 0.021219
0 0.577480 0.301697 0.026343 0.017747
0 0.630488 0.324074 0.016916 0.015432
0 0.592782 0.179591 0.017691 0.025078
0 0.675232 0.159915 0.020403 0.016590
0 0.478823 0.138021 0.008781 0.026813
0 0.508264 0.121624 0.017562 0.014853
0 0.706482 0.129533 0.011105 0.022569
0 0.702738 0.169946 0.022727 0.021220
0 0.723011 0.206886 0.017820 0.013311
0 0.730178 0.259067 0.013818 0.012732
0 0.735731 0.164159 0.021566 0.018132
0 0.733988 0.125386 0.012913 0.020833
0 0.747869 0.148438 0.012784 0.022183
0 0.745028 0.127990 0.017433 0.029900
0 0.744641 0.098573 0.017174 0.025077
0 0.729533 0.102045 0.014592 0.018133
0 0.738636 0.288580 0.017562 0.011574
0 0.772598 0.289738 0.017820 0.015432
0 0.805010 0.264854 0.012397 0.030478
0 0.826704 0.224537 0.008265 0.023920
0 0.826704 0.194541 0.013429 0.029514
0 0.832063 0.142554 0.023890 0.016590
0 0.863895 0.153743 0.008265 0.025077
0 0.826898 0.098187 0.014850 0.022762
0 0.840070 0.098765 0.013301 0.026234
0 0.908704 0.156539 0.010072 0.021412
0 0.893725 0.111496 0.009039 0.025463
0 0.877001 0.114005 0.011751 0.025849
0 0.864993 0.101755 0.013559 0.026813
0 0.856082 0.121528 0.018983 0.024692
0 0.852918 0.100019 0.009556 0.028743
0 0.902247 0.203607 0.024018 0.017554
0 0.881973 0.275077 0.018595 0.013889
0 0.907735 0.261670 0.001162 0.024884
0 0.893272 0.250965 0.023890 0.013503
0 0.909930 0.247685 0.014333 0.022376
0 0.897405 0.234472 0.015108 0.028743
0 0.901795 0.236111 0.024922 0.015432
0 0.909543 0.222029 0.016142 0.028163
0 0.747999 0.417438 0.011234 0.025463
0 0.705514 0.321567 0.016400 0.016590
0 0.810821 0.409144 0.014721 0.018905
0 0.863637 0.330632 0.020661 0.016975
0 0.881392 0.342399 0.019240 0.014275
0 0.910576 0.339892 0.014076 0.026235
0 0.905153 0.363619 0.020790 0.012732
0 0.903280 0.375000 0.018853 0.015432
0 0.916516 0.385996 0.009943 0.024306
0 0.907283 0.416281 0.018078 0.020062
0 0.863249 0.397569 0.014204 0.022763
0 0.858213 0.449653 0.018078 0.019676
0 0.843363 0.458816 0.017821 0.027971
0 0.909995 0.442516 0.017820 0.014661
0 0.908252 0.459491 0.018725 0.012346
0 0.907670 0.488426 0.020919 0.015432
0 0.864799 0.494791 0.013172 0.025849
0 0.858342 0.486689 0.015754 0.033565
0 0.844654 0.516204 0.021952 0.020833
0 0.907477 0.509067 0.020790 0.008873
0 0.907218 0.518325 0.014592 0.025077
0 0.912706 0.526331 0.012397 0.020254
0 0.896888 0.551119 0.014076 0.025077
0 0.909479 0.567322 0.011105 0.028935
0 0.910964 0.611593 0.018983 0.024884
0 0.918841 0.617284 0.011493 0.024692
0 0.821411 0.658564 0.022469 0.016975
0 0.812565 0.570119 0.018466 0.012153
0 0.806624 0.563658 0.014333 0.013889
0 0.847624 0.542053 0.011364 0.027778
0 0.750129 0.606578 0.012138 0.030671
0 0.914127 0.666764 0.018336 0.023341
0 0.777118 0.777489 0.009814 0.028357
0 0.758200 0.865548 0.020274 0.021219
0 0.720493 0.915027 0.019757 0.016396
0 0.878422 0.842785 0.022598 0.016589
0 0.912578 0.812886 0.017820 0.026235
0 0.916968 0.805170 0.024019 0.021605
0 0.920326 0.839313 0.012138 0.025848
0 0.915289 0.755401 0.020145 0.022377
0 0.911996 0.741320 0.018465 0.018133
0 0.890238 0.722801 0.013429 0.031250
0 0.924975 0.689236 0.008523 0.029707
0 0.922392 0.678916 0.012139 0.024498
0 0.803590 0.885127 0.017304 0.016397
0 0.767368 0.912905 0.016916 0.017554
0 0.762461 0.914738 0.013042 0.023149
0 0.667355 0.909337 0.010331 0.027007
0 0.625452 0.896412 0.025439 0.018904
0 0.611506 0.927855 0.017174 0.016204
0 0.650891 0.916281 0.009169 0.017747
0 0.658833 0.920910 0.016529 0.014661
0 0.620157 0.804784 0.020015 0.023148
0 0.812887 0.908854 0.011622 0.024884
0 0.829739 0.913002 0.011493 0.014274
0 0.847301 0.885031 0.017691 0.013889
0 0.858084 0.876929 0.021953 0.015432
0 0.865057 0.896605 0.008006 0.027006
0 0.855437 0.909818 0.021049 0.015239
0 0.874225 0.901042 0.011364 0.025849
0 0.897469 0.914931 0.018078 0.015047
0 0.894758 0.885995 0.006973 0.024305
0 0.898632 0.897088 0.011105 0.019869
0 0.404700 0.777295 0.009298 0.019869
0 0.478887 0.904996 0.018724 0.030285
0 0.545455 0.912230 0.009815 0.026620
0 0.553009 0.908469 0.018724 0.028743
0 0.351110 0.837191 0.019887 0.016203
0 0.419228 0.917438 0.009943 0.023148
0 0.408704 0.913194 0.015238 0.024692
0 0.393595 0.907408 0.010330 0.030864
0 0.383135 0.912230 0.012138 0.028164
0 0.389527 0.878279 0.008910 0.025077
0 0.373967 0.911458 0.012914 0.025849
0 0.350465 0.916184 0.019112 0.020255
0 0.338972 0.911458 0.019370 0.023534
0 0.347108 0.875579 0.010331 0.022763
0 0.323218 0.904514 0.019370 0.016590
0 0.318182 0.916667 0.018078 0.020833
0 0.369060 0.706790 0.009814 0.023148
0 0.430398 0.621046 0.005940 0.024884
0 0.236958 0.662712 0.011622 0.029514
0 0.205062 0.581983 0.008781 0.025848
0 0.178848 0.697338 0.021436 0.021219
0 0.230953 0.773148 0.028022 0.016976
0 0.145403 0.645447 0.010330 0.019290
0 0.144240 0.642071 0.014721 0.019483
0 0.154184 0.686921 0.010330 0.031250
0 0.149728 0.692129 0.021565 0.018518
0 0.145080 0.604263 0.016400 0.028743
0 0.156508 0.599537 0.013430 0.026235
0 0.175684 0.577257 0.015625 0.010224
0 0.148244 0.582947 0.020661 0.001543
0 0.184336 0.560378 0.025180 0.015046
0 0.246900 0.486497 0.010847 0.023920
0 0.190858 0.481771 0.014463 0.029900
0 0.178784 0.538001 0.012525 0.018904
0 0.142950 0.538580 0.010073 0.023148
0 0.149664 0.538966 0.011105 0.026234
0 0.148373 0.501158 0.012655 0.025463
0 0.143272 0.508391 0.010718 0.024499
0 0.152570 0.490741 0.018982 0.015432
0 0.149535 0.476659 0.018595 0.015046
0 0.181043 0.472897 0.011880 0.028357
0 0.335485 0.396508 0.012913 0.029513
0 0.339618 0.337480 0.011363 0.032214
0 0.289902 0.340760 0.011106 0.028357
0 0.255489 0.382138 0.019757 0.013503
0 0.272985 0.402585 0.010331 0.024306
0 0.248838 0.411266 0.021953 0.017747
0 0.207644 0.373168 0.013947 0.026427
0 0.190211 0.408951 0.011105 0.030093
0 0.197443 0.424383 0.015238 0.023919
0 0.177750 0.420139 0.023373 0.022376
0 0.154700 0.432292 0.014463 0.016589
0 0.146178 0.406829 0.010847 0.032022
0 0.165031 0.381269 0.010848 0.024884
0 0.151278 0.380016 0.008135 0.028550
0 0.149147 0.369792 0.012655 0.031250
0 0.216813 0.326196 0.020403 0.017362
0 0.173360 0.318769 0.013559 0.019869
0 0.365315 0.274691 0.018853 0.013117
0 0.345946 0.235146 0.016271 0.021219
0 0.365896 0.220293 0.025180 0.016204
0 0.330385 0.223959 0.020273 0.014275
0 0.350400 0.184800 0.022340 0.017747
0 0.282477 0.160687 0.017433 0.028163
0 0.260331 0.179784 0.017045 0.023148
0 0.218621 0.208912 0.019887 0.014274
0 0.180850 0.260127 0.008652 0.021798
0 0.179364 0.248071 0.014204 0.020062
0 0.148438 0.273919 0.010202 0.026235
0 0.158058 0.317419 0.023244 0.023727
0 0.158187 0.327450 0.014722 0.022184
0 0.147985 0.318576 0.009297 0.031443
0 0.148567 0.227623 0.008910 0.023149
0 0.152117 0.210938 0.010847 0.023727
0 0.158122 0.198110 0.019241 0.027392
0 0.172973 0.195506 0.022082 0.008681
0 0.231664 0.207948 0.010331 0.031636
0 0.233019 0.195506 0.015108 0.022183
0 0.224820 0.173226 0.016787 0.020833
0 0.242640 0.163677 0.009555 0.027199
0 0.204158 0.178916 0.018337 0.020254
0 0.194796 0.152778 0.018983 0.017747
0 0.360150 0.151717 0.017304 0.019869
0 0.357438 0.099151 0.010848 0.026234
0 0.390238 0.100019 0.012397 0.026427
0 0.423747 0.088734 0.018466 0.013889
0 0.415031 0.119405 0.021694 0.017361
0 0.421165 0.126543 0.014333 0.015432
0 0.341232 0.099151 0.012526 0.027006
0 0.331159 0.098187 0.004520 0.016590
0 0.318440 0.130209 0.020145 0.014275
0 0.317665 0.100695 0.011880 0.027777
0 0.280475 0.138503 0.016012 0.016204
0 0.297198 0.112268 0.012009 0.017747
0 0.260847 0.126929 0.010330 0.030093
0 0.239605 0.113137 0.017175 0.017940
0 0.261428 0.093557 0.016400 0.012732
0 0.221591 0.138117 0.014980 0.022376
0 0.245416 0.128665 0.015883 0.017362
0 0.219266 0.120756 0.013429 0.023148
0 0.246707 0.150174 0.019240 0.010995
0 0.453900 0.110918 0.022469 0.015046
0 0.162577 0.158565 0.005941 0.019290
0 0.183239 0.135802 0.005940 0.015432
0 0.168712 0.134548 0.009685 0.022955
0 0.159220 0.123070 0.007490 0.029321
0 0.171100 0.117477 0.009556 0.020447
0 0.184013 0.111400 0.009039 0.028356
0 0.171100 0.104263 0.009556 0.009838
0 0.206224 0.110532 0.013688 0.011960
0 0.211261 0.097319 0.007231 0.021026
0 0.193182 0.111593 0.003615 0.024884
0 0.191891 0.104649 0.006715 0.023341
0 0.205385 0.092399 0.018724 0.012731
0 0.302234 0.853492 0.010976 0.020641
0 0.286544 0.902970 0.009555 0.024305
0 0.295971 0.907214 0.018595 0.028164
0 0.291452 0.925540 0.015238 0.012346
0 0.282219 0.911169 0.016400 0.025656
0 0.268143 0.917149 0.012010 0.026814
0 0.260395 0.912519 0.010977 0.023727
0 0.248709 0.861690 0.021177 0.015046
0 0.249096 0.915124 0.019886 0.014661
0 0.239669 0.888117 0.005165 0.013118
0 0.230372 0.911844 0.008264 0.025077
0 0.216877 0.913870 0.010460 0.021027
0 0.227337 0.922551 0.017175 0.016011
0 0.208871 0.887153 0.012785 0.020448
0 0.222043 0.892747 0.023631 0.018518
0 0.197572 0.899980 0.008781 0.015625
0 0.188210 0.918885 0.018466 0.014854
0 0.200672 0.820601 0.011363 0.029321
0 0.166903 0.812500 0.021823 0.015432
0 0.171875 0.836613 0.019887 0.015818
0 0.176782 0.871239 0.023502 0.015239
0 0.174974 0.895641 0.017821 0.022763
0 0.170713 0.906829 0.017045 0.021991
0 0.166968 0.916473 0.018337 0.013503
0 0.158575 0.901813 0.009298 0.019676
0 0.151472 0.897570 0.014205 0.013503
0 0.147340 0.884066 0.016788 0.015818
0 0.153538 0.884742 0.008006 0.021413
0 0.143724 0.846933 0.010589 0.021798
0 0.145661 0.829476 0.012397 0.029321
0 0.141013 0.787423 0.009297 0.026235
0 0.142497 0.774016 0.008135 0.024112
0 0.154249 0.769772 0.004777 0.031057
0 0.142110 0.754051 0.015108 0.032021
0 0.147211 0.738619 0.018595 0.024305
0 0.152117 0.726562 0.010847 0.024113
0 0.147469 0.719329 0.017562 0.013503
