0 0.438921 0.550540 0.020403 0.016204
0 0.439695 0.590278 0.019370 0.010031
0 0.434530 0.657504 0.015754 0.020641
0 0.380941 0.637249 0.010847 0.030285
0 0.342846 0.644290 0.020402 0.020834
0 0.355630 0.602720 0.011880 0.022956
0 0.337035 0.620370 0.019112 0.015432
0 0.331612 0.582369 0.013429 0.029706
0 0.312500 0.501640 0.012396 0.027971
0 0.368027 0.469618 0.011880 0.028742
0 0.361828 0.389082 0.011881 0.022763
0 0.668647 0.371913 0.009814 0.026234
0 0.514592 0.495371 0.027118 0.018519
0 0.465522 0.484375 0.010072 0.013504
0 0.546488 0.542824 0.022727 0.015432
0 0.583419 0.614294 0.010847 0.032215
0 0.559659 0.641011 0.020145 0.021219
0 0.489411 0.649306 0.012914 0.019290
0 0.884814 0.055942 0.020661 0.016975
0 0.863249 0.082369 0.016788 0.015047
0 0.870222 0.117863 0.015238 0.018133
0 0.819344 0.181327 0.013688 0.024692
0 0.848399 0.196181 0.011880 0.035108
0 0.864669 0.262346 0.013430 0.030865
0 0.770403 0.122879 0.009814 0.025077
0 0.803332 0.071180 0.013688 0.020448
0 0.704674 0.038580 0.019887 0.019290
0 0.671617 0.052662 0.017820 0.022763
0 0.662965 0.031153 0.017046 0.016783
0 0.631844 0.043210 0.014721 0.025463
0 0.584711 0.123842 0.023760 0.016203
0 0.598140 0.030864 0.019628 0.019290
0 0.585228 0.039931 0.016529 0.025077
0 0.549974 0.038773 0.011105 0.027392
0 0.542743 0.037230 0.011622 0.027392
0 0.527635 0.035012 0.008781 0.022955
0 0.495738 0.030961 0.016271 0.023341
0 0.500387 0.112654 0.020920 0.015432
0 0.515367 0.106192 0.016787 0.029899
0 0.470042 0.069251 0.020661 0.017361
0 0.468492 0.027585 0.021695 0.020448
0 0.406120 0.084008 0.012655 0.025270
0 0.754778 0.276814 0.008522 0.017361
0 0.751937 0.440008 0.019887 0.023534
0 0.830837 0.340471 0.012914 0.018132
0 0.836131 0.357639 0.016271 0.022377
0 0.912836 0.439333 0.018336 0.028743
0 0.913740 0.489197 0.015496 0.024691
0 0.842588 0.451003 0.012139 0.030093
0 0.786157 0.530479 0.014462 0.033179
0 0.745997 0.539448 0.015238 0.017168
0 0.746385 0.663580 0.009297 0.030093
0 0.911674 0.577932 0.009297 0.025463
0 0.871385 0.600695 0.024793 0.018519
0 0.859245 0.609279 0.010847 0.030671
0 0.847882 0.653163 0.011880 0.035493
0 0.871513 0.642361 0.017821 0.016975
0 0.693698 0.714892 0.018595 0.015432
0 0.662965 0.702932 0.019112 0.014660
0 0.576446 0.684414 0.012397 0.023919
0 0.510589 0.691165 0.008781 0.025849
0 0.726756 0.676697 0.020661 0.016203
0 0.775310 0.663580 0.024794 0.019290
0 0.788094 0.684028 0.017820 0.023148
0 0.919938 0.654610 0.014462 0.032987
0 0.877583 0.695795 0.013430 0.032794
0 0.831611 0.733989 0.012397 0.022762
0 0.833936 0.770833 0.019112 0.016204
0 0.799845 0.779321 0.012914 0.028550
0 0.816891 0.844329 0.012913 0.037423
0 0.797650 0.854745 0.017304 0.027392
0 0.885589 0.765625 0.009814 0.024305
0 0.914773 0.764274 0.015496 0.018518
0 0.905475 0.818673 0.020661 0.016204
0 0.912190 0.834491 0.009298 0.030865
0 0.894240 0.830439 0.020403 0.017361
0 0.899018 0.839120 0.014979 0.021605
0 0.883394 0.875000 0.012138 0.016204
0 0.904184 0.886188 0.009814 0.027778
0 0.907283 0.897762 0.009814 0.030864
0 0.890496 0.903163 0.011364 0.027778
0 0.848915 0.881559 0.011880 0.023148
0 0.863120 0.886188 0.014462 0.012346
0 0.876420 0.911844 0.008523 0.022762
0 0.861183 0.912230 0.018854 0.025077
0 0.863895 0.861111 0.020145 0.016204
0 0.874613 0.836805 0.019370 0.013889
0 0.855372 0.818480 0.010330 0.028936
0 0.837681 0.808835 0.011105 0.021219
0 0.832903 0.851273 0.009814 0.025078
0 0.823605 0.873457 0.028409 0.020833
0 0.811597 0.907408 0.012655 0.022377
0 0.790547 0.896991 0.012913 0.015432
0 0.795196 0.912616 0.021177 0.025848
0 0.774019 0.906250 0.016012 0.015432
0 0.750775 0.897377 0.007748 0.020833
0 0.743027 0.913966 0.012914 0.029321
0 0.732696 0.803048 0.016013 0.025077
0 0.721461 0.789352 0.020919 0.019290
0 0.741993 0.850694 0.014979 0.024692
0 0.734762 0.896412 0.012913 0.035108
0 0.727660 0.914545 0.011622 0.028164
0 0.717329 0.909530 0.010589 0.030478
0 0.702738 0.919560 0.014979 0.024305
0 0.669164 0.894290 0.012913 0.037809
0 0.655604 0.814429 0.020403 0.016976
0 0.685951 0.756559 0.022727 0.016975
0 0.647469 0.757330 0.021178 0.015432
0 0.647986 0.777006 0.009814 0.028550
0 0.629132 0.778742 0.013429 0.020447
0 0.615444 0.766396 0.010847 0.028164
0 0.588714 0.750771 0.017304 0.030093
0 0.573735 0.768518 0.022469 0.025463
0 0.595687 0.841821 0.019886 0.019290
0 0.597108 0.884453 0.011363 0.029707
0 0.591297 0.912423 0.014721 0.032408
0 0.568957 0.910301 0.014979 0.028936
0 0.543905 0.907407 0.012396 0.031635
0 0.532929 0.894290 0.013688 0.031636
0 0.528925 0.813079 0.014463 0.032022
0 0.512914 0.890239 0.010331 0.024305
0 0.488119 0.915509 0.016529 0.015432
0 0.461002 0.715664 0.012913 0.024691
0 0.407670 0.746720 0.013688 0.021219
0 0.421488 0.771991 0.022728 0.018519
0 0.383135 0.779321 0.021436 0.019290
0 0.414127 0.816358 0.024535 0.017746
0 0.394887 0.826389 0.021178 0.022377
0 0.440922 0.865162 0.020274 0.020447
0 0.475206 0.914352 0.010331 0.027006
0 0.465650 0.915317 0.008781 0.029707
0 0.428977 0.899884 0.019112 0.023534
0 0.398308 0.919561 0.017174 0.013503
0 0.399987 0.928048 0.020532 0.018132
0 0.392691 0.893518 0.020403 0.017747
0 0.374870 0.905092 0.022469 0.017747
0 0.360021 0.915509 0.012397 0.021605
0 0.345816 0.908565 0.013946 0.023148
0 0.332645 0.907601 0.011363 0.029707
0 0.322572 0.914930 0.008781 0.025849
0 0.303978 0.911844 0.010847 0.022762
0 0.301911 0.846065 0.018078 0.015432
0 0.267820 0.796103 0.011880 0.024305
0 0.294938 0.741319 0.012397 0.018904
0 0.272985 0.657986 0.010847 0.022762
0 0.235279 0.660108 0.022210 0.016976
0 0.190729 0.671489 0.012655 0.020447
0 0.171488 0.651234 0.012397 0.025463
0 0.208936 0.614390 0.011880 0.023533
0 0.175620 0.722608 0.020661 0.016976
0 0.144757 0.728395 0.021953 0.014660
0 0.265108 0.843750 0.019369 0.015432
0 0.220106 0.828704 0.019757 0.014661
0 0.164127 0.860726 0.020402 0.029321
0 0.172908 0.807870 0.019370 0.016203
0 0.145467 0.806713 0.020791 0.016976
0 0.129261 0.839314 0.011622 0.021219
0 0.158703 0.915509 0.016787 0.016976
0 0.135331 0.916473 0.013429 0.021219
0 0.129003 0.901234 0.017304 0.023919
0 0.118995 0.915509 0.021049 0.021605
0 0.237280 0.923418 0.001420 0.016590
0 0.227014 0.916281 0.007748 0.024691
0 0.192924 0.910494 0.009814 0.027006
0 0.192794 0.914545 0.017821 0.023534
0 0.216813 0.925154 0.015754 0.019290
0 0.297262 0.916474 0.011881 0.030479
0 0.291839 0.912422 0.013430 0.029321
0 0.286157 0.904514 0.010330 0.035880
0 0.268531 0.895448 0.017691 0.030864
0 0.271048 0.919561 0.014204 0.025849
0 0.260847 0.910301 0.007232 0.032022
0 0.252906 0.910880 0.010459 0.029321
0 0.104726 0.895833 0.012138 0.025463
0 0.108342 0.908372 0.012138 0.026621
0 0.098722 0.902392 0.020273 0.015432
0 0.105049 0.887346 0.024664 0.013117
0 0.095300 0.878086 0.024277 0.023919
0 0.104468 0.859182 0.027118 0.015432
0 0.096462 0.841049 0.016271 0.020833
0 0.097172 0.849152 0.024406 0.016975
0 0.089618 0.829668 0.023244 0.021991
0 0.117446 0.792632 0.022082 0.017361
0 0.088908 0.804784 0.013559 0.014660
0 0.117640 0.771991 0.019370 0.015432
0 0.096655 0.788194 0.026473 0.020061
0 0.147469 0.695987 0.021178 0.017747
0 0.138300 0.661265 0.018337 0.016204
0 0.131327 0.646026 0.015755 0.028935
0 0.116283 0.703125 0.019241 0.020447
0 0.110021 0.693094 0.015495 0.016589
0 0.087810 0.710841 0.010847 0.027392
0 0.239282 0.564429 0.021952 0.020833
0 0.300232 0.433449 0.023502 0.016589
0 0.198606 0.476852 0.013947 0.020062
0 0.206160 0.496528 0.023889 0.019290
0 0.165031 0.491513 0.017045 0.018519
0 0.183497 0.542439 0.022985 0.018519
0 0.179881 0.568480 0.022986 0.015046
0 0.150439 0.561921 0.013688 0.022762
0 0.097365 0.592206 0.018078 0.013117
0 0.088198 0.541859 0.013171 0.025077
0 0.095558 0.612172 0.016012 0.019868
0 0.089812 0.620467 0.016399 0.020254
0 0.095300 0.648920 0.019111 0.012346
0 0.094783 0.682870 0.010847 0.030865
0 0.092587 0.675347 0.010589 0.025077
0 0.121513 0.519483 0.016787 0.000386
0 0.098334 0.522184 0.021565 0.019676
0 0.114927 0.485726 0.018079 0.014661
0 0.100723 0.488233 0.022727 0.016590
0 0.092975 0.497300 0.017562 0.025463
0 0.081870 0.466050 0.007231 0.012346
0 0.390367 0.295139 0.018853 0.011574
0 0.237603 0.241899 0.023760 0.017747
0 0.178590 0.394869 0.021436 0.016590
0 0.123837 0.352817 0.008523 0.020448
0 0.145661 0.283372 0.012397 0.028164
0 0.119189 0.315200 0.012138 0.016203
0 0.120997 0.279514 0.010073 0.026620
0 0.094525 0.279514 0.008781 0.018904
0 0.100594 0.270641 0.012138 0.024306
0 0.096139 0.352431 0.009943 0.027392
0 0.089618 0.348959 0.009814 0.028164
0 0.098140 0.330825 0.016529 0.015047
0 0.110150 0.409336 0.020919 0.014661
0 0.100981 0.422453 0.020144 0.010031
0 0.106147 0.435764 0.022211 0.008874
0 0.093233 0.466436 0.007747 0.013117
0 0.100400 0.456211 0.020532 0.014275
0 0.095880 0.448688 0.024923 0.014661
0 0.090651 0.418500 0.014979 0.026813
0 0.230114 0.205633 0.019111 0.016204
0 0.238120 0.163774 0.011364 0.025077
0 0.215522 0.099441 0.011622 0.026813
0 0.200413 0.096161 0.012397 0.022184
0 0.275698 0.114101 0.015237 0.020640
0 0.282864 0.101273 0.022082 0.013503
0 0.360408 0.026620 0.020919 0.013889
0 0.301782 0.029321 0.018337 0.013118
0 0.238249 0.032503 0.021436 0.019483
0 0.206612 0.033951 0.019628 0.025463
0 0.178978 0.051987 0.006715 0.027585
0 0.184918 0.035687 0.016529 0.022762
0 0.175620 0.042825 0.010330 0.029321
0 0.149665 0.049575 0.010589 0.022762
0 0.153280 0.036651 0.013172 0.026235
0 0.143853 0.039931 0.017045 0.025077
0 0.130682 0.043982 0.008264 0.028549
0 0.120093 0.053627 0.006714 0.021605
0 0.121965 0.036748 0.014333 0.024113
0 0.096849 0.084587 0.009814 0.023727
0 0.178202 0.170910 0.021694 0.013117
0 0.145274 0.173804 0.021952 0.016590
0 0.126421 0.206019 0.017304 0.024692
0 0.106728 0.139661 0.012526 0.024691
0 0.104080 0.127314 0.028409 0.013889
0 0.104403 0.138503 0.023373 0.013118
0 0.096720 0.157986 0.011106 0.025848
0 0.101949 0.207465 0.011751 0.021412
0 0.096591 0.193672 0.014463 0.029321
0 0.099561 0.246528 0.014204 0.013118
0 0.101885 0.235725 0.019887 0.014661
0 0.099367 0.215664 0.016917 0.016203
0 0.102337 0.218364 0.027505 0.015432
0 0.088068 0.228395 0.011364 0.023148
