0 0.485150 0.214217 0.017820 0.015625
0 0.487345 0.186343 0.020661 0.015432
0 0.582516 0.183449 0.023502 0.015818
0 0.612604 0.189140 0.018078 0.027585
0 0.648373 0.264275 0.011106 0.027006
0 0.721526 0.256365 0.016658 0.025849
0 0.756456 0.166474 0.011363 0.024306
0 0.719460 0.171875 0.019757 0.015046
0 0.684078 0.164930 0.019757 0.017361
0 0.635976 0.152006 0.022985 0.020062
0 0.627001 0.118056 0.017433 0.015432
0 0.629068 0.113040 0.026472 0.016976
0 0.656895 0.103395 0.013172 0.015432
0 0.630682 0.100405 0.015496 0.015240
0 0.593621 0.077739 0.021953 0.018133
0 0.574251 0.053626 0.016788 0.014661
0 0.588391 0.053434 0.013301 0.013503
0 0.537384 0.057099 0.017174 0.016975
0 0.463972 0.068094 0.009040 0.015818
0 0.455643 0.055652 0.016916 0.016397
0 0.756134 0.116512 0.016142 0.028549
0 0.678848 0.106482 0.020402 0.015433
0 0.661351 0.076871 0.016399 0.016396
0 0.641529 0.082755 0.020661 0.016589
0 0.617123 0.061535 0.018336 0.021991
0 0.645403 0.064043 0.010330 0.023148
0 0.712358 0.059124 0.021307 0.017940
0 0.698541 0.066937 0.021049 0.015818
0 0.683110 0.057195 0.017562 0.017168
0 0.663288 0.063561 0.016141 0.018325
0 0.663611 0.054880 0.019370 0.016397
0 0.796423 0.185378 0.019240 0.015046
0 0.798295 0.152585 0.013946 0.028936
0 0.798489 0.113908 0.015625 0.014854
0 0.807335 0.111883 0.019111 0.019290
0 0.817407 0.099633 0.012396 0.028743
0 0.830514 0.084491 0.021566 0.016204
0 0.823864 0.064815 0.020145 0.015432
0 0.793647 0.067323 0.016529 0.014275
0 0.771823 0.060282 0.016787 0.020255
0 0.752066 0.068576 0.009297 0.013696
0 0.754455 0.057195 0.015625 0.021027
0 0.739088 0.071856 0.005036 0.019483
0 0.737538 0.060957 0.017433 0.019290
0 0.850272 0.118923 0.012009 0.028742
0 0.838714 0.223958 0.017304 0.015046
0 0.816955 0.288870 0.017691 0.018325
0 0.847624 0.296778 0.012914 0.033757
0 0.870222 0.255884 0.014204 0.033372
0 0.870739 0.136285 0.011622 0.028742
0 0.893853 0.098090 0.015495 0.020254
0 0.899858 0.136671 0.009168 0.024113
0 0.893466 0.190007 0.019370 0.017361
0 0.912448 0.083334 0.010847 0.029321
0 0.923037 0.088735 0.011364 0.024691
0 0.931302 0.125000 0.007748 0.014661
0 0.934789 0.130498 0.012655 0.024884
0 0.925232 0.172261 0.012139 0.023534
0 0.930333 0.166474 0.014850 0.024306
0 0.933626 0.206211 0.009814 0.021991
0 0.936144 0.186921 0.009943 0.018904
0 0.911997 0.222608 0.015367 0.016976
0 0.915547 0.245564 0.013430 0.020448
0 0.892821 0.299383 0.010331 0.015432
0 0.932012 0.245370 0.012010 0.029321
0 0.937371 0.233410 0.014204 0.034723
0 0.787706 0.464989 0.012397 0.027199
0 0.808497 0.354263 0.016271 0.024885
0 0.857761 0.438175 0.022856 0.023726
0 0.867639 0.364873 0.011621 0.027585
0 0.929041 0.354553 0.021565 0.018519
0 0.929300 0.308256 0.020015 0.016204
0 0.903280 0.405960 0.011106 0.026041
0 0.931818 0.398920 0.019628 0.016204
0 0.938856 0.433257 0.014850 0.013117
0 0.936208 0.439912 0.019111 0.016011
0 0.932658 0.457369 0.021049 0.015818
0 0.928913 0.487847 0.023373 0.016590
0 0.933626 0.490548 0.021694 0.015818
0 0.934401 0.510417 0.019628 0.016975
0 0.935047 0.519868 0.015755 0.017361
0 0.938210 0.525656 0.018724 0.017362
0 0.939244 0.568866 0.015108 0.014275
0 0.937694 0.557485 0.017174 0.020834
0 0.889721 0.576389 0.012396 0.030092
0 0.822960 0.639371 0.013688 0.020254
0 0.816374 0.685571 0.013430 0.030093
0 0.879584 0.685185 0.014592 0.036265
0 0.881973 0.725888 0.021694 0.018133
0 0.889334 0.666860 0.011622 0.027392
0 0.944279 0.631366 0.010718 0.022763
0 0.933626 0.639275 0.021178 0.016204
0 0.933626 0.675926 0.019111 0.016204
0 0.932786 0.699460 0.018208 0.015432
0 0.940987 0.730420 0.015755 0.017169
0 0.942278 0.753086 0.015754 0.020833
0 0.864669 0.814525 0.013429 0.029899
0 0.793065 0.786844 0.017433 0.023534
0 0.767562 0.752412 0.009298 0.027585
0 0.766722 0.794946 0.021565 0.018904
0 0.935176 0.813658 0.023244 0.014661
0 0.933885 0.821373 0.018078 0.016203
0 0.945893 0.824846 0.011105 0.023148
0 0.726757 0.860340 0.016529 0.030865
0 0.708936 0.891107 0.010330 0.029514
0 0.780023 0.861594 0.014592 0.032214
0 0.806173 0.893037 0.015755 0.020255
0 0.821797 0.892554 0.012913 0.025077
0 0.852402 0.894579 0.011106 0.027971
0 0.855501 0.885224 0.011106 0.028164
0 0.864282 0.886863 0.011622 0.026428
0 0.931818 0.848572 0.022728 0.018133
0 0.891465 0.887925 0.023631 0.016589
0 0.890173 0.893132 0.020532 0.017747
0 0.873063 0.891590 0.013688 0.027007
0 0.492962 0.685571 0.014592 0.014660
0 0.460421 0.728395 0.018724 0.013889
0 0.348011 0.709491 0.023502 0.018519
0 0.343233 0.615452 0.012913 0.022570
0 0.323863 0.773630 0.012913 0.031443
0 0.419679 0.845196 0.016529 0.027199
0 0.586519 0.826389 0.021177 0.016976
0 0.607503 0.875579 0.019499 0.012731
0 0.627841 0.881752 0.022211 0.013503
0 0.627841 0.897763 0.021177 0.018519
0 0.605889 0.890529 0.012397 0.021413
0 0.557464 0.876254 0.015754 0.024498
0 0.547004 0.889564 0.012396 0.026427
0 0.521630 0.892554 0.020790 0.017362
0 0.451317 0.880208 0.011622 0.033565
0 0.434982 0.898727 0.020274 0.020447
0 0.411997 0.888310 0.016142 0.021220
0 0.388429 0.893325 0.020661 0.017361
0 0.392432 0.893132 0.012655 0.025463
0 0.358600 0.880305 0.012138 0.027971
0 0.355501 0.882813 0.011622 0.036072
0 0.326576 0.845872 0.009039 0.027392
0 0.325801 0.893905 0.020403 0.010803
0 0.326317 0.888214 0.012138 0.029900
0 0.340522 0.887635 0.012139 0.027200
0 0.276085 0.655478 0.018078 0.014661
0 0.306237 0.579476 0.016141 0.021605
0 0.219654 0.651524 0.011106 0.030286
0 0.211777 0.662037 0.012913 0.032408
0 0.199832 0.694734 0.002195 0.034143
0 0.174587 0.685282 0.013946 0.018711
0 0.210744 0.755787 0.014979 0.039352
0 0.294486 0.807774 0.014850 0.014853
0 0.231534 0.808063 0.011622 0.023534
0 0.223463 0.781443 0.018725 0.015046
0 0.194409 0.788002 0.020015 0.017361
0 0.154571 0.766590 0.017304 0.016203
0 0.168647 0.805459 0.014980 0.024884
0 0.183239 0.832947 0.019370 0.016975
0 0.174781 0.829861 0.024147 0.019290
0 0.153990 0.850598 0.010977 0.025656
0 0.149858 0.813272 0.013558 0.016975
0 0.148566 0.825713 0.013559 0.019483
0 0.146952 0.842785 0.013947 0.018133
0 0.245223 0.826292 0.016787 0.002123
0 0.255165 0.848669 0.012397 0.027971
0 0.234246 0.878086 0.011880 0.024691
0 0.225271 0.897956 0.024923 0.013503
0 0.221075 0.847801 0.012397 0.028936
0 0.188275 0.853781 0.018078 0.013889
0 0.190018 0.859568 0.020015 0.016976
0 0.165418 0.878280 0.013688 0.030478
0 0.182335 0.885417 0.014463 0.019290
0 0.191632 0.885803 0.011880 0.023149
0 0.190857 0.881173 0.018078 0.014660
0 0.212746 0.885320 0.008135 0.014081
0 0.219525 0.890432 0.017046 0.013118
0 0.274729 0.882620 0.019757 0.005980
0 0.285253 0.859857 0.010072 0.027971
0 0.262526 0.885995 0.007489 0.020448
0 0.288029 0.872396 0.010977 0.026042
0 0.301523 0.866030 0.009039 0.027971
0 0.309659 0.885224 0.012914 0.035108
0 0.287125 0.896027 0.024665 0.021219
0 0.149018 0.716918 0.012913 0.028357
0 0.149212 0.707176 0.017433 0.030864
0 0.147469 0.660591 0.010847 0.022569
0 0.151859 0.648920 0.011880 0.028550
0 0.180139 0.586805 0.015755 0.028549
0 0.170326 0.572820 0.008007 0.026042
0 0.157413 0.534143 0.009039 0.026621
0 0.149018 0.514660 0.006715 0.022376
0 0.275439 0.467400 0.009040 0.014274
0 0.167936 0.615837 0.010977 0.010224
0 0.166452 0.646702 0.010589 0.012925
0 0.147663 0.620949 0.008652 0.018132
0 0.160964 0.649209 0.016142 0.017168
0 0.151214 0.614487 0.010589 0.017554
0 0.156766 0.598090 0.018078 0.019483
0 0.159930 0.512635 0.007360 0.023726
0 0.155476 0.502315 0.012913 0.020834
0 0.152699 0.487654 0.013559 0.022376
0 0.182464 0.469136 0.009039 0.029321
0 0.184594 0.492766 0.015883 0.018325
0 0.150827 0.459491 0.011363 0.030864
0 0.213585 0.451968 0.010331 0.026620
0 0.227660 0.416763 0.014204 0.034915
0 0.244448 0.367766 0.015237 0.024884
0 0.279442 0.372588 0.010330 0.022569
0 0.253422 0.338348 0.008136 0.021605
0 0.216296 0.360436 0.015755 0.018325
0 0.209388 0.341242 0.014850 0.023534
0 0.187758 0.430652 0.010331 0.029900
0 0.155798 0.444927 0.008393 0.037230
0 0.168453 0.436343 0.024922 0.015432
0 0.157541 0.419463 0.007748 0.024113
0 0.157993 0.405093 0.016400 0.020833
0 0.160834 0.399691 0.012268 0.019290
0 0.156508 0.386960 0.016529 0.023148
0 0.160511 0.376833 0.017820 0.026041
0 0.163804 0.358604 0.020274 0.010417
0 0.166645 0.347415 0.021307 0.015818
0 0.154442 0.323206 0.008264 0.021412
0 0.168195 0.304206 0.013559 0.017361
0 0.156766 0.308256 0.010330 0.021605
0 0.162319 0.297647 0.017820 0.014275
0 0.171036 0.277103 0.014592 0.013696
0 0.157477 0.280479 0.010718 0.021605
0 0.167291 0.260031 0.020015 0.010802
0 0.288030 0.244791 0.021307 0.018133
0 0.318763 0.292149 0.010460 0.012924
0 0.272211 0.224537 0.017045 0.016204
0 0.233471 0.223669 0.010330 0.026041
0 0.219202 0.256462 0.023890 0.016783
0 0.203771 0.222994 0.023244 0.015432
0 0.175361 0.226851 0.025827 0.013889
0 0.158187 0.246335 0.011622 0.025077
0 0.272857 0.168210 0.015238 0.017747
0 0.223786 0.158469 0.019370 0.026813
0 0.243672 0.146122 0.025569 0.010995
0 0.196217 0.145641 0.017949 0.021219
0 0.170196 0.121046 0.011364 0.023727
0 0.172521 0.074749 0.008265 0.027585
0 0.160898 0.152392 0.010847 0.023148
0 0.185175 0.162230 0.020661 0.017362
0 0.195119 0.200713 0.012138 0.023727
0 0.163804 0.204089 0.018208 0.013889
0 0.164772 0.192130 0.014463 0.016975
0 0.166903 0.181810 0.010977 0.017939
0 0.177815 0.184703 0.009556 0.026427
0 0.213972 0.049962 0.016270 0.016589
0 0.215974 0.073109 0.016142 0.012731
0 0.219848 0.062115 0.014850 0.021605
0 0.247095 0.051891 0.016658 0.012731
0 0.254519 0.061535 0.015237 0.014275
0 0.277311 0.053627 0.016142 0.017747
0 0.283509 0.124615 0.017691 0.013889
0 0.298424 0.058835 0.020403 0.018904
0 0.309788 0.094522 0.014205 0.013117
0 0.301653 0.086420 0.016529 0.014660
0 0.334129 0.097222 0.016141 0.012346
0 0.343233 0.127893 0.017045 0.014275
0 0.343040 0.107253 0.020016 0.013118
0 0.391723 0.083044 0.016658 0.022570
0 0.312113 0.059799 0.008523 0.019290
0 0.321345 0.059799 0.013043 0.019290
0 0.334581 0.063658 0.011105 0.024691
0 0.348786 0.065586 0.008523 0.024691
0 0.352660 0.062404 0.012138 0.026042
