0 0.110537 0.028549 0.022211 0.017747
0 0.111570 0.049093 0.019628 0.023727
0 0.114153 0.055555 0.016012 0.019291
0 0.097172 0.058063 0.018208 0.023534
0 0.093815 0.096547 0.018208 0.022956
0 0.115445 0.092014 0.018595 0.016589
0 0.148115 0.078993 0.015237 0.035687
0 0.153668 0.037133 0.011363 0.028743
0 0.160382 0.016975 0.011364 0.023920
0 0.194150 0.025752 0.016142 0.021412
0 0.216361 0.024113 0.021048 0.015046
0 0.225207 0.034915 0.021177 0.015818
0 0.199122 0.037616 0.016012 0.014275
0 0.179687 0.072627 0.020533 0.022184
0 0.235924 0.060764 0.020919 0.016590
0 0.274083 0.041184 0.018466 0.029128
0 0.184272 0.102238 0.025052 0.017747
0 0.161415 0.099537 0.022210 0.020062
0 0.173489 0.117863 0.024665 0.021219
0 0.157670 0.122685 0.013171 0.034723
0 0.091425 0.131559 0.012913 0.026234
0 0.088843 0.184028 0.013946 0.031636
0 0.107567 0.123649 0.019370 0.017361
0 0.102918 0.173900 0.017821 0.025655
0 0.194473 0.151234 0.013946 0.030864
0 0.242769 0.145255 0.011880 0.033565
0 0.254584 0.126351 0.018983 0.024306
0 0.273567 0.109086 0.020273 0.021798
0 0.315341 0.014660 0.024277 0.018519
0 0.352272 0.064333 0.017045 0.029900
0 0.354339 0.039255 0.014979 0.028357
0 0.368608 0.051312 0.021307 0.023148
0 0.399341 0.020447 0.016659 0.023149
0 0.416516 0.023534 0.019498 0.023148
0 0.431818 0.016975 0.013430 0.015432
0 0.448799 0.033083 0.022081 0.018325
0 0.454417 0.030382 0.011105 0.031443
0 0.493091 0.028936 0.018724 0.017747
0 0.501743 0.022087 0.008652 0.017169
0 0.515560 0.022859 0.019757 0.020255
0 0.570571 0.024306 0.022340 0.019291
0 0.592330 0.034915 0.015755 0.018132
0 0.642756 0.022955 0.017174 0.015818
0 0.659672 0.037423 0.017950 0.027006
0 0.699380 0.032697 0.012397 0.024498
0 0.694215 0.049189 0.015496 0.017361
0 0.723722 0.051312 0.014592 0.032408
0 0.748967 0.022859 0.017562 0.021798
0 0.749871 0.046779 0.012138 0.034144
0 0.779443 0.037616 0.012913 0.028935
0 0.324767 0.119020 0.018853 0.018132
0 0.271694 0.201581 0.022727 0.021991
0 0.261945 0.188658 0.018466 0.022376
0 0.245480 0.190779 0.020919 0.017361
0 0.278409 0.240355 0.017562 0.033950
0 0.218750 0.208912 0.024793 0.018904
0 0.260847 0.245563 0.011364 0.021991
0 0.185692 0.208333 0.018595 0.015432
0 0.362990 0.220679 0.014721 0.022376
0 0.471074 0.131751 0.022210 0.020447
0 0.451576 0.171393 0.016271 0.023341
0 0.581031 0.090856 0.013559 0.026620
0 0.611764 0.131944 0.021566 0.023920
0 0.669486 0.081983 0.013301 0.037422
0 0.666128 0.094039 0.015883 0.025270
0 0.710614 0.128858 0.020919 0.020834
0 0.685111 0.120564 0.019757 0.021991
0 0.658898 0.125482 0.021565 0.021026
0 0.581095 0.120177 0.020661 0.025077
0 0.684530 0.156443 0.020402 0.022762
0 0.560886 0.150656 0.022340 0.020448
0 0.610925 0.194059 0.022985 0.028550
0 0.595816 0.213542 0.016529 0.027392
0 0.513946 0.200907 0.019112 0.024113
0 0.498321 0.235919 0.017820 0.018133
0 0.419164 0.223573 0.012397 0.021219
0 0.515302 0.273919 0.015625 0.029321
0 0.492123 0.272859 0.019370 0.033372
0 0.478822 0.300733 0.021178 0.025077
0 0.452350 0.296586 0.017304 0.021027
0 0.409220 0.311921 0.021436 0.016589
0 0.429752 0.324171 0.011880 0.026813
0 0.421939 0.349344 0.018983 0.015818
0 0.460485 0.364583 0.018595 0.016204
0 0.091361 0.235918 0.016400 0.024306
0 0.088391 0.283276 0.016142 0.039545
0 0.180526 0.303048 0.022211 0.021219
0 0.169679 0.321373 0.024793 0.018519
0 0.181947 0.325328 0.018853 0.021798
0 0.239217 0.312307 0.019499 0.017361
0 0.253228 0.292728 0.013171 0.027971
0 0.306947 0.434896 0.016787 0.032986
0 0.364023 0.447627 0.011105 0.026813
0 0.473334 0.467786 0.021307 0.022763
0 0.481405 0.489005 0.023244 0.021991
0 0.256908 0.449364 0.014850 0.019869
0 0.243478 0.495178 0.019757 0.017361
0 0.375710 0.504629 0.020532 0.014661
0 0.171423 0.456887 0.016917 0.026428
0 0.199897 0.506462 0.013946 0.036844
0 0.179623 0.498360 0.013172 0.029128
0 0.170326 0.490065 0.012139 0.031057
0 0.189630 0.542438 0.023631 0.020062
0 0.095751 0.437307 0.021565 0.017361
0 0.128228 0.422647 0.014721 0.027392
0 0.144499 0.432774 0.014204 0.032600
0 0.161480 0.430942 0.018982 0.016204
0 0.139399 0.457754 0.011751 0.030479
0 0.108019 0.494309 0.019241 0.023727
0 0.084711 0.492862 0.011363 0.029707
0 0.124613 0.513407 0.014721 0.034529
0 0.104661 0.544946 0.013559 0.037423
0 0.097624 0.547357 0.013430 0.035687
0 0.084452 0.536747 0.012913 0.031443
0 0.124354 0.562693 0.017821 0.018132
0 0.166064 0.597319 0.011880 0.034529
0 0.165160 0.569444 0.019887 0.027006
0 0.205707 0.606289 0.018853 0.028164
0 0.260266 0.592785 0.024406 0.021991
0 0.275439 0.641011 0.015238 0.033564
0 0.286158 0.643132 0.018595 0.016975
0 0.201576 0.708333 0.010589 0.027007
0 0.217975 0.769483 0.019112 0.015818
0 0.251550 0.759452 0.011880 0.033564
0 0.298038 0.719907 0.012397 0.028550
0 0.225594 0.722222 0.024019 0.022376
0 0.211777 0.689333 0.015496 0.027971
0 0.344331 0.645930 0.012267 0.020255
0 0.162707 0.720486 0.023244 0.018904
0 0.138172 0.676022 0.012913 0.027199
0 0.382618 0.659818 0.018853 0.022184
0 0.464359 0.665606 0.011363 0.032986
0 0.454545 0.690393 0.024277 0.001929
0 0.534091 0.606675 0.021694 0.028163
0 0.329481 0.786844 0.019499 0.023534
0 0.455514 0.798226 0.021823 0.021605
0 0.438017 0.795235 0.016013 0.024885
0 0.457580 0.863137 0.014076 0.020640
0 0.500194 0.822917 0.020274 0.019290
0 0.540741 0.785783 0.022340 0.024113
0 0.576705 0.818673 0.021695 0.019290
0 0.557271 0.819252 0.021307 0.018133
0 0.544486 0.863619 0.016400 0.023534
0 0.533316 0.854938 0.014980 0.023919
0 0.519111 0.859375 0.019111 0.018904
0 0.504390 0.860629 0.022211 0.022570
0 0.491283 0.865162 0.017433 0.018904
0 0.600400 0.864776 0.024406 0.016590
0 0.642175 0.859954 0.019370 0.020062
0 0.668388 0.859375 0.017562 0.015046
0 0.715586 0.774402 0.022340 0.019097
0 0.744706 0.821373 0.021953 0.023919
0 0.779055 0.817130 0.016270 0.015432
0 0.781767 0.853395 0.018595 0.020062
0 0.844202 0.848091 0.016916 0.023727
0 0.852919 0.817033 0.014205 0.031443
0 0.858535 0.775270 0.014333 0.021220
0 0.870351 0.759741 0.010331 0.015239
0 0.867058 0.729070 0.012784 0.015625
0 0.843556 0.718365 0.014333 0.013117
0 0.858213 0.709394 0.011880 0.036844
0 0.867962 0.679591 0.014592 0.012732
0 0.863701 0.669753 0.014850 0.018518
0 0.831611 0.685474 0.010847 0.024498
0 0.770854 0.684800 0.017691 0.016203
0 0.836131 0.666281 0.021953 0.016204
0 0.870480 0.650174 0.010589 0.017168
0 0.854726 0.645255 0.014205 0.020447
0 0.868931 0.561632 0.012138 0.030672
0 0.854726 0.554977 0.011622 0.026620
0 0.817859 0.648341 0.016658 0.011188
0 0.432723 0.535494 0.016787 0.033950
0 0.608794 0.564236 0.013301 0.030478
0 0.537319 0.508681 0.011622 0.027392
0 0.585550 0.499035 0.021049 0.008102
0 0.708613 0.459876 0.016141 0.015432
0 0.552686 0.330633 0.018078 0.015432
0 0.633007 0.341821 0.016529 0.013888
0 0.700995 0.355999 0.009685 0.014468
0 0.664837 0.306713 0.003228 0.024692
0 0.680269 0.300636 0.011363 0.027971
0 0.686079 0.217592 0.014204 0.022376
0 0.740767 0.310378 0.014850 0.015818
0 0.765819 0.364872 0.008393 0.015239
0 0.818182 0.328704 0.016529 0.012346
0 0.833484 0.301891 0.011493 0.025077
0 0.774600 0.221836 0.018466 0.015432
0 0.816955 0.226466 0.020016 0.018518
0 0.801653 0.180749 0.015496 0.009645
0 0.810304 0.192130 0.020403 0.015432
0 0.827608 0.181713 0.010073 0.028550
0 0.773502 0.145833 0.013946 0.019291
0 0.786609 0.119888 0.016142 0.012152
0 0.841684 0.150849 0.012913 0.023148
0 0.768854 0.394483 0.009297 0.021220
0 0.866219 0.462963 0.010330 0.025462
0 0.854338 0.456983 0.018595 0.018904
0 0.858665 0.432967 0.015625 0.014854
0 0.857825 0.416281 0.019370 0.012346
0 0.853048 0.399691 0.023760 0.019290
0 0.858988 0.304012 0.014979 0.015432
0 0.850465 0.257716 0.013946 0.011574
0 0.858019 0.257716 0.022081 0.011574
0 0.855501 0.233604 0.014204 0.021219
0 0.855307 0.216821 0.017175 0.010802
0 0.858859 0.200617 0.010073 0.023148
0 0.849691 0.190200 0.016529 0.016975
0 0.862475 0.216050 0.010589 0.025463
0 0.858600 0.141397 0.011622 0.011960
0 0.781379 0.084876 0.017820 0.015432
0 0.407994 0.863715 0.015625 0.016397
0 0.385460 0.863811 0.014205 0.010803
0 0.364411 0.848283 0.009814 0.031829
0 0.344912 0.838059 0.017304 0.019869
0 0.334388 0.855999 0.017691 0.026428
0 0.309982 0.864197 0.020015 0.015433
0 0.215263 0.791956 0.018853 0.017940
0 0.249161 0.818287 0.027505 0.016976
0 0.264204 0.854360 0.011364 0.023534
0 0.238571 0.832369 0.019757 0.013503
0 0.230566 0.855035 0.012268 0.014468
0 0.220170 0.852237 0.016787 0.012345
0 0.206870 0.839796 0.009814 0.027971
0 0.195894 0.808353 0.015755 0.016011
0 0.210228 0.858699 0.020661 0.015625
0 0.178009 0.799479 0.013300 0.026042
0 0.159543 0.801987 0.021048 0.018325
0 0.133910 0.788002 0.012655 0.017361
0 0.158897 0.828029 0.017174 0.021798
0 0.140302 0.853009 0.014850 0.020833
0 0.135072 0.811535 0.017562 0.013503
0 0.127841 0.819155 0.018079 0.021798
0 0.105243 0.829765 0.011622 0.022956
0 0.088520 0.833044 0.014850 0.016397
0 0.089359 0.820409 0.018595 0.012732
0 0.140690 0.768519 0.017691 0.016975
0 0.116607 0.776909 0.015238 0.022569
0 0.104985 0.766397 0.015755 0.025849
0 0.102531 0.794560 0.011880 0.031250
0 0.147985 0.600116 0.013429 0.011960
0 0.096332 0.624517 0.008781 0.022569
0 0.095428 0.654321 0.010589 0.033179
0 0.083742 0.678241 0.013042 0.013117
0 0.086002 0.634742 0.009814 0.023341
0 0.102273 0.586420 0.012397 0.027006
0 0.133265 0.658854 0.012397 0.028357
0 0.132748 0.636188 0.019112 0.031636
0 0.189566 0.243441 0.012913 0.011574
0 0.436080 0.558835 0.010072 0.012732
0 0.783510 0.049576 0.014592 0.031250
0 0.802879 0.066744 0.016141 0.015432
0 0.816632 0.057967 0.018078 0.015625
0 0.794293 0.044753 0.011105 0.021605
0 0.803719 0.042728 0.007748 0.022955
0 0.816890 0.040606 0.010847 0.027199
0 0.828641 0.041860 0.011105 0.025077
0 0.861376 0.111497 0.008652 0.013118
0 0.860796 0.126254 0.008781 0.012153
0 0.868027 0.115740 0.009814 0.017747
0 0.852402 0.084876 0.020402 0.015433
0 0.831095 0.071470 0.005682 0.019483
0 0.837552 0.069251 0.008265 0.021991
0 0.845881 0.062982 0.003487 0.015625
0 0.842072 0.046007 0.012655 0.016397
0 0.843233 0.040027 0.016529 0.016011
0 0.859633 0.063658 0.012138 0.016975
0 0.852337 0.043981 0.017433 0.016203
