0 0.688533 0.270930 0.018078 0.017940
0 0.637914 0.205826 0.016529 0.015818
0 0.558497 0.166281 0.020402 0.014660
0 0.478951 0.198302 0.018853 0.013889
0 0.482568 0.170911 0.018337 0.014661
0 0.783962 0.347029 0.009040 0.030479
0 0.776085 0.227237 0.008781 0.025463
0 0.707903 0.181134 0.009814 0.025848
0 0.673424 0.160108 0.022985 0.019290
0 0.696798 0.165895 0.017562 0.018518
0 0.713197 0.143518 0.016270 0.018519
0 0.711260 0.119598 0.019628 0.016975
0 0.669809 0.139853 0.013688 0.024306
0 0.807593 0.143518 0.011880 0.029321
0 0.820248 0.114197 0.011364 0.030865
0 0.840780 0.122299 0.017304 0.019290
0 0.834065 0.273919 0.011105 0.026235
0 0.866478 0.277199 0.012913 0.031250
0 0.855372 0.230903 0.011364 0.032022
0 0.845945 0.202354 0.011622 0.028164
0 0.855114 0.165895 0.009814 0.027778
0 0.490573 0.070987 0.014721 0.010802
0 0.498967 0.043209 0.019628 0.013889
0 0.469396 0.040316 0.008522 0.017361
0 0.474044 0.040895 0.016787 0.015432
0 0.535770 0.067902 0.021436 0.016975
0 0.573605 0.114198 0.024277 0.016975
0 0.577350 0.090664 0.018853 0.016203
0 0.605114 0.101659 0.018078 0.018133
0 0.634427 0.096836 0.018854 0.014661
0 0.625517 0.054784 0.012397 0.026235
0 0.614928 0.060764 0.009814 0.024305
0 0.603822 0.053434 0.011364 0.031250
0 0.643853 0.047647 0.016012 0.021219
0 0.580837 0.057098 0.016012 0.013889
0 0.572443 0.044367 0.023502 0.016204
0 0.585357 0.041667 0.016271 0.016975
0 0.725206 0.075810 0.008265 0.026620
0 0.693441 0.052083 0.010847 0.025463
0 0.706354 0.052276 0.014979 0.025848
0 0.713843 0.045139 0.016528 0.013118
0 0.766012 0.072530 0.016529 0.013889
0 0.743027 0.074267 0.012913 0.028163
0 0.735279 0.050925 0.018078 0.021605
0 0.756328 0.048611 0.018853 0.018519
0 0.770662 0.046682 0.018595 0.017747
0 0.799071 0.046875 0.018595 0.018133
0 0.831740 0.057870 0.016787 0.015432
0 0.881457 0.049961 0.019111 0.018133
0 0.867768 0.054977 0.020661 0.020447
0 0.896565 0.094136 0.015754 0.015432
0 0.894628 0.135031 0.010330 0.024691
0 0.930010 0.074460 0.011880 0.027006
0 0.935950 0.102431 0.013429 0.024306
0 0.935047 0.127508 0.014205 0.018904
0 0.940470 0.133102 0.013688 0.022376
0 0.933884 0.171875 0.017562 0.022762
0 0.938791 0.189043 0.013946 0.027778
0 0.912061 0.205632 0.013688 0.017747
0 0.883523 0.220100 0.007748 0.015046
0 0.900697 0.215664 0.016787 0.019290
0 0.888559 0.241512 0.018337 0.020062
0 0.928461 0.233797 0.021178 0.016975
0 0.941503 0.251350 0.011622 0.018132
0 0.916839 0.267747 0.011364 0.015432
0 0.784995 0.455246 0.003358 0.029321
0 0.871772 0.377314 0.005940 0.029321
0 0.880682 0.426697 0.023760 0.018519
0 0.937500 0.446373 0.022728 0.020833
0 0.934788 0.433642 0.020919 0.018518
0 0.947185 0.410494 0.007490 0.010802
0 0.935950 0.408564 0.017562 0.017747
0 0.940341 0.369213 0.012914 0.019290
0 0.931560 0.316358 0.023244 0.012346
0 0.944215 0.313079 0.011364 0.033565
0 0.933368 0.292824 0.020661 0.016204
0 0.925620 0.281250 0.022727 0.019290
0 0.938017 0.492670 0.019628 0.019290
0 0.938791 0.502314 0.021177 0.013889
0 0.936984 0.518133 0.023760 0.019290
0 0.942278 0.539351 0.021436 0.013889
0 0.936209 0.547454 0.020145 0.019290
0 0.941632 0.556134 0.017562 0.027392
0 0.943569 0.569252 0.017820 0.017361
0 0.893983 0.561728 0.014721 0.030864
0 0.855501 0.609568 0.014204 0.032407
0 0.817149 0.667631 0.014463 0.030478
0 0.760589 0.724151 0.011880 0.027006
0 0.852531 0.641976 0.020145 0.018519
0 0.827996 0.728781 0.018595 0.005401
0 0.784866 0.798611 0.021177 0.016976
0 0.882232 0.713734 0.021694 0.016975
0 0.894628 0.666088 0.011364 0.028164
0 0.939695 0.640625 0.019370 0.021990
0 0.945764 0.653164 0.014463 0.028549
0 0.944214 0.672454 0.018595 0.017747
0 0.937888 0.735340 0.019887 0.016975
0 0.822314 0.837577 0.014462 0.031636
0 0.889850 0.788580 0.017820 0.024692
0 0.905992 0.874807 0.011364 0.031250
0 0.910512 0.826582 0.019887 0.018904
0 0.927040 0.844715 0.016787 0.029707
0 0.928719 0.861690 0.010330 0.021991
0 0.946152 0.847030 0.012655 0.021219
0 0.918389 0.867091 0.012397 0.032794
0 0.948218 0.803434 0.011622 0.021991
0 0.946798 0.804976 0.017562 0.028935
0 0.844267 0.874807 0.010847 0.031250
0 0.849303 0.893133 0.012139 0.016204
0 0.831611 0.875386 0.013429 0.025463
0 0.821797 0.887346 0.018595 0.016975
0 0.791451 0.881366 0.019369 0.025848
0 0.755811 0.881945 0.017304 0.030864
0 0.687500 0.871528 0.012396 0.033179
0 0.652763 0.883873 0.023502 0.019291
0 0.351627 0.113908 0.020920 0.016396
0 0.428461 0.049768 0.014462 0.019290
0 0.351110 0.056423 0.011622 0.028742
0 0.318246 0.080633 0.015883 0.015432
0 0.333161 0.051022 0.010331 0.020255
0 0.343233 0.047068 0.009814 0.026235
0 0.312370 0.058063 0.016787 0.015046
0 0.318570 0.049383 0.011105 0.024691
0 0.306689 0.044656 0.010072 0.020640
0 0.304235 0.045621 0.011363 0.023341
0 0.291968 0.047647 0.019370 0.011960
0 0.287707 0.063272 0.017562 0.011574
0 0.273244 0.083334 0.018078 0.013889
0 0.278022 0.119791 0.025568 0.020447
0 0.292162 0.146219 0.016142 0.019290
0 0.289837 0.226081 0.022857 0.020833
0 0.265948 0.213927 0.016658 0.016589
0 0.237862 0.146412 0.019628 0.027392
0 0.208871 0.151621 0.022598 0.016203
0 0.233923 0.061246 0.014850 0.012153
0 0.254132 0.040992 0.020145 0.017940
0 0.321797 0.281347 0.009815 0.020641
0 0.225529 0.058642 0.012267 0.021605
0 0.222882 0.042727 0.018078 0.020640
0 0.213520 0.041473 0.017174 0.018133
0 0.203319 0.046489 0.012784 0.026620
0 0.170713 0.063272 0.009814 0.027006
0 0.170649 0.082562 0.009685 0.021605
0 0.174200 0.074363 0.015237 0.025655
0 0.195054 0.126350 0.019241 0.001157
0 0.197508 0.117091 0.022082 0.015818
0 0.176459 0.115741 0.010977 0.020834
0 0.164644 0.129533 0.011622 0.024884
0 0.174328 0.147183 0.012913 0.017361
0 0.173231 0.153935 0.018466 0.011574
0 0.167743 0.168210 0.015238 0.011574
0 0.177492 0.171007 0.017691 0.014853
0 0.175878 0.188561 0.020145 0.011382
0 0.163287 0.188368 0.015108 0.019097
0 0.169293 0.198592 0.016787 0.018326
0 0.196927 0.222608 0.013171 0.033179
0 0.196668 0.261381 0.009556 0.025848
0 0.165806 0.280093 0.018078 0.003858
0 0.167291 0.246914 0.015367 0.014661
0 0.159479 0.220004 0.009039 0.014468
0 0.168582 0.229552 0.015367 0.016203
0 0.274406 0.341628 0.009040 0.023534
0 0.249032 0.311439 0.008135 0.022184
0 0.208871 0.331307 0.014851 0.027199
0 0.223205 0.350695 0.007360 0.023149
0 0.245932 0.356675 0.017691 0.021991
0 0.245287 0.395255 0.003744 0.015047
0 0.229210 0.405189 0.012655 0.034143
0 0.201188 0.391397 0.021694 0.012731
0 0.193698 0.363040 0.020661 0.019290
0 0.189178 0.439622 0.014205 0.026620
0 0.186208 0.473283 0.012397 0.022570
0 0.156444 0.475309 0.013301 0.030093
0 0.172198 0.335648 0.017433 0.014660
0 0.168969 0.353395 0.017691 0.011574
0 0.166839 0.370178 0.014463 0.020448
0 0.156057 0.351177 0.008393 0.027971
0 0.158316 0.329379 0.011880 0.023727
0 0.161673 0.314622 0.011880 0.022762
0 0.173812 0.421586 0.024793 0.021798
0 0.169809 0.432388 0.010072 0.020641
0 0.160318 0.445409 0.010718 0.032021
0 0.152699 0.438754 0.008393 0.027971
0 0.154572 0.412326 0.013172 0.030671
0 0.152634 0.383102 0.009814 0.023148
0 0.304881 0.562886 0.014205 0.019290
0 0.316503 0.665992 0.011622 0.032215
0 0.346655 0.598958 0.013043 0.025849
0 0.244189 0.641493 0.019370 0.016782
0 0.377970 0.747781 0.011106 0.027199
0 0.392627 0.704090 0.022340 0.018519
0 0.493673 0.672068 0.016271 0.014660
0 0.220106 0.770062 0.020274 0.011574
0 0.206225 0.752122 0.014721 0.033564
0 0.169228 0.742091 0.019241 0.015046
0 0.153990 0.732350 0.018724 0.026428
0 0.187500 0.649594 0.010848 0.027199
0 0.176718 0.664641 0.013559 0.029900
0 0.152054 0.684510 0.009685 0.024112
0 0.155733 0.672840 0.011880 0.017747
0 0.154120 0.635417 0.013817 0.005401
0 0.188404 0.601177 0.017820 0.019869
0 0.176201 0.626736 0.012526 0.018904
0 0.173489 0.570794 0.016400 0.014275
0 0.148115 0.566455 0.009556 0.026427
0 0.154119 0.558642 0.009685 0.030864
0 0.158187 0.534722 0.014204 0.013117
0 0.153668 0.532215 0.008781 0.023533
0 0.181237 0.544946 0.013817 0.018904
0 0.196151 0.549479 0.009039 0.028357
0 0.191761 0.531057 0.015754 0.030478
0 0.184917 0.543982 0.011363 0.013889
0 0.156057 0.510417 0.016142 0.015432
0 0.371901 0.809317 0.018078 0.020254
0 0.453706 0.814911 0.012267 0.029899
0 0.448993 0.871046 0.011105 0.027971
0 0.414191 0.882620 0.017433 0.017940
0 0.387526 0.874035 0.011622 0.025077
0 0.471978 0.876640 0.010589 0.029900
0 0.489282 0.846643 0.020919 0.016589
0 0.355372 0.842014 0.008265 0.027392
0 0.361441 0.867380 0.011622 0.034529
0 0.331482 0.882909 0.013688 0.021219
0 0.318182 0.880594 0.015496 0.023534
0 0.303396 0.874035 0.013817 0.019676
0 0.304107 0.872878 0.012655 0.028164
0 0.288417 0.792632 0.014592 0.018133
0 0.507619 0.886188 0.017821 0.016204
0 0.519563 0.873939 0.014850 0.029899
0 0.578964 0.888792 0.019757 0.018711
0 0.592523 0.886478 0.020016 0.014082
0 0.612539 0.886478 0.018982 0.017940
0 0.603693 0.869888 0.011622 0.027971
0 0.284608 0.836806 0.011363 0.026234
0 0.276730 0.834009 0.010073 0.019483
0 0.262203 0.861304 0.015367 0.011960
0 0.242704 0.838734 0.019499 0.016975
0 0.242381 0.875096 0.013688 0.018325
0 0.258458 0.877700 0.013042 0.020061
0 0.271823 0.872781 0.010589 0.026042
0 0.278280 0.861401 0.010588 0.027199
0 0.286027 0.879244 0.012655 0.018519
0 0.287513 0.871432 0.011493 0.019483
0 0.286222 0.873071 0.006844 0.037037
0 0.244899 0.822628 0.016658 0.012925
0 0.236054 0.807099 0.013947 0.020062
0 0.231857 0.858410 0.013818 0.047839
0 0.159156 0.781829 0.017691 0.013503
0 0.158639 0.804495 0.016658 0.012925
0 0.153668 0.816262 0.010847 0.031829
0 0.216878 0.824653 0.019499 0.013503
0 0.216943 0.826968 0.010847 0.021219
0 0.220300 0.859664 0.012913 0.032986
0 0.199703 0.873456 0.015108 0.013117
0 0.200025 0.866705 0.016271 0.011960
0 0.198412 0.858604 0.018724 0.015046
0 0.188663 0.846643 0.012655 0.011959
0 0.200155 0.830054 0.016529 0.015818
0 0.172133 0.832369 0.016787 0.018133
0 0.180527 0.867380 0.005682 0.017554
0 0.188663 0.869984 0.009039 0.025463
0 0.168841 0.867188 0.009943 0.015625
0 0.174522 0.865644 0.011751 0.029514
0 0.155281 0.855710 0.015625 0.017747
0 0.153732 0.834780 0.013559 0.016010
