0 0.180140 0.062982 0.010073 0.028742
0 0.206999 0.057388 0.013688 0.026042
0 0.159608 0.061825 0.013429 0.026428
0 0.146566 0.057967 0.012655 0.018712
0 0.141206 0.065876 0.014850 0.016011
0 0.134427 0.074556 0.016787 0.014082
0 0.131586 0.096065 0.009039 0.023919
0 0.149599 0.101948 0.019241 0.024885
0 0.145145 0.107639 0.019628 0.010802
0 0.169551 0.103299 0.013172 0.019869
0 0.138300 0.130112 0.014721 0.024113
0 0.133652 0.146605 0.025568 0.019290
0 0.126097 0.173225 0.013042 0.023920
0 0.123838 0.186150 0.013688 0.022762
0 0.225659 0.061343 0.019240 0.025463
0 0.243027 0.069830 0.016012 0.011574
0 0.265818 0.061150 0.017433 0.023534
0 0.328900 0.046972 0.019370 0.014468
0 0.212939 0.113040 0.011106 0.027778
0 0.195506 0.150560 0.009814 0.026813
0 0.211131 0.177084 0.010072 0.028549
0 0.334710 0.126639 0.018595 0.014467
0 0.311919 0.199942 0.010460 0.032601
0 0.152182 0.194155 0.002970 0.004050
0 0.379068 0.050251 0.017175 0.014853
0 0.388623 0.068480 0.016142 0.017361
0 0.419551 0.101273 0.018337 0.018905
0 0.389657 0.196373 0.027763 0.022377
0 0.503938 0.121335 0.021565 0.018132
0 0.448089 0.050733 0.016529 0.012732
0 0.514140 0.052565 0.013043 0.012539
0 0.485731 0.072338 0.017691 0.013504
0 0.539191 0.051505 0.018983 0.015818
0 0.533897 0.141975 0.016142 0.023148
0 0.627324 0.176697 0.012397 0.034723
0 0.609956 0.088349 0.018724 0.014660
0 0.602918 0.069251 0.020919 0.016589
0 0.635201 0.086420 0.016271 0.017747
0 0.617317 0.054399 0.019241 0.017747
0 0.684207 0.059414 0.020015 0.024692
0 0.720945 0.065876 0.014204 0.023727
0 0.738249 0.063658 0.013688 0.027778
0 0.775826 0.067612 0.010331 0.028742
0 0.799974 0.061632 0.021952 0.026813
0 0.713262 0.145833 0.019240 0.020062
0 0.765690 0.119599 0.024922 0.019290
0 0.803913 0.106482 0.017691 0.016203
0 0.820442 0.065104 0.014333 0.026813
0 0.828577 0.060186 0.018724 0.021605
0 0.860989 0.066454 0.014850 0.027199
0 0.785770 0.154128 0.024535 0.019676
0 0.818182 0.119213 0.018078 0.015432
0 0.849496 0.139564 0.017950 0.016397
0 0.820377 0.155478 0.018336 0.015432
0 0.802041 0.214506 0.021952 0.018518
0 0.889592 0.079957 0.012655 0.031057
0 0.908962 0.074267 0.007490 0.018133
0 0.914514 0.078897 0.009814 0.028935
0 0.912448 0.112172 0.009814 0.025270
0 0.929042 0.135416 0.018466 0.021605
0 0.929688 0.151910 0.022856 0.026813
0 0.936467 0.195891 0.013946 0.019097
0 0.926395 0.186921 0.016012 0.008102
0 0.938533 0.165123 0.012396 0.022377
0 0.887396 0.225888 0.014463 0.035879
0 0.877711 0.199460 0.018853 0.017747
0 0.868349 0.278453 0.017949 0.017168
0 0.919744 0.292245 0.021049 0.014275
0 0.772598 0.276813 0.015238 0.035880
0 0.694990 0.282215 0.030992 0.023533
0 0.873450 0.316069 0.028925 0.021412
0 0.931882 0.304013 0.021565 0.018519
0 0.789902 0.430169 0.021436 0.018519
0 0.780798 0.459105 0.021823 0.020062
0 0.653022 0.354938 0.018853 0.015432
0 0.812630 0.361497 0.009039 0.018518
0 0.830450 0.359568 0.012139 0.027006
0 0.869190 0.414063 0.012655 0.030286
0 0.865831 0.521123 0.015237 0.029899
0 0.938985 0.359471 0.017691 0.031443
0 0.936402 0.547261 0.018724 0.018904
0 0.911932 0.447338 0.010847 0.022762
0 0.946669 0.415123 0.009039 0.023919
0 0.938468 0.428048 0.017691 0.010416
0 0.937435 0.434221 0.012009 0.011188
0 0.932206 0.447627 0.009039 0.021798
0 0.941052 0.463253 0.015625 0.011381
0 0.941955 0.457176 0.012267 0.030864
0 0.940922 0.440779 0.007618 0.021219
0 0.943440 0.478780 0.009814 0.021605
0 0.932722 0.573303 0.012138 0.017747
0 0.945700 0.577160 0.017174 0.022376
0 0.938598 0.627508 0.018982 0.016590
0 0.946668 0.804784 0.011105 0.028550
0 0.950155 0.769097 0.010331 0.028936
0 0.888817 0.797357 0.012138 0.030285
0 0.858536 0.765046 0.016917 0.023148
0 0.853048 0.729745 0.017046 0.016589
0 0.940857 0.906250 0.009297 0.028550
0 0.923554 0.916088 0.010847 0.033564
0 0.902893 0.908179 0.009814 0.033950
0 0.865186 0.881173 0.016529 0.020834
0 0.869705 0.850984 0.015238 0.027971
0 0.867252 0.929398 0.006198 0.025463
0 0.833549 0.938947 0.017304 0.014082
0 0.806495 0.942709 0.020790 0.022763
0 0.815664 0.934028 0.014592 0.023920
0 0.825672 0.883680 0.016529 0.011959
0 0.784156 0.905286 0.019757 0.015046
0 0.771501 0.872202 0.021307 0.019483
0 0.746320 0.855324 0.021823 0.016976
0 0.758264 0.835263 0.020145 0.016975
0 0.813597 0.806327 0.005295 0.026234
0 0.741865 0.816744 0.015754 0.018519
0 0.773631 0.771412 0.016787 0.012732
0 0.806948 0.749807 0.022985 0.018132
0 0.817601 0.667245 0.015884 0.012731
0 0.682658 0.810667 0.019757 0.017169
0 0.710421 0.807774 0.016658 0.024884
0 0.747353 0.913870 0.013559 0.019483
0 0.732309 0.944541 0.012655 0.017554
0 0.724755 0.918789 0.016142 0.021219
0 0.704739 0.942516 0.017949 0.010803
0 0.712293 0.910301 0.011880 0.031250
0 0.701898 0.904899 0.021048 0.018133
0 0.678977 0.937982 0.015496 0.020640
0 0.661480 0.933739 0.009168 0.023727
0 0.661803 0.947145 0.015754 0.016976
0 0.603887 0.948399 0.013042 0.018326
0 0.645015 0.937693 0.019887 0.014274
0 0.642562 0.942708 0.014462 0.021991
0 0.653861 0.945891 0.007619 0.016397
0 0.552492 0.925925 0.022340 0.017747
0 0.586067 0.937210 0.015883 0.026042
0 0.595364 0.932678 0.013043 0.029707
0 0.598915 0.934220 0.018595 0.024305
0 0.573735 0.787712 0.013171 0.032986
0 0.594267 0.775945 0.009814 0.028743
0 0.562435 0.808449 0.019757 0.015818
0 0.575736 0.729166 0.020015 0.024691
0 0.525439 0.935089 0.011106 0.029514
0 0.484762 0.934124 0.009297 0.025270
0 0.476692 0.898245 0.014850 0.029513
0 0.461518 0.932292 0.006198 0.028163
0 0.458290 0.936342 0.011622 0.031636
0 0.446152 0.930363 0.008006 0.015046
0 0.436144 0.935957 0.012784 0.021605
0 0.431624 0.937403 0.017174 0.034143
0 0.417226 0.936921 0.015754 0.024305
0 0.395726 0.867476 0.020532 0.013503
0 0.406895 0.851755 0.020403 0.019483
0 0.380424 0.895737 0.012397 0.020640
0 0.349303 0.842399 0.016787 0.017361
0 0.330966 0.828318 0.018337 0.013118
0 0.339359 0.875771 0.020145 0.013117
0 0.391529 0.937307 0.018595 0.021991
0 0.365251 0.938947 0.017691 0.017940
0 0.343556 0.942419 0.014592 0.020254
0 0.329933 0.931616 0.011622 0.027199
0 0.307787 0.930266 0.018466 0.025270
0 0.307399 0.946856 0.022857 0.016010
0 0.269563 0.866320 0.021049 0.015047
0 0.286286 0.895833 0.009556 0.029321
0 0.284156 0.929976 0.013559 0.032793
0 0.268724 0.928048 0.010072 0.022762
0 0.260589 0.946470 0.019112 0.016782
0 0.221849 0.928627 0.010330 0.030092
0 0.232761 0.943673 0.019499 0.011574
0 0.241994 0.929977 0.013947 0.025848
0 0.248902 0.924383 0.013817 0.018518
0 0.246836 0.940972 0.016916 0.025463
0 0.231276 0.913002 0.017820 0.021219
0 0.248708 0.915702 0.014463 0.011960
0 0.177945 0.899498 0.010847 0.028163
0 0.199767 0.875579 0.026601 0.019676
0 0.184788 0.900848 0.010589 0.029321
0 0.181237 0.942226 0.018983 0.015239
0 0.195829 0.922261 0.017175 0.012732
0 0.162577 0.941937 0.023503 0.014274
0 0.146436 0.930362 0.026859 0.002700
0 0.135718 0.929205 0.024535 0.006560
0 0.124031 0.922260 0.010977 0.014275
0 0.131263 0.918210 0.014592 0.013889
0 0.136815 0.909336 0.015883 0.015432
0 0.108407 0.895833 0.014333 0.018518
0 0.109375 0.879340 0.017820 0.018711
0 0.220235 0.798804 0.021565 0.028164
0 0.201833 0.826775 0.011105 0.026235
0 0.165096 0.818673 0.020273 0.013117
0 0.157800 0.846355 0.012913 0.039159
0 0.144370 0.829090 0.020661 0.019290
0 0.106857 0.868345 0.011235 0.024498
0 0.134943 0.893133 0.013688 0.030092
0 0.116865 0.863040 0.010589 0.023920
0 0.117187 0.853878 0.012785 0.027199
0 0.104985 0.841435 0.010589 0.027778
0 0.193505 0.783371 0.023890 0.017361
0 0.114152 0.832562 0.016529 0.015432
0 0.109891 0.814429 0.017821 0.019290
0 0.110472 0.806134 0.018982 0.024306
0 0.111893 0.798226 0.014592 0.021605
0 0.109698 0.776524 0.021565 0.034529
0 0.170971 0.718654 0.022728 0.017554
0 0.109569 0.754148 0.016658 0.026041
0 0.110925 0.750965 0.015238 0.020448
0 0.265754 0.765432 0.025310 0.016204
0 0.243091 0.751929 0.021823 0.015432
0 0.331353 0.741320 0.020661 0.018133
0 0.291710 0.721933 0.014205 0.026813
0 0.374677 0.717399 0.018724 0.017361
0 0.456289 0.727142 0.005036 0.031057
0 0.338714 0.561922 0.013172 0.034336
0 0.293776 0.471064 0.014204 0.024691
0 0.305398 0.388310 0.015238 0.028164
0 0.217394 0.398148 0.010201 0.023920
0 0.221720 0.350212 0.016788 0.028357
0 0.250194 0.247396 0.013559 0.030286
0 0.169615 0.180170 0.021048 0.014660
0 0.158703 0.197531 0.010073 0.027006
0 0.136364 0.228492 0.011363 0.022569
0 0.169034 0.277295 0.012655 0.032987
0 0.146694 0.277199 0.011880 0.025077
0 0.116865 0.332948 0.010589 0.021605
0 0.124290 0.321566 0.020273 0.016589
0 0.130424 0.304399 0.009297 0.025463
0 0.118737 0.286844 0.010201 0.030479
0 0.125581 0.262057 0.018724 0.023341
0 0.122805 0.232735 0.007489 0.016011
0 0.122030 0.240837 0.014721 0.019483
0 0.121836 0.375772 0.008135 0.027006
0 0.131005 0.372685 0.013559 0.031636
0 0.122482 0.419175 0.015108 0.020448
0 0.115250 0.416667 0.013042 0.027777
0 0.113314 0.433932 0.009685 0.027585
0 0.173295 0.509259 0.009814 0.025463
0 0.225465 0.560088 0.011880 0.031443
0 0.164256 0.527392 0.026343 0.016204
0 0.131715 0.501158 0.025310 0.016203
0 0.145726 0.555459 0.007877 0.021412
0 0.135202 0.549190 0.014721 0.021991
0 0.118996 0.548612 0.022082 0.025463
0 0.118221 0.528260 0.014334 0.024112
0 0.111376 0.537230 0.013042 0.031250
0 0.114605 0.506269 0.016400 0.029514
0 0.153409 0.610147 0.010330 0.030479
0 0.110667 0.602045 0.013172 0.026620
0 0.129326 0.630208 0.014850 0.037423
0 0.148050 0.650945 0.011492 0.022956
0 0.179752 0.624807 0.014980 0.027392
0 0.230888 0.612944 0.013429 0.032986
0 0.108988 0.646412 0.010847 0.025848
0 0.125839 0.695602 0.022340 0.016204
0 0.109891 0.690298 0.015755 0.027199
0 0.112087 0.701678 0.014980 0.026042
0 0.110279 0.707465 0.016012 0.025270
0 0.438017 0.421104 0.013429 0.010417
0 0.429946 0.441358 0.024664 0.016976
0 0.498903 0.462867 0.015109 0.018325
