0 0.520726 0.579475 0.013042 0.020062
0 0.567795 0.489486 0.015238 0.012153
0 0.666904 0.446277 0.018983 0.020255
0 0.436144 0.450811 0.021823 0.013503
0 0.397340 0.503955 0.010589 0.025655
0 0.362087 0.504919 0.015496 0.014468
0 0.351433 0.566744 0.017175 0.016204
0 0.337746 0.602913 0.020016 0.017168
0 0.421552 0.641976 0.018982 0.014661
0 0.345299 0.399402 0.016529 0.007138
0 0.687758 0.189719 0.009814 0.026042
0 0.658187 0.131462 0.009040 0.022570
0 0.692084 0.080922 0.017432 0.018326
0 0.714230 0.082948 0.011105 0.025463
0 0.696927 0.128279 0.009039 0.017361
0 0.690793 0.124422 0.018466 0.013503
0 0.773244 0.147377 0.007748 0.020061
0 0.736054 0.132427 0.010847 0.020641
0 0.741154 0.164545 0.013300 0.020447
0 0.710679 0.152874 0.013300 0.022183
0 0.698799 0.165413 0.013817 0.024112
0 0.690728 0.161266 0.014205 0.023149
0 0.740831 0.150270 0.024535 0.018132
0 0.726821 0.094811 0.009169 0.023341
0 0.749870 0.081887 0.016787 0.020255
0 0.765367 0.080247 0.015754 0.019290
0 0.812048 0.130498 0.014592 0.021798
0 0.840780 0.183160 0.011106 0.021798
0 0.849174 0.143615 0.010847 0.024113
0 0.860925 0.190393 0.019370 0.017361
0 0.868996 0.202353 0.013559 0.019675
0 0.854855 0.220968 0.012397 0.025270
0 0.869319 0.223187 0.014463 0.015818
0 0.833290 0.220968 0.010589 0.032215
0 0.865122 0.260127 0.017691 0.012539
0 0.866219 0.133681 0.008781 0.024306
0 0.831999 0.140432 0.010588 0.023920
0 0.825478 0.094039 0.013042 0.009839
0 0.819732 0.067998 0.011363 0.031829
0 0.841684 0.083623 0.009298 0.024112
0 0.864089 0.090278 0.013559 0.016204
0 0.852790 0.073881 0.005165 0.027392
0 0.865832 0.070216 0.006973 0.014661
0 0.835744 0.027778 0.015496 0.013118
0 0.796811 0.026620 0.014850 0.010803
0 0.802234 0.026814 0.015367 0.012731
0 0.748193 0.023342 0.020661 0.013503
0 0.706677 0.015336 0.015625 0.022183
0 0.679106 0.021412 0.015238 0.025078
0 0.618156 0.059414 0.009040 0.025463
0 0.626743 0.025270 0.018208 0.015046
0 0.590263 0.041667 0.018853 0.017747
0 0.594977 0.065972 0.009426 0.019290
0 0.583225 0.078029 0.015883 0.023727
0 0.582064 0.121721 0.016658 0.013503
0 0.830062 0.018808 0.011880 0.033758
0 0.817020 0.005401 0.014204 0.010802
0 0.743544 0.013407 0.012913 0.026041
0 0.724754 0.011574 0.013042 0.015432
0 0.758652 0.004147 0.013688 0.007523
0 0.672133 0.004437 0.017820 0.008873
0 0.611829 0.011767 0.009297 0.017362
0 0.578190 0.009066 0.014333 0.015818
0 0.540031 0.058063 0.020661 0.019676
0 0.533510 0.007330 0.014592 0.014660
0 0.520080 0.211323 0.016400 0.021797
0 0.476627 0.285012 0.008522 0.020255
0 0.826704 0.325231 0.010331 0.027006
0 0.836260 0.558256 0.008265 0.020833
0 0.858536 0.400077 0.011751 0.028550
0 0.855372 0.361014 0.010330 0.030286
0 0.869189 0.380401 0.016271 0.015432
0 0.869964 0.296586 0.013172 0.022184
0 0.520209 0.811825 0.014592 0.022184
0 0.537319 0.643422 0.018853 0.013696
0 0.702608 0.755787 0.008523 0.017746
0 0.734762 0.762250 0.007231 0.015239
0 0.758006 0.803820 0.011363 0.028935
0 0.775891 0.826196 0.014592 0.020448
0 0.684852 0.862847 0.023373 0.012732
0 0.787513 0.689236 0.014334 0.019676
0 0.806108 0.719136 0.018466 0.014660
0 0.845881 0.698109 0.022598 0.016589
0 0.868156 0.713348 0.012654 0.028549
0 0.879196 0.659240 0.011751 0.026427
0 0.856922 0.630787 0.004649 0.023148
0 0.842588 0.635706 0.009556 0.025270
0 0.870093 0.769290 0.010330 0.027778
0 0.854533 0.777296 0.013817 0.027971
0 0.826446 0.801312 0.010847 0.028550
0 0.840586 0.779803 0.017433 0.017940
0 0.849174 0.823881 0.022211 0.015046
0 0.861247 0.827643 0.017691 0.023727
0 0.870222 0.821663 0.011622 0.025656
0 0.874613 0.829379 0.007489 0.027971
0 0.862087 0.840663 0.017562 0.023919
0 0.567601 0.848572 0.021307 0.012731
0 0.581289 0.858796 0.021307 0.015432
0 0.578512 0.875386 0.019111 0.012346
0 0.532477 0.868055 0.017691 0.017747
0 0.468427 0.866899 0.013817 0.025463
0 0.475658 0.816165 0.025439 0.018904
0 0.436983 0.847222 0.023244 0.023148
0 0.420778 0.733217 0.016917 0.013503
0 0.358988 0.728202 0.022211 0.017361
0 0.349044 0.695698 0.010589 0.029514
0 0.385201 0.692130 0.019369 0.014661
0 0.438275 0.684220 0.015496 0.009645
0 0.442536 0.660976 0.014204 0.032214
0 0.336712 0.651813 0.019241 0.014274
0 0.342653 0.641879 0.015109 0.026427
0 0.295325 0.718460 0.013172 0.018325
0 0.279572 0.740162 0.020919 0.017362
0 0.329739 0.756945 0.013042 0.020062
0 0.303848 0.786555 0.008006 0.016397
0 0.285447 0.800733 0.017433 0.015818
0 0.312370 0.797646 0.012655 0.021219
0 0.346203 0.761478 0.021435 0.019869
0 0.358084 0.781925 0.019370 0.014468
0 0.335744 0.833622 0.009814 0.027585
0 0.308885 0.823303 0.020661 0.016203
0 0.329222 0.877893 0.017691 0.021219
0 0.307916 0.869792 0.019757 0.014275
0 0.288869 0.857061 0.023502 0.018133
0 0.248515 0.878665 0.018983 0.015818
0 0.251808 0.825039 0.022211 0.017361
0 0.215780 0.837963 0.017304 0.014660
0 0.203383 0.854263 0.012138 0.033757
0 0.195183 0.876929 0.022599 0.017746
0 0.184723 0.877508 0.012267 0.015818
0 0.170583 0.864777 0.011105 0.029707
0 0.158833 0.864101 0.010847 0.024112
0 0.182722 0.829765 0.012138 0.027199
0 0.161157 0.820409 0.012913 0.018132
0 0.183691 0.785686 0.020532 0.016589
0 0.221010 0.804205 0.020015 0.016590
0 0.271888 0.767940 0.021307 0.015046
0 0.216232 0.775173 0.014850 0.012539
0 0.218233 0.760127 0.019111 0.014853
0 0.234181 0.755980 0.013042 0.014274
0 0.256650 0.740934 0.014075 0.015047
0 0.226821 0.720583 0.010718 0.013311
0 0.241413 0.723862 0.010977 0.010610
0 0.259039 0.725502 0.022728 0.015817
0 0.234892 0.739391 0.020403 0.010417
0 0.207516 0.751929 0.014204 0.017746
0 0.203383 0.745371 0.017820 0.020062
0 0.186789 0.735050 0.005811 0.026814
0 0.174716 0.685860 0.013172 0.032600
0 0.162384 0.704668 0.016400 0.027392
0 0.278538 0.662905 0.013172 0.021026
0 0.266981 0.648727 0.014592 0.018904
0 0.268854 0.639660 0.018078 0.015433
0 0.289902 0.631462 0.001808 0.029900
0 0.261945 0.621335 0.014334 0.011960
0 0.235667 0.625772 0.014721 0.014661
0 0.236764 0.670139 0.020274 0.016204
0 0.252195 0.666088 0.010072 0.023534
0 0.244964 0.654032 0.013172 0.026427
0 0.216748 0.649884 0.022082 0.016589
0 0.193505 0.652971 0.018983 0.013503
0 0.204545 0.607060 0.012913 0.019676
0 0.155992 0.633680 0.011364 0.028935
0 0.164386 0.608025 0.016787 0.015432
0 0.148244 0.686728 0.011364 0.030864
0 0.129778 0.613908 0.012138 0.029514
0 0.126292 0.685378 0.010331 0.022762
0 0.121062 0.715471 0.016399 0.016589
0 0.119576 0.733410 0.009814 0.024691
0 0.135008 0.747396 0.012267 0.023726
0 0.119577 0.769290 0.012397 0.028550
0 0.156831 0.774305 0.019758 0.016203
0 0.145467 0.760320 0.021307 0.015625
0 0.150761 0.783083 0.019499 0.027971
0 0.135072 0.801119 0.012397 0.029706
0 0.138365 0.860918 0.014850 0.026620
0 0.135718 0.872107 0.013688 0.025077
0 0.126033 0.835166 0.008264 0.021798
0 0.089101 0.645833 0.013430 0.030093
0 0.083161 0.665413 0.012913 0.014467
0 0.061596 0.671200 0.019370 0.020255
0 0.059853 0.611594 0.013301 0.019483
0 0.059724 0.600791 0.012526 0.022570
0 0.057270 0.677662 0.017950 0.014274
0 0.085227 0.744503 0.008265 0.027971
0 0.068569 0.742669 0.017304 0.017747
0 0.068634 0.714892 0.021565 0.015432
0 0.062952 0.701871 0.018982 0.027971
0 0.070054 0.770737 0.020790 0.017168
0 0.066180 0.794367 0.020790 0.028550
0 0.056495 0.758198 0.016400 0.022569
0 0.096527 0.818673 0.019499 0.016203
0 0.089230 0.804013 0.020403 0.018519
0 0.085615 0.812500 0.011622 0.028550
0 0.062823 0.812307 0.020273 0.013504
0 0.062887 0.839892 0.009039 0.029321
0 0.055463 0.823978 0.012268 0.022955
0 0.306689 0.584588 0.012138 0.027199
0 0.288740 0.585262 0.014979 0.020062
0 0.191697 0.578800 0.016141 0.018712
0 0.189114 0.566454 0.018724 0.017169
0 0.152828 0.580633 0.010460 0.016975
0 0.163482 0.568480 0.010847 0.021220
0 0.129133 0.584491 0.012397 0.023148
0 0.227272 0.545525 0.018595 0.016204
0 0.309594 0.548900 0.011493 0.014082
0 0.176072 0.531539 0.015109 0.017554
0 0.079416 0.573881 0.015754 0.011189
0 0.072121 0.568480 0.019757 0.013503
0 0.063210 0.589699 0.018466 0.013502
0 0.062694 0.558931 0.014850 0.014853
0 0.055075 0.563465 0.018724 0.025077
0 0.061467 0.516300 0.018595 0.021798
0 0.058109 0.528067 0.014463 0.026427
0 0.104985 0.530285 0.011621 0.029707
0 0.143336 0.543692 0.018595 0.022184
0 0.134685 0.513600 0.011622 0.024498
0 0.142885 0.477527 0.018466 0.016782
0 0.175749 0.510320 0.008522 0.014081
0 0.154313 0.492766 0.008522 0.022184
0 0.192795 0.497396 0.010073 0.018326
0 0.203383 0.498939 0.017303 0.017940
0 0.220880 0.522377 0.017433 0.014661
0 0.222301 0.494116 0.009427 0.023341
0 0.239734 0.525752 0.014850 0.017168
0 0.275632 0.500965 0.009685 0.022763
0 0.305333 0.477913 0.016400 0.014468
0 0.289773 0.440779 0.012914 0.022762
0 0.247288 0.402006 0.010072 0.023920
0 0.229145 0.417728 0.011235 0.013311
0 0.211261 0.384645 0.012397 0.025463
0 0.195571 0.389274 0.012268 0.025463
0 0.175232 0.438658 0.013172 0.012345
0 0.193440 0.425250 0.011364 0.024113
0 0.209001 0.441840 0.009168 0.026813
0 0.232050 0.452739 0.016787 0.013503
0 0.233988 0.469908 0.010331 0.013117
0 0.253745 0.472897 0.009556 0.022570
0 0.253422 0.488908 0.010202 0.023727
0 0.254132 0.494696 0.012914 0.019869
0 0.064372 0.453125 0.014592 0.016590
0 0.068440 0.394869 0.012396 0.025077
0 0.080514 0.352816 0.015883 0.018904
0 0.082967 0.332755 0.015625 0.015818
0 0.102790 0.345486 0.016529 0.015046
0 0.103306 0.356963 0.017045 0.019869
0 0.116994 0.407022 0.012397 0.027006
0 0.111119 0.457948 0.016142 0.014661
0 0.113572 0.461420 0.020016 0.015432
0 0.095687 0.473187 0.019886 0.002700
0 0.088004 0.478974 0.012268 0.025848
0 0.134168 0.425637 0.014205 0.016782
0 0.155604 0.395448 0.011105 0.028550
0 0.177040 0.400848 0.009556 0.022377
0 0.288352 0.385223 0.019370 0.017361
0 0.262461 0.378182 0.010718 0.019097
0 0.246319 0.346836 0.014075 0.016203
0 0.220622 0.327739 0.016399 0.016590
0 0.273115 0.355420 0.008523 0.020255
0 0.274664 0.338156 0.013172 0.014274
0 0.299264 0.346451 0.016658 0.015432
0 0.344008 0.344714 0.010331 0.021219
0 0.138559 0.366223 0.011622 0.022183
0 0.160512 0.339603 0.010073 0.022570
0 0.184143 0.365741 0.012397 0.019290
0 0.168517 0.365451 0.012139 0.029899
0 0.440470 0.309510 0.013172 0.020255
0 0.357438 0.309221 0.011364 0.022762
0 0.366993 0.251929 0.020661 0.017746
0 0.388753 0.219908 0.017433 0.016975
0 0.401084 0.204186 0.010847 0.027971
0 0.444860 0.208237 0.011105 0.024113
0 0.426976 0.163773 0.018466 0.014274
0 0.489669 0.117670 0.019628 0.015432
0 0.466943 0.075907 0.010847 0.026041
0 0.392691 0.109182 0.018337 0.016976
0 0.373967 0.144773 0.014462 0.027199
0 0.325091 0.118248 0.022082 0.016589
0 0.332709 0.165992 0.013301 0.016011
0 0.304688 0.166088 0.018466 0.015818
0 0.286932 0.185186 0.012913 0.025463
0 0.273631 0.205632 0.015754 0.013117
0 0.314114 0.237654 0.018724 0.007716
0 0.292485 0.243441 0.011105 0.023148
0 0.303461 0.266010 0.010847 0.021991
0 0.312435 0.292535 0.016141 0.014081
0 0.263559 0.318673 0.017304 0.027006
0 0.281379 0.269869 0.021952 0.016590
0 0.265044 0.245177 0.018207 0.015817
0 0.245997 0.230517 0.011106 0.023534
0 0.234957 0.260514 0.013559 0.019483
0 0.258458 0.157793 0.014592 0.018518
0 0.266916 0.151427 0.019369 0.017361
0 0.221849 0.142265 0.010330 0.029899
0 0.208871 0.144290 0.012010 0.012346
0 0.200736 0.155382 0.013818 0.028357
0 0.169615 0.206501 0.020532 0.019869
0 0.154184 0.167053 0.012913 0.030865
0 0.189372 0.120949 0.022857 0.007330
0 0.184207 0.090085 0.014850 0.015818
0 0.216877 0.079572 0.016142 0.016397
0 0.237603 0.088348 0.006198 0.033179
0 0.204481 0.207755 0.020532 0.013503
0 0.215263 0.214216 0.020920 0.019483
0 0.210292 0.230324 0.013817 0.016204
0 0.216297 0.258681 0.012138 0.021219
0 0.217846 0.238137 0.016788 0.018711
0 0.181431 0.258102 0.015238 0.028550
0 0.184013 0.222126 0.016270 0.015625
0 0.302299 0.081790 0.018337 0.016204
0 0.337681 0.075617 0.018337 0.027006
0 0.364992 0.095293 0.012526 0.014660
0 0.404119 0.082176 0.021307 0.016976
0 0.150180 0.316165 0.010589 0.024305
0 0.130810 0.303145 0.012655 0.023341
0 0.181366 0.283275 0.018982 0.026041
0 0.148890 0.239005 0.014204 0.019676
0 0.125839 0.236111 0.016399 0.014660
0 0.121901 0.259838 0.022211 0.017362
0 0.107244 0.250579 0.021307 0.018133
0 0.073735 0.276621 0.020403 0.012345
0 0.062113 0.270062 0.008523 0.027006
0 0.057787 0.302662 0.016400 0.024306
0 0.065987 0.245756 0.017303 0.010802
0 0.061919 0.216243 0.020016 0.025077
0 0.070377 0.201775 0.018336 0.023149
0 0.493995 0.061150 0.013559 0.021219
0 0.461260 0.052470 0.010331 0.021605
0 0.438145 0.082562 0.014205 0.020833
0 0.437887 0.044560 0.021436 0.015818
0 0.459194 0.026235 0.022211 0.017747
0 0.454997 0.005980 0.017691 0.009645
0 0.383458 0.024788 0.017691 0.012539
0 0.354403 0.071470 0.014592 0.012153
0 0.397275 0.060378 0.012526 0.018133
0 0.395726 0.064043 0.018724 0.003858
0 0.388171 0.054398 0.017045 0.015432
0 0.314437 0.069830 0.020402 0.019290
0 0.301847 0.020640 0.019499 0.028935
0 0.258652 0.033951 0.010589 0.027006
0 0.249225 0.039062 0.009814 0.020255
0 0.233858 0.057484 0.009555 0.028550
0 0.220170 0.067709 0.020403 0.017361
0 0.390689 0.007812 0.014851 0.015625
0 0.286932 0.006559 0.012913 0.013118
0 0.269370 0.006269 0.017562 0.012538
0 0.168131 0.040799 0.012913 0.030671
0 0.155346 0.057678 0.016788 0.016589
0 0.142368 0.104938 0.012526 0.022377
0 0.134555 0.129148 0.010331 0.029899
0 0.125258 0.133391 0.010847 0.019483
0 0.155411 0.027971 0.015108 0.017361
0 0.119060 0.058160 0.010331 0.027585
0 0.111312 0.070023 0.018078 0.016590
0 0.092459 0.079668 0.013946 0.023534
0 0.124160 0.041860 0.011234 0.027392
