0 0.530475 0.427276 0.011363 0.025848
0 0.535640 0.372299 0.011363 0.011574
0 0.589876 0.502412 0.011364 0.028357
0 0.686983 0.584202 0.017562 0.019869
0 0.411932 0.620370 0.010847 0.032407
0 0.317536 0.617477 0.018336 0.026620
0 0.315728 0.535590 0.023502 0.020255
0 0.293905 0.413387 0.011364 0.028164
0 0.477272 0.026427 0.020661 0.021219
0 0.539773 0.187886 0.021694 0.027006
0 0.572831 0.198688 0.022727 0.017747
0 0.601627 0.295331 0.016270 0.017361
0 0.593879 0.107350 0.019886 0.022570
0 0.625904 0.128665 0.019887 0.029707
0 0.651989 0.123071 0.014205 0.030093
0 0.651214 0.093943 0.020403 0.012732
0 0.618931 0.033758 0.019370 0.014275
0 0.631198 0.059799 0.010331 0.026234
0 0.692407 0.040123 0.007748 0.020833
0 0.725723 0.220679 0.020661 0.013888
0 0.723140 0.294946 0.019628 0.016590
0 0.749096 0.224152 0.019370 0.017747
0 0.786415 0.250000 0.020145 0.027778
0 0.782541 0.275848 0.015496 0.013117
0 0.763301 0.327064 0.013172 0.022570
0 0.788223 0.202161 0.014462 0.010802
0 0.791968 0.182870 0.021436 0.015432
0 0.845429 0.186921 0.020919 0.018133
0 0.837552 0.253665 0.011880 0.028935
0 0.812758 0.288581 0.013947 0.021605
0 0.781250 0.334684 0.011880 0.031250
0 0.806947 0.337191 0.020403 0.016975
0 0.878486 0.338348 0.012655 0.033179
0 0.916193 0.366320 0.015754 0.026621
0 0.884039 0.253376 0.013946 0.029514
0 0.867252 0.188850 0.010330 0.026620
0 0.874613 0.173804 0.010589 0.024306
0 0.876033 0.119599 0.020661 0.018518
0 0.854467 0.076774 0.022469 0.018519
0 0.894112 0.050155 0.023760 0.018519
0 0.848011 0.036265 0.015754 0.014661
0 0.817020 0.033951 0.016787 0.019290
0 0.790418 0.033565 0.013172 0.018519
0 0.793259 0.030093 0.017820 0.016203
0 0.780217 0.026620 0.014980 0.016975
0 0.637139 0.034530 0.010847 0.028164
0 0.649277 0.038387 0.007232 0.029707
0 0.654958 0.041474 0.010331 0.031250
0 0.663998 0.027392 0.022211 0.030864
0 0.911673 0.105999 0.011363 0.011767
0 0.912190 0.124518 0.012396 0.014853
0 0.914515 0.139564 0.013946 0.024884
0 0.916581 0.165895 0.013946 0.012346
0 0.914773 0.183256 0.017562 0.011574
0 0.911932 0.205440 0.020145 0.015047
0 0.912707 0.236690 0.018595 0.020447
0 0.901085 0.238233 0.013947 0.021990
0 0.902247 0.256366 0.011105 0.028935
0 0.911803 0.254437 0.017304 0.021990
0 0.918001 0.272763 0.017304 0.022377
0 0.912578 0.277392 0.015755 0.025462
0 0.921875 0.308256 0.016787 0.023920
0 0.917871 0.316551 0.018595 0.022763
0 0.914515 0.329089 0.018078 0.028550
0 0.858729 0.400945 0.010847 0.027585
0 0.881198 0.403743 0.020661 0.017361
0 0.915935 0.396219 0.022469 0.014660
0 0.916193 0.412809 0.017820 0.011574
0 0.868802 0.445987 0.009297 0.024691
0 0.925491 0.444155 0.011622 0.021412
0 0.884814 0.481482 0.008264 0.021605
0 0.865831 0.480517 0.018337 0.015818
0 0.860796 0.499228 0.020145 0.018518
0 0.854597 0.541474 0.025310 0.020448
0 0.923812 0.496528 0.010848 0.030092
0 0.922133 0.536748 0.017303 0.026042
0 0.930785 0.538388 0.012397 0.026621
0 0.912190 0.577257 0.011364 0.024498
0 0.834194 0.695409 0.019628 0.018904
0 0.701059 0.716050 0.021953 0.020833
0 0.812242 0.742670 0.021178 0.020062
0 0.838327 0.720101 0.015495 0.014275
0 0.861828 0.708912 0.013947 0.028936
0 0.875775 0.693287 0.010847 0.030864
0 0.889979 0.737172 0.013430 0.031057
0 0.919292 0.696181 0.022985 0.015818
0 0.925362 0.665123 0.011880 0.031635
0 0.928073 0.675444 0.017820 0.025656
0 0.600465 0.741705 0.018078 0.018132
0 0.691245 0.757716 0.013172 0.028550
0 0.665160 0.778550 0.020402 0.016203
0 0.643595 0.855903 0.011364 0.032793
0 0.582257 0.835069 0.019887 0.022763
0 0.674587 0.866512 0.011364 0.031636
0 0.732438 0.862654 0.015496 0.025463
0 0.752841 0.805941 0.022211 0.013889
0 0.858213 0.765046 0.019112 0.015432
0 0.924071 0.764274 0.020661 0.016975
0 0.936467 0.770641 0.012397 0.030478
0 0.898761 0.819830 0.018595 0.015432
0 0.934530 0.851273 0.013172 0.031250
0 0.811854 0.811342 0.023502 0.016975
0 0.834969 0.848958 0.013946 0.022763
0 0.805785 0.841628 0.023760 0.019676
0 0.802686 0.904128 0.011364 0.025848
0 0.783316 0.908951 0.019111 0.027007
0 0.754262 0.915509 0.022985 0.023148
0 0.695636 0.923225 0.015238 0.020062
0 0.678461 0.919174 0.018079 0.020447
0 0.635331 0.921875 0.017562 0.016590
0 0.620093 0.913387 0.018078 0.027392
0 0.626808 0.921104 0.025310 0.021219
0 0.561209 0.918210 0.009814 0.025463
0 0.557851 0.921682 0.018595 0.015432
0 0.542355 0.916088 0.014463 0.028164
0 0.526989 0.911844 0.016787 0.027392
0 0.862604 0.900463 0.014463 0.027006
0 0.857309 0.917824 0.022985 0.016976
0 0.842975 0.890046 0.017562 0.020062
0 0.882748 0.892940 0.008264 0.028164
0 0.875387 0.914352 0.022985 0.022377
0 0.898115 0.902971 0.013172 0.025077
0 0.890625 0.907021 0.013688 0.027778
0 0.925361 0.857254 0.012913 0.033179
0 0.924328 0.882330 0.009815 0.024692
0 0.912190 0.900656 0.012396 0.028164
0 0.358600 0.307098 0.016271 0.016975
0 0.186725 0.342786 0.014979 0.020447
0 0.168130 0.288002 0.020144 0.013503
0 0.127905 0.326968 0.016659 0.024306
0 0.102208 0.330633 0.018982 0.022376
0 0.095687 0.339120 0.025051 0.022377
0 0.219008 0.248264 0.010331 0.024306
0 0.189308 0.146798 0.008781 0.021991
0 0.318569 0.131751 0.016788 0.022762
0 0.315728 0.088734 0.016271 0.017747
0 0.355630 0.073399 0.018078 0.016396
0 0.340780 0.081308 0.013172 0.022955
0 0.351110 0.044657 0.018853 0.018326
0 0.372676 0.025849 0.020145 0.013889
0 0.322185 0.037133 0.013688 0.019483
0 0.305269 0.031250 0.017562 0.026234
0 0.293970 0.040124 0.020533 0.023920
0 0.266335 0.053048 0.011492 0.026620
0 0.403797 0.050926 0.016787 0.014660
0 0.415935 0.026620 0.017304 0.010803
0 0.424200 0.051311 0.026601 0.016975
0 0.433497 0.031443 0.011622 0.026620
0 0.152828 0.135610 0.010976 0.027392
0 0.149535 0.110918 0.021177 0.019676
0 0.165935 0.101273 0.018853 0.013503
0 0.210227 0.027971 0.013430 0.019676
0 0.224044 0.028935 0.014721 0.018519
0 0.238378 0.028164 0.016012 0.016976
0 0.242059 0.043596 0.011235 0.024691
0 0.258265 0.046103 0.008265 0.031250
0 0.256844 0.025078 0.021436 0.013889
0 0.114540 0.041281 0.021436 0.012346
0 0.105953 0.061728 0.024406 0.013117
0 0.112410 0.069830 0.021823 0.020062
0 0.116800 0.091243 0.020791 0.013503
0 0.100465 0.093461 0.011880 0.024113
0 0.095816 0.087481 0.014979 0.026041
0 0.102789 0.131752 0.006198 0.027392
0 0.093492 0.139661 0.015496 0.024691
0 0.130424 0.230710 0.023243 0.024691
0 0.109117 0.212384 0.010589 0.022762
0 0.122934 0.257331 0.022728 0.017747
0 0.095945 0.250193 0.012138 0.022762
0 0.093686 0.197146 0.013817 0.033179
0 0.095687 0.267747 0.014721 0.024691
0 0.092330 0.272762 0.015238 0.023919
0 0.089747 0.293114 0.011106 0.023727
0 0.292291 0.477045 0.019757 0.016590
0 0.232309 0.494599 0.010072 0.030865
0 0.143401 0.494599 0.016658 0.020062
0 0.127712 0.389853 0.021952 0.014275
0 0.096784 0.392168 0.021565 0.015818
0 0.090264 0.412905 0.019369 0.018711
0 0.092330 0.450618 0.021435 0.016975
0 0.102918 0.528357 0.026084 0.014275
0 0.092136 0.521026 0.019499 0.015046
0 0.097301 0.479166 0.024664 0.010803
0 0.099626 0.491127 0.024148 0.013117
0 0.088456 0.494985 0.018854 0.020834
0 0.165677 0.600695 0.019887 0.014660
0 0.115057 0.627700 0.019370 0.012345
0 0.108277 0.613426 0.008651 0.028549
0 0.083032 0.631655 0.011622 0.030672
0 0.092975 0.640432 0.016012 0.030864
0 0.290677 0.694059 0.020403 0.023148
0 0.379003 0.779707 0.014721 0.021605
0 0.444990 0.810571 0.010847 0.027778
0 0.411092 0.843943 0.019499 0.019676
0 0.358729 0.853395 0.011880 0.031636
0 0.439953 0.878086 0.020403 0.013117
0 0.411674 0.880015 0.016529 0.015432
0 0.504132 0.913388 0.012397 0.028935
0 0.472237 0.922839 0.009555 0.016204
0 0.459065 0.922454 0.020403 0.013889
0 0.437887 0.895254 0.012138 0.028164
0 0.431690 0.920718 0.022469 0.023534
0 0.414385 0.926312 0.021952 0.015432
0 0.405991 0.922068 0.020661 0.020833
0 0.335228 0.891590 0.010331 0.029321
0 0.330191 0.911651 0.014205 0.030864
0 0.302428 0.926698 0.018078 0.014660
0 0.282670 0.925733 0.017303 0.024305
0 0.257877 0.933642 0.016787 0.016204
0 0.257490 0.867669 0.023244 0.016975
0 0.228693 0.844329 0.023502 0.026621
0 0.207903 0.868441 0.018078 0.012345
0 0.178977 0.723573 0.018078 0.023533
0 0.148889 0.733603 0.015755 0.005015
0 0.119189 0.709491 0.012138 0.027778
0 0.096849 0.686728 0.009814 0.031636
0 0.084065 0.667824 0.006456 0.018518
0 0.085550 0.676697 0.019757 0.017747
0 0.080191 0.707562 0.009556 0.023920
0 0.080643 0.728202 0.012009 0.019676
0 0.089876 0.735918 0.010331 0.024305
0 0.090973 0.744406 0.015625 0.025849
0 0.103435 0.774691 0.016787 0.031636
0 0.114670 0.803627 0.009298 0.026235
0 0.108212 0.810571 0.008781 0.018518
0 0.143078 0.780285 0.011363 0.035880
0 0.135330 0.816551 0.011363 0.029707
0 0.116735 0.857446 0.008265 0.026621
0 0.131328 0.859182 0.010589 0.026235
0 0.082903 0.752893 0.018078 0.032793
0 0.082450 0.774306 0.015625 0.024692
0 0.085098 0.836034 0.008523 0.023148
0 0.085808 0.800154 0.022340 0.022377
0 0.097883 0.855710 0.010847 0.027006
0 0.096849 0.860532 0.020144 0.015047
0 0.102918 0.888118 0.010073 0.022377
0 0.098980 0.906250 0.017691 0.020062
0 0.084259 0.887346 0.006844 0.011574
0 0.084259 0.866705 0.012526 0.022763
0 0.127066 0.916088 0.010330 0.026620
0 0.140625 0.912423 0.011106 0.032408
0 0.117252 0.925926 0.018595 0.016204
0 0.156379 0.914737 0.021953 0.016975
0 0.155733 0.911652 0.011881 0.037037
0 0.171100 0.913581 0.010072 0.033179
0 0.171681 0.915895 0.011235 0.036265
0 0.194473 0.908757 0.009814 0.036651
0 0.199122 0.913388 0.007748 0.022763
0 0.207128 0.916474 0.009298 0.028935
0 0.185047 0.925925 0.014721 0.017747
0 0.218104 0.920332 0.010072 0.027392
0 0.225465 0.915317 0.012913 0.029707
0 0.245803 0.918789 0.016916 0.022763
0 0.240251 0.922840 0.014850 0.027007
0 0.337810 0.921489 0.012396 0.031250
0 0.357438 0.901813 0.007232 0.030478
0 0.365186 0.912037 0.010331 0.027006
0 0.349432 0.918017 0.010847 0.024305
0 0.384297 0.929013 0.019628 0.025463
0 0.404442 0.880401 0.012396 0.019290
0 0.380811 0.918017 0.015754 0.027392
0 0.367510 0.919946 0.009814 0.028164
0 0.373192 0.917053 0.011880 0.023149
