0 0.706611 0.376640 0.010331 0.026427
0 0.659672 0.314622 0.020015 0.018132
0 0.497676 0.623843 0.017562 0.038580
0 0.485344 0.671297 0.014850 0.013889
0 0.343104 0.604070 0.011622 0.022184
0 0.270338 0.456404 0.018724 0.014661
0 0.279442 0.426697 0.012396 0.029321
0 0.219783 0.407311 0.012914 0.029900
0 0.222365 0.512153 0.018079 0.015046
0 0.754003 0.673322 0.012138 0.026042
0 0.408833 0.203704 0.020661 0.016204
0 0.500775 0.210841 0.022211 0.017362
0 0.539708 0.172454 0.023889 0.019290
0 0.668969 0.168982 0.025439 0.020061
0 0.641271 0.151620 0.020661 0.018519
0 0.715199 0.151235 0.020016 0.015432
0 0.658898 0.128472 0.021565 0.016204
0 0.653280 0.090085 0.012138 0.022762
0 0.445119 0.159336 0.021952 0.018519
0 0.397663 0.123263 0.025181 0.021219
0 0.363442 0.103009 0.012267 0.015432
0 0.365832 0.087577 0.013172 0.030864
0 0.815922 0.221065 0.020015 0.016204
0 0.818311 0.257330 0.014205 0.019290
0 0.790870 0.268325 0.018725 0.012731
0 0.785770 0.275753 0.017820 0.027585
0 0.785576 0.360629 0.012268 0.031443
0 0.836261 0.397956 0.010331 0.028935
0 0.843621 0.314333 0.005423 0.027585
0 0.867769 0.334009 0.011880 0.033757
0 0.900310 0.298901 0.010330 0.035301
0 0.854726 0.180652 0.012138 0.027971
0 0.850658 0.154899 0.012525 0.028935
0 0.834453 0.101659 0.010331 0.026621
0 0.735537 0.053627 0.018078 0.015433
0 0.698347 0.077353 0.019628 0.018133
0 0.670454 0.048611 0.012913 0.016975
0 0.631134 0.062308 0.015883 0.017361
0 0.637655 0.048032 0.017046 0.017361
0 0.598463 0.103973 0.020015 0.017361
0 0.620093 0.056906 0.012914 0.027392
0 0.604791 0.060861 0.018724 0.022184
0 0.584582 0.053240 0.019370 0.018519
0 0.535705 0.062115 0.022598 0.020833
0 0.527764 0.043595 0.016787 0.018519
0 0.494059 0.055362 0.020661 0.018904
0 0.470106 0.046682 0.007360 0.013117
0 0.466038 0.050444 0.009556 0.018326
0 0.452931 0.044271 0.017691 0.019869
0 0.446474 0.087385 0.017691 0.017361
0 0.407800 0.078897 0.021695 0.017361
0 0.813662 0.069059 0.011622 0.027006
0 0.822379 0.058063 0.013559 0.023534
0 0.833484 0.057484 0.015108 0.022377
0 0.846268 0.057195 0.012267 0.022569
0 0.902182 0.074942 0.016400 0.009838
0 0.904765 0.061053 0.014592 0.020255
0 0.871191 0.086613 0.016658 0.015818
0 0.868092 0.063851 0.016141 0.012731
0 0.875581 0.122878 0.018208 0.012732
0 0.870739 0.146701 0.012139 0.033757
0 0.883652 0.179591 0.014721 0.018132
0 0.888107 0.156154 0.015884 0.022955
0 0.913739 0.106964 0.005165 0.016782
0 0.921423 0.118055 0.019757 0.016203
0 0.931172 0.104456 0.009039 0.026042
0 0.912448 0.137925 0.015495 0.013503
0 0.928654 0.148342 0.020273 0.013503
0 0.928073 0.165316 0.017820 0.016589
0 0.932076 0.180073 0.012397 0.017168
0 0.931560 0.190683 0.015496 0.017940
0 0.928977 0.205439 0.011363 0.017361
0 0.917355 0.216242 0.023244 0.015046
0 0.931818 0.229456 0.014980 0.022955
0 0.915741 0.274306 0.016658 0.011574
0 0.933368 0.300637 0.009298 0.025655
0 0.925942 0.349730 0.022081 0.011188
0 0.842136 0.504050 0.019757 0.021219
0 0.787578 0.511381 0.013172 0.029707
0 0.884556 0.465760 0.011880 0.028357
0 0.862732 0.545718 0.013688 0.027392
0 0.930075 0.362268 0.017949 0.016975
0 0.940793 0.554495 0.009427 0.023341
0 0.921940 0.590857 0.024922 0.018133
0 0.936854 0.529128 0.015754 0.015047
0 0.931560 0.512539 0.017562 0.021991
0 0.930527 0.500771 0.018595 0.012345
0 0.932399 0.482735 0.020015 0.015239
0 0.935821 0.476852 0.019886 0.026234
0 0.930010 0.451003 0.022728 0.016204
0 0.936145 0.435186 0.015625 0.013889
0 0.931366 0.419849 0.016400 0.016397
0 0.930720 0.389853 0.012526 0.019676
0 0.930010 0.382909 0.017045 0.023534
0 0.938210 0.399691 0.016142 0.032407
0 0.812564 0.616030 0.009427 0.025656
0 0.833549 0.699942 0.017304 0.017940
0 0.878939 0.717014 0.021049 0.016590
0 0.873128 0.663677 0.013301 0.020641
0 0.918840 0.617477 0.013559 0.027392
0 0.934078 0.643615 0.014076 0.025656
0 0.939695 0.694348 0.012138 0.026428
0 0.908832 0.712192 0.010331 0.029321
0 0.938081 0.736786 0.013300 0.025270
0 0.938662 0.762635 0.010072 0.029514
0 0.937242 0.764371 0.018078 0.018711
0 0.884039 0.770158 0.020145 0.009066
0 0.915289 0.819927 0.011364 0.026813
0 0.769112 0.798418 0.016012 0.021991
0 0.704546 0.875772 0.010331 0.030864
0 0.736764 0.881463 0.014592 0.031057
0 0.747676 0.875289 0.011880 0.035687
0 0.753487 0.895062 0.017304 0.023148
0 0.812887 0.858507 0.011105 0.028357
0 0.833032 0.843653 0.010588 0.027585
0 0.870739 0.823110 0.012139 0.031250
0 0.869060 0.891204 0.015496 0.019290
0 0.883652 0.890721 0.017820 0.021798
0 0.907347 0.886670 0.021565 0.018325
0 0.908639 0.864487 0.020532 0.018711
0 0.923683 0.887153 0.019370 0.015818
0 0.932464 0.833526 0.019886 0.015818
0 0.930527 0.858217 0.012913 0.033565
0 0.677816 0.876254 0.010589 0.029900
0 0.612603 0.884066 0.012397 0.025849
0 0.564243 0.876061 0.010976 0.025656
0 0.539192 0.885610 0.022598 0.018904
0 0.563727 0.796296 0.025181 0.020062
0 0.516852 0.817130 0.022340 0.017747
0 0.498321 0.876447 0.015237 0.030286
0 0.512009 0.889275 0.013172 0.027778
0 0.478629 0.881559 0.016400 0.023149
0 0.464876 0.891879 0.018078 0.017168
0 0.439953 0.861400 0.016787 0.026428
0 0.409865 0.797550 0.019112 0.020640
0 0.383006 0.873457 0.012396 0.031636
0 0.376614 0.884066 0.021823 0.018133
0 0.359375 0.874711 0.012138 0.029128
0 0.342072 0.872203 0.013172 0.025656
0 0.340135 0.877122 0.014463 0.029706
0 0.253163 0.777585 0.015883 0.015047
0 0.325219 0.278935 0.009427 0.020834
0 0.243350 0.296682 0.012525 0.022377
0 0.207838 0.285880 0.013817 0.025463
0 0.213714 0.243923 0.012655 0.019869
0 0.222430 0.234182 0.010718 0.023148
0 0.224174 0.197338 0.017562 0.015046
0 0.223786 0.166377 0.011105 0.025656
0 0.237991 0.151717 0.011622 0.030285
0 0.250323 0.188947 0.014075 0.026427
0 0.304688 0.167052 0.019757 0.016975
0 0.324380 0.166377 0.015496 0.017940
0 0.304558 0.129340 0.019757 0.019098
0 0.301330 0.135417 0.023631 0.016204
0 0.215134 0.127508 0.023244 0.015046
0 0.381973 0.046875 0.018595 0.010416
0 0.391012 0.059028 0.021177 0.016204
0 0.400955 0.044850 0.017303 0.014853
0 0.336647 0.056424 0.012655 0.027971
0 0.327609 0.055362 0.010073 0.030478
0 0.320958 0.052951 0.013559 0.023341
0 0.303719 0.049961 0.005165 0.021991
0 0.295907 0.052373 0.015108 0.022184
0 0.265690 0.051505 0.011493 0.027392
0 0.250646 0.050926 0.014721 0.015432
0 0.242381 0.069348 0.010072 0.034529
0 0.180527 0.191455 0.009814 0.022570
0 0.171036 0.201100 0.017175 0.022569
0 0.163546 0.202546 0.020274 0.027778
0 0.171746 0.169271 0.010330 0.025656
0 0.173166 0.170910 0.015755 0.015433
0 0.168647 0.171682 0.019628 0.011574
0 0.168647 0.159915 0.012397 0.011960
0 0.161674 0.153743 0.013429 0.018133
0 0.162190 0.133873 0.014979 0.023919
0 0.170907 0.092399 0.015883 0.017361
0 0.194344 0.098380 0.006974 0.023148
0 0.211777 0.102431 0.009814 0.025077
0 0.235408 0.047840 0.012138 0.020062
0 0.229339 0.058063 0.009298 0.024306
0 0.224561 0.051312 0.008523 0.025463
0 0.212810 0.056906 0.009298 0.025077
0 0.198477 0.058835 0.011105 0.027392
0 0.202995 0.070409 0.012913 0.029707
0 0.178460 0.087674 0.016529 0.013696
0 0.184336 0.061825 0.016400 0.017554
0 0.170971 0.077739 0.021178 0.017361
0 0.239798 0.358025 0.017820 0.026235
0 0.210615 0.380305 0.013688 0.026427
0 0.197055 0.331211 0.010847 0.027392
0 0.197249 0.445987 0.018982 0.014661
0 0.165289 0.245274 0.018078 0.016010
0 0.164708 0.260127 0.022082 0.024113
0 0.178202 0.324653 0.007231 0.015818
0 0.172262 0.304012 0.010331 0.027006
0 0.159994 0.312403 0.018337 0.023727
0 0.157283 0.359665 0.007748 0.024499
0 0.167097 0.376543 0.022210 0.016204
0 0.158058 0.368442 0.019628 0.022377
0 0.158445 0.392362 0.020403 0.013889
0 0.164772 0.404996 0.024277 0.015625
0 0.174587 0.431327 0.019111 0.012346
0 0.161286 0.416377 0.022469 0.016396
0 0.168840 0.457079 0.018982 0.011381
0 0.163288 0.439718 0.014592 0.016783
0 0.159866 0.440200 0.023244 0.013889
0 0.156444 0.453511 0.017950 0.016589
0 0.152054 0.483411 0.009685 0.023149
0 0.159543 0.486304 0.023631 0.016590
0 0.201575 0.518133 0.010073 0.030864
0 0.211131 0.580922 0.014204 0.036458
0 0.157993 0.603877 0.014334 0.032601
0 0.151279 0.630016 0.017949 0.025463
0 0.189179 0.539449 0.009556 0.032215
0 0.149277 0.569927 0.014980 0.013310
0 0.153990 0.556134 0.013043 0.021991
0 0.152699 0.545235 0.010976 0.020254
0 0.160124 0.521219 0.009814 0.023920
0 0.157993 0.516493 0.013300 0.019869
0 0.164321 0.507427 0.013042 0.033372
0 0.146888 0.525848 0.009168 0.020833
0 0.151214 0.522377 0.013688 0.028550
0 0.142756 0.737075 0.010718 0.021219
0 0.149406 0.720486 0.016787 0.018132
0 0.171358 0.712384 0.020403 0.017361
0 0.148179 0.695023 0.009168 0.025848
0 0.147598 0.668885 0.015238 0.026042
0 0.157412 0.675540 0.019370 0.012346
0 0.151408 0.655768 0.020273 0.016782
0 0.303848 0.853202 0.009039 0.023534
0 0.300426 0.859278 0.014076 0.026042
0 0.318311 0.877412 0.017304 0.023727
0 0.309272 0.872396 0.009039 0.026042
0 0.300685 0.882330 0.016141 0.014660
0 0.296488 0.879340 0.011363 0.025270
0 0.278539 0.866320 0.006457 0.025849
0 0.278409 0.869309 0.010847 0.031443
0 0.260717 0.879823 0.012655 0.018905
0 0.245739 0.848572 0.014721 0.012731
0 0.247998 0.872492 0.010202 0.024305
0 0.246707 0.877122 0.012009 0.026621
0 0.233019 0.811632 0.020791 0.011767
0 0.210873 0.817033 0.016270 0.021798
0 0.195506 0.814429 0.009814 0.030092
0 0.204287 0.836131 0.013430 0.023727
0 0.183820 0.817515 0.010202 0.018518
0 0.223076 0.840471 0.021565 0.015818
0 0.217910 0.842304 0.001420 0.023727
0 0.224109 0.855131 0.010718 0.024305
0 0.211002 0.870949 0.014980 0.021219
0 0.225206 0.884452 0.014979 0.015818
0 0.227466 0.882716 0.014850 0.022377
0 0.208161 0.879244 0.014462 0.015432
0 0.199057 0.879822 0.016917 0.012731
0 0.190147 0.877122 0.010977 0.019676
0 0.172844 0.799768 0.019241 0.014660
0 0.165289 0.811439 0.014463 0.015240
0 0.151666 0.805556 0.017174 0.023149
0 0.143659 0.805941 0.011493 0.025463
0 0.153215 0.836516 0.005036 0.022956
0 0.146436 0.844136 0.009814 0.022377
0 0.162320 0.850695 0.009039 0.023149
0 0.157090 0.858699 0.016141 0.019483
0 0.163094 0.845871 0.009040 0.021219
0 0.171681 0.857060 0.009168 0.024305
0 0.164127 0.860725 0.009556 0.020834
0 0.164773 0.870563 0.019112 0.019676
0 0.178913 0.875579 0.009427 0.015046
0 0.175685 0.876640 0.018208 0.017554
