0 0.494706 0.472029 0.019369 0.012731
0 0.525568 0.544656 0.011880 0.030286
0 0.355243 0.629437 0.012138 0.023534
0 0.661286 0.346836 0.021436 0.019290
0 0.653151 0.174575 0.017045 0.018905
0 0.590780 0.127700 0.019887 0.016203
0 0.466554 0.185571 0.020403 0.019290
0 0.525956 0.098573 0.018337 0.018905
0 0.519629 0.091435 0.020661 0.015432
0 0.486571 0.074556 0.018595 0.021798
0 0.493414 0.109375 0.019369 0.017362
0 0.458677 0.131944 0.020661 0.020061
0 0.456482 0.162423 0.018853 0.020834
0 0.465392 0.071181 0.016529 0.016590
0 0.700414 0.101370 0.012397 0.029128
0 0.698218 0.074074 0.019887 0.017747
0 0.732438 0.080247 0.013430 0.027778
0 0.711648 0.180941 0.023502 0.014661
0 0.706482 0.165123 0.021436 0.015433
0 0.787577 0.116223 0.011621 0.023341
0 0.760331 0.076389 0.018595 0.020062
0 0.771823 0.071373 0.016787 0.015433
0 0.800620 0.162038 0.011364 0.029321
0 0.815599 0.186150 0.015496 0.026620
0 0.848399 0.143519 0.012913 0.032407
0 0.815599 0.268615 0.015496 0.025270
0 0.879907 0.263696 0.012914 0.027392
0 0.827092 0.410880 0.022469 0.023148
0 0.879390 0.362269 0.012913 0.032407
0 0.900826 0.349441 0.013429 0.030672
0 0.894886 0.416377 0.011880 0.026041
0 0.926136 0.336998 0.014463 0.025849
0 0.935821 0.329669 0.019886 0.021219
0 0.944732 0.303627 0.014463 0.028550
0 0.940728 0.411266 0.019370 0.016975
0 0.855113 0.429784 0.012913 0.027778
0 0.879907 0.263696 0.012914 0.027392
0 0.892433 0.234182 0.020919 0.014660
0 0.889721 0.184028 0.011880 0.028550
0 0.903796 0.186728 0.008007 0.029321
0 0.931560 0.169753 0.018078 0.018518
0 0.946539 0.157214 0.010847 0.025849
0 0.914385 0.150077 0.019370 0.016204
0 0.895145 0.130016 0.015496 0.020833
0 0.924587 0.242670 0.013430 0.031635
0 0.946668 0.241706 0.011622 0.025849
0 0.943311 0.279514 0.018336 0.019676
0 0.945377 0.260416 0.013172 0.036265
0 0.936467 0.374614 0.019628 0.017747
0 0.941632 0.390818 0.020661 0.028550
0 0.949897 0.383198 0.012397 0.027585
0 0.932916 0.119213 0.016400 0.013888
0 0.935627 0.101659 0.014076 0.017362
0 0.928332 0.099826 0.012139 0.034529
0 0.916581 0.092785 0.009814 0.025849
0 0.908574 0.090278 0.011363 0.029321
0 0.900181 0.089795 0.011105 0.024498
0 0.893466 0.093075 0.012138 0.029514
0 0.884168 0.087095 0.012139 0.027585
0 0.868220 0.084490 0.018207 0.022377
0 0.849561 0.082079 0.011622 0.024499
0 0.945506 0.446952 0.019112 0.011960
0 0.943182 0.475502 0.019628 0.014275
0 0.950091 0.491320 0.013043 0.025077
0 0.943569 0.499614 0.013688 0.023920
0 0.950607 0.513214 0.017174 0.030286
0 0.910576 0.576003 0.011235 0.023148
0 0.897727 0.551118 0.014463 0.029707
0 0.909607 0.611883 0.005682 0.031636
0 0.899277 0.612944 0.017562 0.026814
0 0.895016 0.610146 0.011621 0.029707
0 0.862345 0.540509 0.014980 0.034722
0 0.870674 0.499035 0.024406 0.017361
0 0.874032 0.483604 0.022339 0.020447
0 0.823089 0.603106 0.013946 0.030671
0 0.776730 0.637925 0.014204 0.025849
0 0.944989 0.556810 0.012913 0.030286
0 0.950736 0.570409 0.011751 0.032022
0 0.950026 0.621045 0.014204 0.019869
0 0.950543 0.614969 0.014205 0.016204
0 0.950672 0.598669 0.012913 0.023726
0 0.940729 0.651910 0.011105 0.032986
0 0.946346 0.665509 0.014850 0.019290
0 0.789192 0.759741 0.013042 0.029899
0 0.909414 0.704957 0.014850 0.030671
0 0.933368 0.717786 0.010847 0.028164
0 0.927105 0.770544 0.012010 0.026428
0 0.951575 0.770447 0.013688 0.022376
0 0.944602 0.815586 0.019369 0.015433
0 0.878035 0.853009 0.022856 0.020833
0 0.796810 0.836612 0.018465 0.016589
0 0.793647 0.806906 0.016012 0.014274
0 0.896630 0.906925 0.016658 0.025656
0 0.870351 0.913002 0.017562 0.018133
0 0.844912 0.905768 0.012138 0.021798
0 0.943053 0.887732 0.013688 0.030864
0 0.937759 0.890239 0.012397 0.032793
0 0.925103 0.899981 0.017045 0.021798
0 0.921939 0.905285 0.018208 0.025849
0 0.821217 0.901042 0.017691 0.014275
0 0.818828 0.917053 0.017303 0.016203
0 0.804623 0.904514 0.011622 0.030479
0 0.773760 0.893518 0.017562 0.015433
0 0.777376 0.912808 0.017045 0.016975
0 0.794034 0.909722 0.016788 0.029321
0 0.731276 0.902199 0.013688 0.030478
0 0.717329 0.850116 0.010589 0.028164
0 0.688339 0.904225 0.014075 0.024885
0 0.670197 0.911169 0.009297 0.022570
0 0.608407 0.915702 0.018466 0.017362
0 0.582645 0.913966 0.011880 0.024692
0 0.557916 0.910205 0.017175 0.016782
0 0.549200 0.911844 0.014721 0.018132
0 0.519499 0.874228 0.009556 0.030864
0 0.479274 0.905285 0.022082 0.018133
0 0.459969 0.898437 0.013430 0.030285
0 0.488120 0.702836 0.016013 0.014467
0 0.413675 0.804109 0.015109 0.029900
0 0.405539 0.899788 0.015625 0.024498
0 0.393078 0.906443 0.001033 0.028935
0 0.351110 0.893808 0.013171 0.031829
0 0.335744 0.897087 0.023244 0.016782
0 0.330578 0.902103 0.011881 0.019869
0 0.315600 0.903260 0.010847 0.024499
0 0.342782 0.859182 0.021823 0.016204
0 0.332709 0.829186 0.007360 0.031442
0 0.315858 0.832658 0.012913 0.025270
0 0.294551 0.848186 0.011622 0.025077
0 0.262268 0.755594 0.011622 0.028936
0 0.250840 0.824460 0.023889 0.017747
0 0.185305 0.726369 0.010072 0.022955
0 0.164127 0.732735 0.015754 0.021798
0 0.162965 0.719136 0.009298 0.027778
0 0.164321 0.778550 0.015108 0.024691
0 0.161092 0.765336 0.012785 0.021412
0 0.184788 0.806038 0.019370 0.020640
0 0.199638 0.803916 0.017562 0.015625
0 0.169551 0.817322 0.017303 0.011959
0 0.163740 0.834298 0.021177 0.015047
0 0.164191 0.840857 0.016917 0.014275
0 0.195248 0.843171 0.018595 0.024305
0 0.169421 0.847608 0.023761 0.020833
0 0.167678 0.847029 0.015109 0.014275
0 0.166839 0.857253 0.026860 0.015432
0 0.178267 0.873456 0.024923 0.013889
0 0.175878 0.889757 0.008781 0.019869
0 0.185304 0.894386 0.010589 0.022184
0 0.189566 0.881945 0.018078 0.016975
0 0.197379 0.891590 0.023373 0.015433
0 0.203512 0.899112 0.019628 0.012731
0 0.208678 0.896122 0.012397 0.027199
0 0.228177 0.892747 0.010589 0.023148
0 0.228306 0.877218 0.009814 0.026427
0 0.239798 0.896798 0.011106 0.025077
0 0.238249 0.893518 0.010588 0.031636
0 0.252906 0.853781 0.021307 0.015432
0 0.257684 0.888696 0.007360 0.021220
0 0.261622 0.897955 0.007232 0.019676
0 0.254132 0.898726 0.010847 0.025077
0 0.302557 0.881944 0.018337 0.017747
0 0.309530 0.889564 0.000775 0.027199
0 0.296358 0.893615 0.010072 0.022184
0 0.299716 0.909625 0.018853 0.015625
0 0.288998 0.898245 0.010331 0.024499
0 0.286286 0.890721 0.008006 0.018711
0 0.285899 0.897473 0.011880 0.027585
0 0.271952 0.901524 0.012397 0.022569
0 0.277699 0.898245 0.011493 0.021412
0 0.373773 0.235919 0.011493 0.018133
0 0.355501 0.183160 0.012655 0.019098
0 0.343234 0.168789 0.018078 0.016589
0 0.331612 0.107060 0.021695 0.016590
0 0.367252 0.070698 0.019112 0.012538
0 0.386235 0.113137 0.018853 0.019097
0 0.401795 0.099923 0.018983 0.014660
0 0.430785 0.111111 0.009297 0.016203
0 0.429558 0.130595 0.018465 0.013503
0 0.417807 0.143904 0.018207 0.012346
0 0.443504 0.077739 0.020016 0.015046
0 0.404701 0.076582 0.008265 0.025077
0 0.387073 0.098380 0.009685 0.021605
0 0.386686 0.075135 0.012268 0.025270
0 0.273825 0.197628 0.008910 0.026428
0 0.242574 0.196373 0.011751 0.022377
0 0.239411 0.221450 0.018595 0.013117
0 0.247675 0.236593 0.013429 0.021798
0 0.271371 0.124421 0.019499 0.012731
0 0.247934 0.117477 0.007748 0.022762
0 0.240509 0.133681 0.016400 0.023534
0 0.233406 0.181520 0.022598 0.015818
0 0.233084 0.163966 0.015237 0.013118
0 0.299587 0.076871 0.008265 0.010996
0 0.301394 0.075810 0.013947 0.022763
0 0.282154 0.082658 0.012655 0.017168
0 0.293001 0.073013 0.013688 0.016396
0 0.283704 0.071566 0.014205 0.011960
0 0.261234 0.095679 0.018853 0.011574
0 0.263365 0.084394 0.008393 0.014468
0 0.251162 0.091821 0.006457 0.020062
0 0.238894 0.104552 0.017045 0.025463
0 0.242704 0.082948 0.018724 0.009259
0 0.263494 0.070216 0.017433 0.014660
0 0.253615 0.066358 0.017045 0.012346
0 0.231146 0.069830 0.017045 0.011574
0 0.195118 0.077643 0.012655 0.017168
0 0.201382 0.083430 0.010718 0.027199
0 0.202285 0.100308 0.022857 0.013117
0 0.189372 0.106096 0.022340 0.013117
0 0.179752 0.103684 0.013430 0.029129
0 0.181108 0.141396 0.016658 0.016590
0 0.187113 0.150560 0.016788 0.012153
0 0.198799 0.162326 0.006070 0.016783
0 0.193569 0.161651 0.016271 0.015432
0 0.188662 0.157794 0.010589 0.017747
0 0.173038 0.174768 0.008781 0.013889
0 0.174135 0.187885 0.010976 0.016975
0 0.181108 0.203704 0.019240 0.011574
0 0.183238 0.219136 0.010073 0.028549
0 0.204997 0.247492 0.014075 0.026620
0 0.206676 0.231385 0.012267 0.024113
0 0.174457 0.228202 0.016787 0.025849
0 0.175232 0.260706 0.015755 0.026813
0 0.203125 0.286266 0.007490 0.020833
0 0.210873 0.297164 0.008006 0.021027
0 0.231534 0.327546 0.011106 0.031636
0 0.210421 0.321759 0.011235 0.023920
0 0.185240 0.313272 0.017691 0.012345
0 0.179365 0.304977 0.017303 0.015046
0 0.178009 0.298708 0.013042 0.012153
0 0.177686 0.290509 0.018078 0.018519
0 0.167807 0.300250 0.008652 0.031829
0 0.167807 0.349248 0.010718 0.023727
0 0.177750 0.372299 0.022857 0.015432
0 0.253099 0.380787 0.014463 0.030092
0 0.220235 0.460070 0.019499 0.028935
0 0.192471 0.444830 0.013043 0.028550
0 0.172586 0.423418 0.015625 0.007331
0 0.176330 0.380884 0.016400 0.021798
0 0.174909 0.389082 0.021307 0.016590
0 0.169874 0.436729 0.016399 0.022377
0 0.212939 0.517844 0.010588 0.034915
0 0.206288 0.489391 0.019499 0.014275
0 0.197960 0.477141 0.009556 0.018326
0 0.193698 0.471451 0.009297 0.024692
0 0.184013 0.454572 0.009039 0.021026
0 0.166322 0.461709 0.014463 0.024112
0 0.172327 0.473186 0.017692 0.012731
0 0.176524 0.482639 0.009555 0.019290
0 0.167936 0.488040 0.010977 0.021605
0 0.172262 0.486593 0.020145 0.002893
0 0.185370 0.510706 0.013817 0.021412
0 0.167097 0.531732 0.008264 0.024112
0 0.171940 0.513696 0.014333 0.021991
0 0.167807 0.541859 0.015367 0.013503
0 0.198734 0.673804 0.017821 0.011188
0 0.163030 0.686343 0.016141 0.027778
0 0.164127 0.665895 0.017304 0.023148
0 0.162578 0.650656 0.015237 0.018904
0 0.163933 0.623650 0.011234 0.027392
0 0.168905 0.615452 0.016529 0.022570
0 0.172262 0.613040 0.011880 0.020062
0 0.164256 0.579282 0.012397 0.027392
0 0.197185 0.591917 0.011106 0.031829
0 0.308432 0.283854 0.013559 0.017168
