0 0.599044 0.920428 0.018337 0.016397
0 0.609245 0.921007 0.010847 0.027585
0 0.618156 0.915027 0.009040 0.028742
0 0.621965 0.920332 0.012526 0.026621
0 0.643207 0.902006 0.016271 0.016204
0 0.663546 0.921875 0.017692 0.026621
0 0.681173 0.919560 0.011621 0.025078
0 0.700090 0.924190 0.015367 0.024306
0 0.756069 0.918982 0.009039 0.030092
0 0.743027 0.832561 0.020661 0.014661
0 0.737345 0.816261 0.014462 0.017939
0 0.663158 0.835455 0.023115 0.027392
0 0.603112 0.830825 0.019757 0.015047
0 0.583290 0.852817 0.010072 0.029707
0 0.539772 0.884259 0.022211 0.015432
0 0.772469 0.796490 0.017562 0.018133
0 0.801653 0.821855 0.010330 0.027585
0 0.824057 0.830440 0.018466 0.026620
0 0.812693 0.803819 0.017433 0.031250
0 0.842717 0.783372 0.018078 0.014274
0 0.872159 0.807485 0.008781 0.030864
0 0.835357 0.916667 0.010072 0.028549
0 0.848786 0.915316 0.010589 0.035879
0 0.874742 0.891976 0.008781 0.030093
0 0.872418 0.916281 0.010847 0.037809
0 0.878293 0.918306 0.008652 0.022956
0 0.898890 0.912133 0.010073 0.026042
0 0.887268 0.921200 0.011621 0.025656
0 0.913740 0.908468 0.011363 0.041088
0 0.923296 0.899306 0.019628 0.021605
0 0.928202 0.868248 0.013429 0.025077
0 0.925555 0.837191 0.021824 0.016975
0 0.916451 0.819638 0.016787 0.016589
0 0.914192 0.814043 0.019240 0.016976
0 0.927621 0.800347 0.012526 0.028163
0 0.891658 0.774980 0.010072 0.026427
0 0.900052 0.738330 0.001033 0.022183
0 0.928332 0.736111 0.011105 0.026235
0 0.920907 0.716724 0.018725 0.022570
0 0.860666 0.720100 0.013688 0.032793
0 0.729855 0.695216 0.015495 0.024691
0 0.722301 0.563754 0.017691 0.019483
0 0.734762 0.635224 0.019111 0.012732
0 0.776021 0.540991 0.009685 0.022184
0 0.817020 0.576582 0.013171 0.028164
0 0.841942 0.607928 0.009298 0.027585
0 0.864669 0.581597 0.010331 0.028164
0 0.860214 0.573881 0.018208 0.014275
0 0.830449 0.525656 0.013688 0.028936
0 0.813662 0.475116 0.013172 0.029707
0 0.787061 0.471547 0.011105 0.025270
0 0.751872 0.454379 0.017950 0.017554
0 0.730630 0.499421 0.016012 0.015818
0 0.721591 0.437114 0.021694 0.016975
0 0.706999 0.452546 0.012138 0.025463
0 0.683885 0.459298 0.012397 0.028935
0 0.886621 0.513985 0.010847 0.029514
0 0.891787 0.538388 0.011880 0.033565
0 0.919099 0.554591 0.014592 0.024305
0 0.921294 0.589314 0.020532 0.018133
0 0.927363 0.636381 0.015108 0.020448
0 0.924845 0.668017 0.016529 0.015818
0 0.875646 0.482060 0.013688 0.032022
0 0.855953 0.469136 0.012010 0.023148
0 0.842716 0.478588 0.010847 0.024305
0 0.840328 0.462384 0.021307 0.019676
0 0.838779 0.436342 0.014333 0.010031
0 0.828577 0.424768 0.008910 0.024691
0 0.818763 0.409915 0.020016 0.015046
0 0.825349 0.386767 0.017174 0.020447
0 0.750388 0.389950 0.013172 0.022956
0 0.739411 0.411748 0.016529 0.022570
0 0.724174 0.383391 0.013430 0.018712
0 0.693957 0.377122 0.013947 0.024305
0 0.861957 0.409047 0.012655 0.037616
0 0.879520 0.413966 0.016270 0.036266
0 0.871514 0.374903 0.009039 0.027199
0 0.927686 0.497781 0.013430 0.027199
0 0.924393 0.478974 0.014334 0.020448
0 0.919550 0.465182 0.012655 0.027199
0 0.914385 0.451774 0.019370 0.016975
0 0.913610 0.414159 0.018853 0.020448
0 0.915354 0.390818 0.023115 0.016204
0 0.914320 0.370756 0.021565 0.015432
0 0.683755 0.314236 0.024018 0.021990
0 0.783381 0.340181 0.021048 0.021797
0 0.802557 0.339120 0.024018 0.016975
0 0.824445 0.335937 0.022598 0.021413
0 0.813727 0.304399 0.009685 0.017747
0 0.793001 0.305941 0.011622 0.013118
0 0.819925 0.270448 0.012010 0.016203
0 0.817020 0.249614 0.019887 0.015432
0 0.846978 0.248650 0.019370 0.015046
0 0.854791 0.216243 0.022340 0.017361
0 0.846203 0.198977 0.007489 0.022570
0 0.755811 0.191551 0.014721 0.015046
0 0.783187 0.148534 0.019370 0.013118
0 0.805656 0.128762 0.007490 0.029899
0 0.824767 0.136188 0.010073 0.023920
0 0.734116 0.128858 0.014721 0.017746
0 0.911221 0.133102 0.015367 0.014661
0 0.917420 0.149981 0.014334 0.026041
0 0.878486 0.100502 0.018337 0.020448
0 0.911544 0.177855 0.018337 0.016976
0 0.915741 0.206790 0.012010 0.021605
0 0.925103 0.181713 0.011363 0.023148
0 0.917872 0.233604 0.019112 0.024306
0 0.914837 0.273342 0.020532 0.013503
0 0.858406 0.305170 0.023890 0.016204
0 0.913223 0.295525 0.021694 0.015432
0 0.921940 0.305362 0.015625 0.014275
0 0.911286 0.327836 0.016271 0.018711
0 0.914708 0.329861 0.020790 0.016204
0 0.917226 0.346161 0.018337 0.018325
0 0.912448 0.090374 0.012397 0.029514
0 0.899728 0.068191 0.013559 0.023727
0 0.890302 0.060474 0.012267 0.024498
0 0.868479 0.066744 0.012784 0.024692
0 0.843879 0.052083 0.018854 0.016204
0 0.844654 0.065490 0.012138 0.030671
0 0.829546 0.056423 0.015495 0.024884
0 0.832063 0.068480 0.012784 0.028164
0 0.812048 0.063947 0.016658 0.032986
0 0.810692 0.054399 0.021694 0.013889
0 0.821022 0.067901 0.009297 0.027006
0 0.782154 0.074460 0.018336 0.020833
0 0.750000 0.056906 0.022211 0.025077
0 0.712164 0.052854 0.010589 0.017747
0 0.683691 0.088541 0.023890 0.020447
0 0.694925 0.046489 0.019757 0.021991
0 0.681044 0.054591 0.022211 0.017362
0 0.512719 0.134067 0.018725 0.017361
0 0.572314 0.120757 0.016529 0.013117
0 0.596978 0.127507 0.019886 0.021991
0 0.606792 0.221064 0.016271 0.013889
0 0.651924 0.234857 0.017433 0.011767
0 0.596591 0.279224 0.025826 0.015625
0 0.640496 0.073881 0.020145 0.017361
0 0.637138 0.050636 0.017046 0.017168
0 0.577802 0.051601 0.022340 0.018326
0 0.560240 0.043595 0.017175 0.014661
0 0.587100 0.073495 0.017175 0.026621
0 0.556237 0.058449 0.017691 0.016590
0 0.538482 0.089313 0.018595 0.016589
0 0.477595 0.050347 0.020790 0.021991
0 0.496126 0.046200 0.014979 0.020640
0 0.505230 0.047453 0.020274 0.022377
0 0.512978 0.048900 0.014076 0.013696
0 0.430269 0.046682 0.016013 0.016976
0 0.432464 0.081211 0.021952 0.019676
0 0.389011 0.066358 0.017433 0.015432
0 0.399664 0.041088 0.018853 0.017361
0 0.363055 0.057388 0.011751 0.029900
0 0.356340 0.043885 0.020273 0.022955
0 0.319538 0.054302 0.011493 0.030671
0 0.342523 0.112365 0.014850 0.017554
0 0.358729 0.095100 0.011880 0.023534
0 0.367833 0.102527 0.013043 0.026042
0 0.376227 0.165316 0.015625 0.020448
0 0.321927 0.115355 0.019369 0.014660
0 0.305268 0.089699 0.011364 0.024305
0 0.283123 0.108507 0.014850 0.022569
0 0.290547 0.099730 0.008781 0.016589
0 0.302040 0.045428 0.016787 0.026042
0 0.305398 0.073881 0.018336 0.015818
0 0.281185 0.051312 0.010459 0.027777
0 0.268983 0.047647 0.018853 0.017361
0 0.286802 0.152874 0.013171 0.033372
0 0.326059 0.158564 0.021436 0.016975
0 0.237474 0.209877 0.019370 0.016203
0 0.316309 0.225888 0.014592 0.025077
0 0.269435 0.248842 0.019499 0.016975
0 0.192342 0.190007 0.011493 0.028935
0 0.180462 0.139178 0.012784 0.021412
0 0.174328 0.255498 0.009815 0.023727
0 0.216555 0.255112 0.019887 0.017940
0 0.184142 0.334684 0.010847 0.028935
0 0.315083 0.262925 0.021695 0.016589
0 0.451963 0.323302 0.010331 0.024692
0 0.230114 0.091435 0.019628 0.016204
0 0.250516 0.061343 0.009297 0.025463
0 0.250258 0.044850 0.016529 0.014853
0 0.237475 0.050733 0.014721 0.029707
0 0.216296 0.050733 0.025052 0.028163
0 0.115122 0.145062 0.020016 0.018519
0 0.140367 0.162712 0.013688 0.019483
0 0.130682 0.163098 0.011880 0.032215
0 0.115831 0.172260 0.019887 0.013503
0 0.110214 0.181038 0.012784 0.025270
0 0.115573 0.111304 0.017304 0.017361
0 0.121966 0.117766 0.011493 0.031057
0 0.179945 0.050733 0.015367 0.020448
0 0.177298 0.080150 0.019887 0.019869
0 0.172650 0.065104 0.019886 0.012153
0 0.172908 0.052758 0.010588 0.027585
0 0.163740 0.089024 0.010847 0.032986
0 0.162190 0.067323 0.011363 0.028163
0 0.156573 0.081597 0.015625 0.020448
0 0.148438 0.087577 0.013817 0.028549
0 0.141916 0.096548 0.010072 0.031057
0 0.135847 0.074363 0.020661 0.017939
0 0.150568 0.048226 0.023244 0.013117
0 0.138753 0.056134 0.024406 0.015046
0 0.134814 0.068480 0.021694 0.014274
0 0.123256 0.089024 0.019241 0.013310
0 0.165870 0.210359 0.013042 0.020255
0 0.136816 0.245081 0.023115 0.019098
0 0.152118 0.248457 0.009814 0.027778
0 0.152699 0.301794 0.012526 0.033372
0 0.132102 0.262925 0.010072 0.032793
0 0.106469 0.238136 0.010977 0.026041
0 0.105695 0.267747 0.010976 0.023148
0 0.116864 0.292535 0.012655 0.023727
0 0.109052 0.291956 0.015108 0.024884
0 0.110150 0.273244 0.010589 0.026041
0 0.106405 0.335166 0.019111 0.018711
0 0.161544 0.368538 0.013688 0.024884
0 0.144240 0.400270 0.010589 0.032794
0 0.129520 0.416570 0.008523 0.021798
0 0.102918 0.379340 0.013688 0.025270
0 0.112087 0.414159 0.008264 0.026620
0 0.102983 0.400270 0.015884 0.023534
0 0.210744 0.358603 0.021178 0.018133
0 0.229985 0.322627 0.008523 0.014468
0 0.267240 0.346547 0.015625 0.019098
0 0.310628 0.335552 0.015109 0.015239
0 0.284285 0.367477 0.016658 0.024305
0 0.313081 0.374807 0.011234 0.024306
0 0.271178 0.416473 0.020145 0.014275
0 0.239605 0.408372 0.014076 0.011188
0 0.253874 0.358989 0.020661 0.031250
0 0.204610 0.404418 0.011751 0.032214
0 0.100465 0.432195 0.007232 0.021412
0 0.114540 0.444059 0.021952 0.013889
0 0.108600 0.450810 0.018853 0.015046
0 0.102661 0.470582 0.014721 0.019483
0 0.123579 0.475309 0.012655 0.030864
0 0.147340 0.433545 0.011622 0.029129
0 0.159866 0.444927 0.011880 0.030286
0 0.159478 0.461999 0.006973 0.016590
0 0.173747 0.451485 0.017433 0.016397
0 0.209710 0.487750 0.010847 0.024113
0 0.194603 0.528839 0.010589 0.024498
0 0.291516 0.500000 0.019758 0.016976
0 0.258071 0.564429 0.019758 0.014660
0 0.277570 0.601659 0.021823 0.015818
0 0.229210 0.589795 0.009556 0.026427
0 0.215586 0.591243 0.019499 0.016589
0 0.190470 0.558642 0.010073 0.020062
0 0.170455 0.546104 0.007748 0.021219
0 0.155540 0.559221 0.018724 0.013503
0 0.159091 0.605421 0.011880 0.032214
0 0.142174 0.533083 0.010589 0.032601
0 0.100594 0.496913 0.015238 0.027778
0 0.099303 0.530286 0.008523 0.026620
0 0.116348 0.528453 0.017820 0.020641
0 0.098270 0.558738 0.013688 0.026041
0 0.107309 0.554013 0.017820 0.010803
0 0.108858 0.538195 0.017821 0.013117
0 0.099238 0.590760 0.012526 0.029128
0 0.101240 0.574171 0.013430 0.017939
0 0.098464 0.630594 0.016142 0.028164
0 0.098786 0.614776 0.013688 0.020447
0 0.106663 0.603395 0.009814 0.020833
0 0.128293 0.637442 0.020015 0.018325
0 0.121772 0.605131 0.011622 0.015046
0 0.116865 0.676119 0.020920 0.015818
0 0.118543 0.680459 0.014979 0.019483
0 0.103435 0.675540 0.016271 0.017747
0 0.099948 0.653935 0.009297 0.027006
0 0.231534 0.608604 0.012655 0.021219
0 0.116477 0.548804 0.018595 0.025849
0 0.239928 0.666667 0.011880 0.026235
0 0.235215 0.714217 0.015109 0.031057
0 0.227208 0.772377 0.021048 0.013889
0 0.185886 0.747010 0.015883 0.022956
0 0.184788 0.709587 0.010072 0.025270
0 0.200671 0.677662 0.019628 0.020447
0 0.160640 0.679881 0.012913 0.034143
0 0.141141 0.735918 0.015755 0.027392
0 0.117769 0.726852 0.014979 0.022377
0 0.102337 0.725598 0.022340 0.026428
0 0.102143 0.696470 0.020403 0.017168
0 0.120867 0.732253 0.010847 0.030864
0 0.107115 0.736304 0.017433 0.018132
0 0.132748 0.775560 0.012397 0.027585
0 0.145016 0.793499 0.011105 0.026428
0 0.158703 0.811343 0.009555 0.028549
0 0.104920 0.780864 0.022340 0.014660
0 0.114927 0.787037 0.020661 0.013118
0 0.104985 0.767746 0.020403 0.017747
0 0.104791 0.811343 0.025697 0.019290
0 0.128487 0.841628 0.022986 0.016590
0 0.121642 0.815586 0.013947 0.015433
0 0.100594 0.852141 0.020403 0.014081
0 0.098141 0.862558 0.015495 0.030285
0 0.265754 0.829090 0.025826 0.019291
0 0.233859 0.871239 0.014721 0.023727
0 0.169422 0.868345 0.012397 0.027971
0 0.129907 0.850116 0.024276 0.015818
0 0.110795 0.885706 0.011363 0.039544
0 0.115057 0.904514 0.011106 0.027392
0 0.105501 0.906925 0.009556 0.028742
0 0.127325 0.879051 0.010331 0.034336
0 0.130940 0.918595 0.010848 0.029321
0 0.131973 0.858025 0.016529 0.016204
0 0.134943 0.915509 0.010589 0.033951
0 0.148890 0.915316 0.011105 0.032021
0 0.163482 0.876640 0.008265 0.023727
0 0.170712 0.919560 0.012397 0.031250
0 0.196152 0.873071 0.012139 0.025462
0 0.191180 0.881848 0.011493 0.028742
0 0.196798 0.909433 0.012397 0.029128
0 0.210033 0.933063 0.022081 0.015818
0 0.189502 0.918595 0.010977 0.021605
0 0.239153 0.930266 0.024276 0.021412
0 0.254455 0.928723 0.021049 0.020640
0 0.256714 0.913870 0.010847 0.031057
0 0.258974 0.863908 0.016141 0.019483
0 0.282929 0.913774 0.012138 0.025849
0 0.274536 0.923900 0.008781 0.026428
0 0.263172 0.912037 0.008781 0.026234
0 0.337164 0.834491 0.023502 0.016204
0 0.327221 0.914063 0.012397 0.029129
0 0.356405 0.893518 0.016529 0.014661
0 0.347559 0.920236 0.014075 0.024498
0 0.358406 0.923707 0.012785 0.030671
0 0.397017 0.866899 0.018466 0.013889
0 0.408381 0.921393 0.015883 0.035301
0 0.447250 0.869888 0.026473 0.023341
0 0.471527 0.764468 0.022082 0.020447
0 0.524277 0.838156 0.021178 0.017361
0 0.459840 0.894869 0.017820 0.025077
0 0.449121 0.921007 0.010847 0.028357
0 0.440922 0.917438 0.015367 0.027778
0 0.432916 0.931327 0.021565 0.020834
0 0.471462 0.929881 0.017304 0.023727
0 0.481018 0.918596 0.015238 0.038581
0 0.515689 0.927373 0.013300 0.016397
0 0.675232 0.685571 0.021436 0.017746
0 0.653280 0.738040 0.020919 0.020062
0 0.588197 0.770640 0.018336 0.020447
0 0.471785 0.524498 0.019241 0.018905
0 0.579352 0.433256 0.015883 0.022377
0 0.514527 0.334008 0.017174 0.031443
0 0.561790 0.567902 0.024148 0.017747
0 0.581870 0.544946 0.017562 0.013504
0 0.617640 0.576678 0.016271 0.025656
0 0.487733 0.607061 0.011105 0.025077
0 0.611054 0.395737 0.009814 0.025656
0 0.338326 0.491416 0.016529 0.031828
