0 0.504261 0.198881 0.016787 0.009645
0 0.546617 0.190683 0.012139 0.022184
0 0.581999 0.154610 0.014204 0.027971
0 0.653215 0.207562 0.018466 0.013117
0 0.480953 0.265239 0.017692 0.011188
0 0.497547 0.280478 0.016787 0.015432
0 0.464553 0.309028 0.014334 0.028549
0 0.435047 0.284143 0.006973 0.018904
0 0.427040 0.355903 0.017821 0.010417
0 0.481341 0.385802 0.020016 0.013889
0 0.523308 0.387925 0.018725 0.010417
0 0.550039 0.355710 0.010201 0.008488
0 0.386751 0.426601 0.006974 0.024113
0 0.331547 0.419174 0.018466 0.014274
0 0.291451 0.411265 0.014205 0.011574
0 0.327092 0.462191 0.006974 0.023148
0 0.348205 0.478009 0.013559 0.016204
0 0.357761 0.484085 0.016141 0.023341
0 0.380811 0.484182 0.015237 0.009260
0 0.441697 0.480227 0.017433 0.015625
0 0.294550 0.576581 0.021953 0.014275
0 0.255165 0.536362 0.013947 0.017168
0 0.273760 0.530382 0.013430 0.019869
0 0.289450 0.503858 0.018982 0.012346
0 0.260137 0.439719 0.020274 0.015239
0 0.226756 0.444541 0.015496 0.022570
0 0.230565 0.488136 0.015883 0.015625
0 0.222365 0.652006 0.008265 0.024692
0 0.290806 0.624615 0.020661 0.013117
0 0.295067 0.664737 0.017821 0.012345
0 0.543001 0.572049 0.012655 0.029899
0 0.524470 0.494599 0.013301 0.020834
0 0.475594 0.640432 0.006974 0.027006
0 0.619318 0.434800 0.012397 0.024691
0 0.678978 0.356674 0.016529 0.027392
0 0.243931 0.177662 0.023502 0.010416
0 0.248386 0.110243 0.023114 0.017554
0 0.293905 0.080922 0.016529 0.019869
0 0.229081 0.078029 0.007748 0.025656
0 0.218621 0.097994 0.014205 0.010031
0 0.194215 0.080633 0.011363 0.013118
0 0.188533 0.106578 0.010330 0.029514
0 0.194860 0.142843 0.011621 0.027970
0 0.176782 0.124325 0.006974 0.023341
0 0.271501 0.189429 0.023114 0.016976
0 0.216684 0.202836 0.015496 0.015239
0 0.230889 0.227044 0.018078 0.010417
0 0.231663 0.260416 0.016529 0.010802
0 0.263300 0.279031 0.017821 0.016011
0 0.283058 0.284336 0.007748 0.020833
0 0.174974 0.287230 0.011105 0.022762
0 0.206418 0.310474 0.013042 0.021798
0 0.173553 0.248939 0.008265 0.021798
0 0.178138 0.231867 0.013300 0.018519
0 0.175749 0.220003 0.011106 0.015625
0 0.187564 0.209587 0.017174 0.011382
0 0.172843 0.342786 0.007877 0.024306
0 0.183497 0.340664 0.010072 0.020062
0 0.208419 0.376061 0.008265 0.026041
0 0.178719 0.422261 0.017046 0.014275
0 0.176395 0.437886 0.009814 0.020834
0 0.303913 0.076871 0.007619 0.023341
0 0.332128 0.074267 0.014979 0.021219
0 0.346914 0.070023 0.014592 0.018905
0 0.339230 0.093461 0.015755 0.017940
0 0.326124 0.110918 0.017433 0.015047
0 0.354726 0.147376 0.010072 0.025463
0 0.333419 0.162037 0.010847 0.020833
0 0.315664 0.179977 0.010460 0.022762
0 0.335227 0.210938 0.009814 0.008681
0 0.349367 0.211805 0.015883 0.008487
0 0.366606 0.201196 0.013688 0.020448
0 0.433432 0.074074 0.020016 0.013889
0 0.438146 0.099537 0.011622 0.021605
0 0.455320 0.068384 0.009298 0.026427
0 0.455966 0.097512 0.011622 0.022955
0 0.491735 0.110918 0.020661 0.011960
0 0.528345 0.060282 0.013042 0.016397
0 0.556947 0.061825 0.020403 0.017940
0 0.611118 0.058545 0.010977 0.012924
0 0.658316 0.055748 0.017046 0.017361
0 0.312113 0.883198 0.010073 0.027585
0 0.285834 0.890335 0.016400 0.010995
0 0.285770 0.876061 0.010589 0.023341
0 0.266013 0.885513 0.011363 0.022956
0 0.302492 0.822145 0.017691 0.010030
0 0.381909 0.788966 0.018724 0.010030
0 0.330385 0.770061 0.018724 0.010031
0 0.281120 0.817708 0.014721 0.010417
0 0.263623 0.801794 0.010718 0.018325
0 0.250258 0.810185 0.019628 0.023919
0 0.216813 0.801697 0.015754 0.016975
0 0.258200 0.756269 0.011751 0.021412
0 0.299909 0.731096 0.015109 0.018518
0 0.185498 0.672840 0.018725 0.013117
0 0.184401 0.683353 0.014980 0.017939
0 0.170196 0.615258 0.013430 0.021413
0 0.176588 0.592786 0.015367 0.016590
0 0.175878 0.566262 0.011364 0.017554
0 0.172069 0.536748 0.013042 0.017939
0 0.179623 0.518422 0.013688 0.021412
0 0.194215 0.516879 0.010847 0.029900
0 0.184401 0.499807 0.014980 0.015818
0 0.649406 0.494985 0.010072 0.028549
0 0.663159 0.488619 0.016400 0.027392
0 0.648760 0.465471 0.011363 0.030479
0 0.628939 0.576099 0.009685 0.024885
0 0.569408 0.587577 0.011751 0.017747
0 0.539256 0.692033 0.011364 0.026428
0 0.616477 0.673804 0.019628 0.008874
0 0.650181 0.670910 0.015754 0.014661
0 0.698541 0.554881 0.012009 0.026427
0 0.717588 0.524788 0.015754 0.026042
0 0.724819 0.392554 0.019370 0.018904
0 0.203707 0.718268 0.013817 0.017940
0 0.183562 0.702643 0.020015 0.016397
0 0.180785 0.719329 0.019628 0.018133
0 0.178202 0.734471 0.016013 0.024498
0 0.213585 0.750193 0.016012 0.025848
0 0.222624 0.739777 0.024793 0.021219
0 0.372676 0.708333 0.019112 0.017747
0 0.371320 0.727238 0.020016 0.020062
0 0.399019 0.740162 0.017045 0.018132
0 0.431624 0.716532 0.017950 0.021412
0 0.441955 0.692805 0.016141 0.019097
0 0.429559 0.733796 0.017691 0.016975
0 0.392691 0.803626 0.018337 0.030864
0 0.430592 0.846547 0.016141 0.019097
0 0.468363 0.847415 0.019369 0.022762
0 0.475788 0.797646 0.019241 0.021219
0 0.498838 0.805845 0.014721 0.017554
0 0.510266 0.805555 0.016400 0.014661
0 0.513172 0.801311 0.011363 0.029321
0 0.532412 0.808739 0.010072 0.022955
0 0.540677 0.772570 0.015754 0.015047
0 0.556818 0.771027 0.016013 0.021991
0 0.591813 0.782601 0.020402 0.021219
0 0.623967 0.871239 0.013946 0.031443
0 0.607631 0.878279 0.021307 0.015046
0 0.574122 0.878472 0.016012 0.016976
0 0.532219 0.886670 0.016400 0.014468
0 0.502453 0.892554 0.012655 0.020448
0 0.493092 0.886960 0.014076 0.023920
0 0.483342 0.878279 0.012138 0.023534
0 0.503745 0.893904 0.021952 0.020062
0 0.474303 0.889275 0.015755 0.015432
0 0.455836 0.891493 0.014979 0.016397
0 0.270984 0.832369 0.013300 0.018904
0 0.331547 0.854938 0.017950 0.016204
0 0.370028 0.871914 0.019757 0.017747
0 0.376808 0.886864 0.013946 0.027971
0 0.397856 0.885030 0.010589 0.025463
0 0.405346 0.886767 0.010588 0.030478
0 0.407283 0.876446 0.008264 0.031057
0 0.429946 0.888985 0.014592 0.021412
0 0.429881 0.874518 0.008006 0.026427
0 0.422715 0.890143 0.013043 0.017554
0 0.173360 0.778742 0.013043 0.023534
0 0.186015 0.773245 0.013043 0.021798
0 0.178590 0.757330 0.012655 0.010031
0 0.209969 0.849441 0.013946 0.024884
0 0.223206 0.831694 0.017691 0.021412
0 0.258393 0.882716 0.008007 0.028550
0 0.275439 0.873071 0.010072 0.023920
0 0.188275 0.843943 0.009298 0.021991
0 0.178590 0.851755 0.010072 0.026427
0 0.181302 0.869502 0.007231 0.024884
0 0.196411 0.883102 0.022469 0.015432
0 0.243673 0.881172 0.008006 0.017747
0 0.235666 0.890046 0.016270 0.013889
0 0.218750 0.890432 0.020661 0.011574
0 0.224045 0.891783 0.008006 0.018133
0 0.214101 0.871528 0.009298 0.021605
0 0.186725 0.875000 0.014462 0.017746
0 0.779184 0.653742 0.016529 0.020447
0 0.809595 0.631848 0.018725 0.019097
0 0.818311 0.672261 0.020402 0.020448
0 0.876679 0.700232 0.016271 0.014661
0 0.899794 0.682967 0.010330 0.020254
0 0.868543 0.742284 0.010847 0.023148
0 0.845946 0.761381 0.016787 0.018133
0 0.827221 0.763985 0.011880 0.027971
0 0.869125 0.774691 0.017433 0.016975
0 0.874871 0.560860 0.015754 0.021412
0 0.881263 0.544850 0.011493 0.021412
0 0.947121 0.514950 0.016917 0.020640
0 0.946281 0.550154 0.020661 0.016204
0 0.950930 0.639854 0.011364 0.025077
0 0.950090 0.655961 0.017691 0.026813
0 0.950607 0.671296 0.022857 0.022377
0 0.940922 0.695216 0.017432 0.023148
0 0.957903 0.676312 0.010330 0.013889
0 0.900569 0.651910 0.018595 0.026814
0 0.947831 0.749518 0.015496 0.025656
0 0.962940 0.787134 0.012655 0.032986
0 0.941890 0.768808 0.010847 0.028743
0 0.936338 0.785011 0.011105 0.027199
0 0.909866 0.795429 0.009814 0.019483
0 0.882232 0.824460 0.010847 0.023148
0 0.878810 0.839120 0.017691 0.021605
0 0.851110 0.816840 0.014205 0.017554
0 0.830385 0.801505 0.022082 0.020447
0 0.831289 0.808450 0.017950 0.021219
0 0.742252 0.807484 0.019628 0.021605
0 0.716426 0.838542 0.019112 0.021219
0 0.702092 0.834298 0.012138 0.028164
0 0.691439 0.850598 0.016917 0.019483
0 0.647985 0.855517 0.020145 0.024306
0 0.658897 0.881173 0.018208 0.013888
0 0.658962 0.876543 0.015754 0.010031
0 0.694215 0.878761 0.019112 0.018711
0 0.740186 0.841050 0.015496 0.016203
0 0.731405 0.873264 0.017046 0.021991
0 0.756779 0.861304 0.014592 0.012732
0 0.758265 0.880015 0.015495 0.016204
0 0.779119 0.863522 0.010718 0.019869
0 0.783252 0.869888 0.012267 0.026428
0 0.792937 0.865741 0.014076 0.015432
0 0.801459 0.869406 0.020790 0.018132
0 0.805785 0.873939 0.014463 0.012925
0 0.820894 0.876157 0.017304 0.013117
0 0.855049 0.875771 0.022598 0.018519
0 0.842523 0.857446 0.022340 0.015046
0 0.893789 0.858989 0.013817 0.025849
0 0.901860 0.861401 0.012397 0.024885
0 0.915934 0.856289 0.010589 0.025849
0 0.920971 0.861015 0.011880 0.023341
0 0.933884 0.857542 0.006198 0.017939
0 0.937629 0.858989 0.008006 0.023534
0 0.939308 0.850116 0.009814 0.029706
0 0.953448 0.851466 0.010976 0.018518
0 0.937371 0.817998 0.009039 0.025270
0 0.736828 0.156636 0.018595 0.016204
0 0.774600 0.139854 0.014334 0.020448
0 0.767368 0.231578 0.011493 0.025270
0 0.851304 0.256269 0.014333 0.014082
0 0.856793 0.247878 0.020919 0.012732
0 0.883910 0.236882 0.018854 0.017747
0 0.929817 0.243441 0.012784 0.028550
0 0.939824 0.281926 0.019112 0.023341
0 0.876550 0.294464 0.013429 0.030286
0 0.879907 0.379244 0.015496 0.023920
0 0.834711 0.293596 0.020144 0.020062
0 0.936854 0.365741 0.012655 0.015432
0 0.947507 0.359761 0.012009 0.025077
0 0.948605 0.393326 0.015495 0.019676
0 0.938211 0.385609 0.017691 0.011189
0 0.942923 0.411073 0.015495 0.027392
0 0.946216 0.419367 0.014591 0.015432
0 0.943956 0.445216 0.016529 0.015432
0 0.934078 0.476563 0.009943 0.026427
0 0.948348 0.472704 0.006715 0.027971
0 0.869512 0.158565 0.022340 0.023920
0 0.893659 0.106289 0.014333 0.018905
0 0.915096 0.133873 0.019499 0.016975
0 0.922392 0.170138 0.016270 0.017747
0 0.934723 0.161941 0.012268 0.017169
0 0.936208 0.138889 0.012913 0.016976
0 0.912706 0.050347 0.012913 0.011188
0 0.920519 0.065201 0.014333 0.015432
0 0.927298 0.092689 0.013172 0.015240
0 0.931753 0.114969 0.016142 0.023919
0 0.907671 0.082658 0.011621 0.025656
