0 0.664515 0.277778 0.019629 0.015432
0 0.702608 0.250579 0.009555 0.026620
0 0.551524 0.157407 0.023502 0.016975
0 0.640819 0.175733 0.018207 0.017362
0 0.762332 0.205922 0.013300 0.022184
0 0.770209 0.178337 0.014592 0.024112
0 0.814695 0.148920 0.011622 0.030864
0 0.828512 0.125482 0.010847 0.030285
0 0.831418 0.090857 0.016658 0.015047
0 0.859117 0.142169 0.010589 0.028935
0 0.851885 0.207658 0.014205 0.036844
0 0.731793 0.134838 0.021953 0.018132
0 0.744060 0.097801 0.008781 0.031250
0 0.706547 0.094715 0.022340 0.015817
0 0.661157 0.144869 0.021178 0.011960
0 0.657606 0.085069 0.015883 0.017361
0 0.621061 0.114005 0.025439 0.018905
0 0.624483 0.085069 0.017562 0.015047
0 0.847495 0.293596 0.010589 0.027006
0 0.830966 0.317805 0.011106 0.029899
0 0.868349 0.317805 0.012267 0.033757
0 0.679494 0.036652 0.013429 0.024691
0 0.666193 0.040413 0.010072 0.028356
0 0.650503 0.065200 0.017433 0.012345
0 0.633329 0.034240 0.016658 0.019869
0 0.638042 0.065683 0.018853 0.019868
0 0.603823 0.035494 0.019112 0.023920
0 0.590522 0.040991 0.011622 0.020255
0 0.584582 0.030478 0.019370 0.021605
0 0.774406 0.041185 0.020402 0.006752
0 0.802427 0.039931 0.018078 0.015818
0 0.809659 0.034529 0.017562 0.018905
0 0.847107 0.034336 0.019629 0.014661
0 0.853693 0.065490 0.013688 0.018326
0 0.863120 0.104745 0.022211 0.014275
0 0.876421 0.043403 0.020403 0.017361
0 0.908897 0.055941 0.011492 0.027006
0 0.906315 0.086130 0.018983 0.021026
0 0.912448 0.122878 0.007231 0.017362
0 0.927169 0.114969 0.019111 0.015432
0 0.930527 0.134163 0.011880 0.016782
0 0.916645 0.159722 0.018983 0.012346
0 0.936403 0.131365 0.009427 0.017361
0 0.895403 0.196952 0.015496 0.015818
0 0.887720 0.220871 0.018983 0.017361
0 0.934401 0.178916 0.012396 0.012924
0 0.779055 0.343460 0.010072 0.034915
0 0.925427 0.221837 0.009685 0.027006
0 0.933820 0.211612 0.010976 0.021219
0 0.912707 0.218172 0.023244 0.017361
0 0.927040 0.229745 0.020403 0.015818
0 0.928397 0.244599 0.017691 0.014660
0 0.927105 0.260996 0.023890 0.018133
0 0.930979 0.283469 0.018724 0.018325
0 0.930527 0.322048 0.017562 0.020641
0 0.939308 0.336709 0.011364 0.036073
0 0.788740 0.456597 0.011363 0.028935
0 0.849690 0.577450 0.019111 0.031829
0 0.805527 0.634067 0.014463 0.030478
0 0.873322 0.553144 0.012655 0.033758
0 0.900052 0.384549 0.016529 0.018325
0 0.927815 0.376447 0.019886 0.014853
0 0.938017 0.378279 0.012913 0.015046
0 0.918711 0.406250 0.024147 0.016976
0 0.932011 0.422454 0.019757 0.024692
0 0.938792 0.412327 0.010847 0.035301
0 0.928332 0.478009 0.017821 0.014661
0 0.932593 0.499807 0.019628 0.013503
0 0.928009 0.509452 0.022598 0.015818
0 0.832386 0.699267 0.022211 0.013504
0 0.755424 0.694734 0.009814 0.026428
0 0.873451 0.702932 0.022727 0.018518
0 0.868156 0.647087 0.016788 0.018325
0 0.887526 0.652103 0.010072 0.030285
0 0.935821 0.626543 0.015754 0.026234
0 0.939953 0.680845 0.011621 0.022183
0 0.936984 0.717110 0.019629 0.027971
0 0.912577 0.734182 0.020919 0.015432
0 0.923554 0.747492 0.022211 0.018904
0 0.934789 0.601466 0.020403 0.020062
0 0.933497 0.587867 0.017820 0.026042
0 0.932464 0.558353 0.018853 0.024113
0 0.930139 0.527778 0.016787 0.015432
0 0.935692 0.528646 0.019112 0.014853
0 0.837422 0.799190 0.011105 0.029706
0 0.818440 0.811921 0.011880 0.025848
0 0.823348 0.857349 0.010847 0.033757
0 0.799070 0.856095 0.007748 0.028549
0 0.797908 0.876640 0.016787 0.016011
0 0.762913 0.866127 0.018078 0.030865
0 0.731018 0.862847 0.013688 0.034336
0 0.865832 0.823784 0.015754 0.023727
0 0.895597 0.841050 0.018724 0.020833
0 0.938017 0.811439 0.010331 0.029128
0 0.932658 0.825135 0.020532 0.024112
0 0.914127 0.854745 0.016788 0.013503
0 0.926782 0.839120 0.011622 0.033179
0 0.921100 0.866898 0.019370 0.018518
0 0.934272 0.847415 0.017821 0.018132
0 0.695248 0.863041 0.012914 0.033179
0 0.680397 0.868634 0.024535 0.018133
0 0.653086 0.863136 0.014334 0.023727
0 0.596074 0.867284 0.009814 0.023148
0 0.567471 0.866512 0.013817 0.020834
0 0.531315 0.880305 0.019499 0.016397
0 0.519499 0.866802 0.017820 0.031828
0 0.499613 0.854456 0.011622 0.035687
0 0.487539 0.874035 0.021307 0.015817
0 0.475206 0.839313 0.020661 0.019676
0 0.451252 0.848573 0.017174 0.027392
0 0.451704 0.816647 0.012913 0.027971
0 0.407025 0.872396 0.016529 0.022184
0 0.376679 0.858700 0.013688 0.034143
0 0.439631 0.729359 0.024406 0.017361
0 0.496772 0.708719 0.014721 0.033179
0 0.486312 0.660301 0.016529 0.016590
0 0.365961 0.750675 0.008781 0.026813
0 0.277828 0.775945 0.016142 0.014467
0 0.342459 0.590567 0.011363 0.022955
0 0.197055 0.681520 0.014979 0.038195
0 0.190728 0.715085 0.012139 0.023534
0 0.241283 0.787037 0.017691 0.015432
0 0.331547 0.823302 0.011234 0.032408
0 0.352789 0.859375 0.010847 0.028936
0 0.332580 0.858314 0.013300 0.029514
0 0.304882 0.841531 0.008523 0.029899
0 0.309853 0.866995 0.017950 0.016011
0 0.304558 0.862172 0.012526 0.033372
0 0.289257 0.858314 0.012913 0.031829
0 0.289191 0.830536 0.015367 0.025656
0 0.319990 0.567130 0.011880 0.030865
0 0.305850 0.533950 0.014334 0.020061
0 0.145273 0.665799 0.010589 0.026813
0 0.175491 0.684510 0.011622 0.020255
0 0.155733 0.722318 0.011881 0.024113
0 0.154120 0.748939 0.015883 0.025656
0 0.143466 0.725309 0.012138 0.032408
0 0.170712 0.643615 0.010847 0.024884
0 0.152828 0.639371 0.020532 0.018711
0 0.148373 0.615452 0.009039 0.027199
0 0.179429 0.608507 0.013301 0.023726
0 0.167355 0.606964 0.010847 0.032215
0 0.173554 0.583141 0.019628 0.018133
0 0.148890 0.576099 0.011622 0.024885
0 0.221849 0.398052 0.013946 0.037616
0 0.190147 0.437693 0.020274 0.018132
0 0.162061 0.545332 0.010589 0.015818
0 0.145790 0.555073 0.011622 0.022184
0 0.149019 0.539931 0.011880 0.021991
0 0.148115 0.519869 0.009040 0.018904
0 0.149664 0.517554 0.014205 0.022763
0 0.171488 0.506366 0.008781 0.021219
0 0.158381 0.484664 0.012525 0.031829
0 0.149277 0.471354 0.010848 0.029900
0 0.169744 0.474537 0.010977 0.030864
0 0.163417 0.446952 0.016400 0.003471
0 0.183884 0.384838 0.010330 0.026620
0 0.482567 0.187692 0.021952 0.013503
0 0.472947 0.158951 0.018982 0.019290
0 0.431689 0.093750 0.015237 0.010802
0 0.476110 0.080247 0.024535 0.016204
0 0.484762 0.061246 0.007231 0.016782
0 0.537707 0.078318 0.027892 0.018518
0 0.538287 0.048418 0.020015 0.016590
0 0.541516 0.032214 0.023890 0.018905
0 0.523373 0.031636 0.015238 0.011574
0 0.504907 0.029128 0.019628 0.014274
0 0.442923 0.069637 0.017046 0.018133
0 0.436080 0.050347 0.016787 0.012732
0 0.428073 0.038387 0.010589 0.021219
0 0.352467 0.194638 0.025181 0.017361
0 0.315664 0.161362 0.016142 0.016397
0 0.351305 0.119791 0.025439 0.021991
0 0.329675 0.118441 0.017821 0.023149
0 0.250258 0.191551 0.019112 0.017361
0 0.235925 0.144001 0.018337 0.027971
0 0.322121 0.263696 0.008393 0.019676
0 0.258845 0.288388 0.001163 0.026620
0 0.246255 0.289641 0.011622 0.024113
0 0.207967 0.300540 0.017691 0.019290
0 0.186919 0.272280 0.008135 0.026042
0 0.210938 0.248071 0.020016 0.016204
0 0.204158 0.252218 0.014204 0.029514
0 0.239347 0.344232 0.022598 0.025656
0 0.213327 0.343172 0.012913 0.025077
0 0.201253 0.399112 0.013559 0.036651
0 0.200026 0.371432 0.016271 0.039545
0 0.155346 0.296103 0.013172 0.027392
0 0.181302 0.230517 0.013430 0.038966
0 0.168969 0.206597 0.029055 0.016590
0 0.248192 0.099537 0.025827 0.018518
0 0.170002 0.398341 0.018724 0.013504
0 0.160576 0.420428 0.018466 0.022184
0 0.154442 0.420621 0.018595 0.022570
0 0.161351 0.400463 0.018466 0.019290
0 0.154830 0.400366 0.018337 0.024499
0 0.160899 0.349730 0.019112 0.010416
0 0.167872 0.380980 0.014980 0.013503
0 0.165225 0.375000 0.020016 0.014660
0 0.159414 0.364004 0.018724 0.017361
0 0.344073 0.040220 0.008393 0.027971
0 0.335227 0.041377 0.009814 0.027971
0 0.327738 0.040510 0.011363 0.028549
0 0.321862 0.038484 0.010718 0.024498
0 0.299329 0.059992 0.018078 0.015046
0 0.302944 0.029032 0.000516 0.018711
0 0.291000 0.031443 0.015108 0.019676
0 0.281444 0.023920 0.018725 0.016204
0 0.252389 0.028164 0.012267 0.011574
0 0.238830 0.024595 0.015108 0.014467
0 0.239411 0.051698 0.014462 0.008487
0 0.232438 0.051023 0.011363 0.018711
0 0.224496 0.103106 0.017175 0.018712
0 0.220170 0.108604 0.013688 0.032021
0 0.219267 0.058835 0.009297 0.025077
0 0.214618 0.044174 0.010331 0.033565
0 0.200930 0.042535 0.010847 0.031057
0 0.190987 0.052951 0.005940 0.019483
0 0.175297 0.060860 0.011234 0.021026
0 0.166193 0.066551 0.008523 0.025849
0 0.175814 0.082948 0.010202 0.026235
0 0.191568 0.120178 0.014850 0.011960
0 0.188662 0.102238 0.010072 0.030093
0 0.183303 0.129726 0.012784 0.019483
0 0.163998 0.115837 0.016529 0.019869
0 0.161609 0.135609 0.013300 0.012731
0 0.181366 0.145062 0.018208 0.011574
0 0.178203 0.160880 0.019112 0.012345
0 0.159608 0.152392 0.012913 0.021604
0 0.164579 0.189429 0.017175 0.011574
0 0.165935 0.177758 0.016271 0.019097
0 0.155798 0.178819 0.012010 0.021219
0 0.164449 0.786651 0.017433 0.013118
0 0.152054 0.784818 0.017949 0.022184
0 0.178332 0.791956 0.009039 0.031057
0 0.193182 0.803627 0.016012 0.015433
0 0.205062 0.810185 0.010330 0.027006
0 0.184659 0.813464 0.012914 0.028164
0 0.171746 0.805170 0.012913 0.018518
0 0.219460 0.809896 0.008652 0.026042
0 0.150956 0.826485 0.010589 0.022956
0 0.147081 0.831790 0.011105 0.028550
0 0.172843 0.839892 0.023373 0.016204
0 0.155346 0.832948 0.012138 0.022377
0 0.160770 0.844907 0.016271 0.011574
0 0.162707 0.857446 0.014980 0.015046
0 0.188340 0.841436 0.018207 0.013889
0 0.192407 0.847705 0.016013 0.016782
0 0.212810 0.840953 0.011880 0.024884
0 0.220946 0.857446 0.009039 0.027392
0 0.205320 0.863812 0.017562 0.015432
0 0.185498 0.866706 0.014592 0.017361
0 0.265560 0.835745 0.009427 0.017554
0 0.273373 0.854939 0.014205 0.013117
0 0.267368 0.843171 0.009426 0.021219
0 0.263946 0.851852 0.013946 0.026235
0 0.264140 0.858507 0.007878 0.027585
0 0.268337 0.861593 0.011364 0.025270
0 0.240057 0.868055 0.013172 0.020062
0 0.236700 0.864005 0.013171 0.018904
0 0.248967 0.859568 0.010847 0.023148
