0 0.227531 0.907407 0.239153 0.912423 0.252324 0.834105
0 0.219525 0.859568 0.228822 0.872299 0.251033 0.825231
0 0.194215 0.82716 0.185692 0.841821 0.221591 0.876157
0 0.211002 0.846065 0.1875 0.909336 0.177169 0.898534
0 0.192924 0.871142 0.216942 0.912423 0.22624 0.899691
0 0.216942 0.775463 0.199897 0.823302 0.194215 0.813657
0 0.1875 0.753086 0.182335 0.804012 0.194215 0.805941
0 0.191632 0.725694 0.204545 0.725694 0.196023 0.77662
0 0.163998 0.802083 0.171229 0.787423 0.20532 0.829475
0 0.175103 0.837191 0.175878 0.909336 0.164773 0.905478
0 0.164773 0.85841 0.156767 0.904321 0.147727 0.897762
0 0.158058 0.856481 0.145661 0.910494 0.138688 0.90162
0 0.169938 0.796296 0.168647 0.866512 0.156767 0.860725
0 0.16219 0.788194 0.158833 0.851852 0.149793 0.842978
0 0.146436 0.852623 0.138688 0.908565 0.128099 0.897762
0 0.120351 0.846065 0.120351 0.900463 0.130682 0.899691
0 0.111829 0.841049 0.124225 0.894676 0.112345 0.896605
0 0.155475 0.810571 0.134556 0.851852 0.126808 0.841049
0 0.145145 0.815586 0.104597 0.841821 0.11312 0.857639
0 0.156767 0.839892 0.125517 0.878086 0.121643 0.867284
0 0.106663 0.805941 0.109762 0.825231 0.149019 0.802855
0 0.146952 0.795139 0.107955 0.788194 0.110537 0.772762
0 0.113636 0.747299 0.108471 0.763889 0.146952 0.795139
0 0.114928 0.717978 0.128874 0.717978 0.128874 0.777392
0 0.118285 0.688657 0.112345 0.701389 0.143853 0.747299
0 0.142562 0.690586 0.154959 0.692515 0.143853 0.747299
0 0.147727 0.655478 0.159607 0.662423 0.134039 0.712191
0 0.112345 0.669367 0.111829 0.685957 0.160899 0.675926
0 0.164773 0.695602 0.119576 0.684799 0.122934 0.669367
0 0.113636 0.643904 0.108471 0.662423 0.160899 0.675926
0 0.127324 0.636188 0.122934 0.653549 0.167355 0.671296
0 0.134039 0.624228 0.127324 0.636188 0.164773 0.665123
0 0.113636 0.598765 0.124742 0.598765 0.117769 0.661265
0 0.164773 0.635031 0.122159 0.583333 0.114928 0.606867
0 0.175878 0.633873 0.184917 0.626157 0.201188 0.667438
0 0.213843 0.684799 0.203254 0.694444 0.184401 0.643904
0 0.180269 0.687886 0.192149 0.669367 0.222107 0.727623
0 0.215134 0.645833 0.175878 0.625386 0.18311 0.608796
0 0.22624 0.619599 0.227531 0.640046 0.258781 0.628086
0 0.253616 0.608796 0.21436 0.614583 0.215134 0.597994
0 0.197314 0.559028 0.177686 0.606867 0.169163 0.596836
0 0.111054 0.564815 0.11906 0.550154 0.149793 0.603009
0 0.288998 0.564815 0.290289 0.585262 0.241219 0.575617
0 0.282283 0.545139 0.244576 0.566744 0.240444 0.550154
0 0.3125 0.68287 0.254907 0.68287 0.256973 0.659336
0 0.246384 0.688657 0.234762 0.750386 0.225465 0.743441
0 0.275052 0.775463 0.228822 0.766975 0.232696 0.746142
0 0.247676 0.704475 0.239153 0.717978 0.268079 0.753086
0 0.244576 0.671296 0.253616 0.721065 0.263946 0.712963
0 0.269886 0.706404 0.281767 0.69946 0.288998 0.766975
0 0.324122 0.723765 0.2797 0.712963 0.28564 0.693673
0 0.379649 0.696373 0.389463 0.684799 0.359504 0.645833
0 0.34375 0.760802 0.301911 0.760802 0.304494 0.741512
0 0.31689 0.822531 0.324897 0.762731 0.313791 0.76196
0 0.321539 0.806713 0.315599 0.829475 0.362087 0.850694
0 0.358729 0.749228 0.33781 0.804012 0.325413 0.790123
0 0.31844 0.867284 0.313791 0.887731 0.266012 0.862654
0 0.249742 0.873071 0.292872 0.905478 0.300103 0.883102
0 0.315599 0.903549 0.311209 0.92091 0.27376 0.88696
0 0.31844 0.85571 0.322314 0.920139 0.333936 0.91821
0 0.326188 0.869213 0.353564 0.922068 0.363378 0.90625
0 0.347624 0.859568 0.366736 0.922068 0.373967 0.913194
0 0.367252 0.863426 0.373967 0.92284 0.385589 0.917052
0 0.439824 0.87037 0.394112 0.877315 0.392304 0.85841
0 0.397469 0.878086 0.360795 0.868441 0.364153 0.857639
0 0.436725 0.888889 0.403926 0.918981 0.397986 0.903549
0 0.393595 0.923997 0.408574 0.915123 0.384298 0.869213
0 0.479855 0.880015 0.502066 0.929012 0.512397 0.920139
0 0.51188 0.831404 0.511105 0.851852 0.467975 0.837191
0 0.455579 0.765818 0.453512 0.785494 0.411674 0.766975
0 0.466684 0.695602 0.43001 0.740355 0.424329 0.725694
0 0.394112 0.723765 0.38249 0.788194 0.369835 0.781636
0 0.385072 0.712963 0.394112 0.723765 0.365961 0.770833
0 0.409091 0.823302 0.44189 0.785494 0.433368 0.772762
0 0.428202 0.819444 0.390754 0.83912 0.38688 0.823302
0 0.356921 0.832176 0.356921 0.854552 0.408574 0.836034
0 0.160899 0.574074 0.124225 0.532407 0.11906 0.550154
0 0.133264 0.574074 0.109762 0.545139 0.116219 0.533179
0 0.136622 0.486497 0.118285 0.540123 0.109762 0.526235
0 0.131457 0.464892 0.139979 0.455247 0.151085 0.512731
0 0.19344 0.501929 0.172521 0.560571 0.165289 0.549769
0 0.241736 0.51659 0.215134 0.578318 0.206612 0.564429
0 0.218233 0.46875 0.232696 0.471836 0.215651 0.538966
0 0.283574 0.509645 0.251033 0.534336 0.246384 0.519676
0 0.31689 0.443287 0.284866 0.466049 0.2797 0.45216
0 0.323605 0.448302 0.3125 0.455247 0.332128 0.5
0 0.319731 0.535108 0.317665 0.552855 0.275826 0.540123
0 0.336002 0.545139 0.321539 0.550926 0.342459 0.607639
0 0.383006 0.507716 0.381715 0.528549 0.43001 0.520448
0 0.431302 0.461034 0.422262 0.475694 0.397986 0.424769
0 0.479855 0.461034 0.458936 0.522377 0.45093 0.510802
0 0.470558 0.555556 0.467975 0.572145 0.503357 0.580247
0 0.400568 0.322531 0.411157 0.332176 0.381198 0.373071
0 0.34375 0.347608 0.354339 0.357639 0.332128 0.38696
0 0.305785 0.322531 0.31844 0.332176 0.291581 0.383873
0 0.262655 0.36034 0.274535 0.366512 0.253616 0.423997
0 0.248967 0.4375 0.24251 0.459105 0.200671 0.410108
0 0.217717 0.380787 0.228048 0.388889 0.206612 0.438657
0 0.188275 0.429784 0.20532 0.489198 0.194731 0.494213
0 0.166064 0.400463 0.177686 0.398534 0.175103 0.466049
0 0.190857 0.425926 0.165289 0.363426 0.154959 0.374228
0 0.210486 0.342978 0.220816 0.335262 0.233988 0.394676
0 0.196023 0.319444 0.199897 0.375 0.189566 0.374228
0 0.163998 0.328318 0.18311 0.390818 0.194731 0.378858
0 0.171229 0.277392 0.18311 0.279321 0.176395 0.341821
0 0.175103 0.308642 0.122934 0.29784 0.124742 0.278549
0 0.24251 0.273534 0.25439 0.273534 0.245093 0.330247
0 0.293388 0.279321 0.301911 0.295139 0.262655 0.323302
0 0.290806 0.251157 0.292872 0.26659 0.252324 0.265818
0 0.188275 0.234568 0.1875 0.251929 0.228822 0.254244
0 0.224174 0.209105 0.224948 0.253086 0.233471 0.254244
0 0.160899 0.267747 0.126033 0.255015 0.12939 0.243441
0 0.15031 0.284336 0.128874 0.256944 0.135331 0.24537
0 0.168647 0.336034 0.134556 0.365355 0.12939 0.345679
0 0.126033 0.346836 0.114928 0.356481 0.139979 0.403549
0 0.166064 0.411265 0.117769 0.416281 0.117769 0.396605
0 0.116994 0.431713 0.120351 0.445216 0.160899 0.422068
0 0.155475 0.461034 0.114928 0.451389 0.116994 0.431713
0 0.11906 0.330247 0.126033 0.346836 0.151085 0.308642
0 0.122934 0.3125 0.130682 0.298997 0.153667 0.344907
0 0.235279 0.232253 0.22624 0.223765 0.25155 0.17284
0 0.226756 0.180556 0.23657 0.193287 0.20532 0.228395
0 0.221591 0.182485 0.178461 0.228395 0.173812 0.209105
0 0.216942 0.135802 0.226756 0.180556 0.239928 0.17091
0 0.258264 0.123071 0.251033 0.13966 0.219525 0.099537
0 0.192924 0.097608 0.20532 0.09375 0.212552 0.162037
0 0.186209 0.138503 0.175878 0.082176 0.165289 0.084877
0 0.178461 0.171682 0.172521 0.114198 0.163998 0.121142
0 0.172004 0.100694 0.163998 0.107253 0.1875 0.145448
0 0.153667 0.106481 0.163481 0.095679 0.177686 0.150463
0 0.154959 0.111497 0.166064 0.117284 0.145661 0.165895
0 0.148244 0.13966 0.131457 0.189429 0.12345 0.176698
0 0.122159 0.184414 0.131973 0.17284 0.146952 0.246142
0 0.152893 0.173997 0.151085 0.232253 0.139205 0.227623
0 0.175878 0.1875 0.153667 0.246914 0.142562 0.232253
0 0.120868 0.207948 0.136622 0.199074 0.143079 0.268519
0 0.126808 0.111497 0.135847 0.103395 0.145661 0.165895
0 0.154959 0.157022 0.130165 0.106481 0.139205 0.100694
0 0.137138 0.086806 0.127583 0.096836 0.158058 0.13966
0 0.16968 0.067901 0.133264 0.091435 0.131973 0.076775
0 0.196023 0.126929 0.19938 0.061728 0.188275 0.061728
0 0.18595 0.019676 0.195764 0.019676 0.202221 0.070216
0 0.258264 0.003086 0.270661 0.008873 0.252841 0.0625
0 0.247159 0.072145 0.239928 0.011574 0.230114 0.015818
0 0.25155 0.053627 0.216942 0.01659 0.224174 0.006944
0 0.233471 0.084877 0.226756 0.017747 0.216426 0.023534
0 0.205837 0.020448 0.2203 0.012731 0.232696 0.068287
0 0.195506 0.013889 0.205837 0.003858 0.227531 0.061728
0 0.219525 0.076003 0.207903 0.015818 0.196798 0.019676
0 0.179752 0.005787 0.167872 0.015818 0.202738 0.078318
0 0.167355 0.015432 0.15625 0.002701 0.137913 0.062114
0 0.15625 0.073302 0.160899 0.054784 0.20532 0.09375
0 0.153926 0.066744 0.142045 0.055941 0.172262 0.01196
0 0.293388 0.011574 0.304494 0.019676 0.283058 0.07716
0 0.28564 0.042824 0.29468 0.029321 0.314308 0.089892
0 0.340651 0.029321 0.338585 0.006944 0.293388 0.021605
0 0.31844 0.105324 0.316374 0.126929 0.27376 0.107253
0 0.372676 0.080247 0.375775 0.095679 0.332645 0.097608
0 0.331353 0.123071 0.341942 0.128858 0.31844 0.181713
0 0.369835 0.144676 0.330062 0.173997 0.326705 0.15625
0 0.374483 0.167052 0.377841 0.182485 0.336519 0.189429
0 0.412448 0.185571 0.422779 0.177855 0.390754 0.133873
0 0.426911 0.143519 0.46281 0.174769 0.46875 0.155093
0 0.489669 0.173997 0.496126 0.192515 0.455579 0.20409
0 0.445248 0.119985 0.449122 0.102623 0.403409 0.095679
0 0.434659 0.024306 0.443182 0.015818 0.463326 0.066358
0 0.426136 0.047068 0.389463 0.019676 0.397469 0.005015
0 0.38249 0.008873 0.373192 0.015818 0.405217 0.068287
0 0.365444 0.007716 0.356921 0.013889 0.381198 0.0625
0 0.348915 0.010802 0.36157 0.006944 0.365961 0.066358
0 0.517562 0.068287 0.527376 0.071373 0.51188 0.126929
0 0.135072 0.046296 0.13843 0.061728 0.174587 0.032407
0 0.508781 0.016204 0.516271 0.02392 0.486829 0.061343
0 0.520661 0.018519 0.523244 0.033179 0.484246 0.045139
0 0.527893 0.01929 0.5328 0.028935 0.504132 0.061343
0 0.518079 0.053627 0.524277 0.042052 0.549845 0.092207
0 0.542097 0.029707 0.541581 0.041667 0.573605 0.043981
0 0.537707 0.018904 0.529184 0.02392 0.553719 0.0625
0 0.572572 0.095293 0.564824 0.104167 0.544163 0.051312
0 0.566116 0.033179 0.576446 0.027778 0.579287 0.061343 0.576705 0.09375 0.573864 0.056713
0 0.572056 0.070602 0.57438 0.059799 0.584969 0.070602 0.604339 0.07446 0.587293 0.077546
0 0.611829 0.069444 0.621384 0.067515 0.618027 0.117284
0 0.595041 0.13966 0.593492 0.151235 0.557851 0.13966
0 0.587293 0.154321 0.588326 0.167824 0.627583 0.153164
0 0.644112 0.123457 0.643079 0.137731 0.606147 0.123457
0 0.69499 0.074074 0.706353 0.07716 0.692407 0.140818
0 0.673295 0.051312 0.664773 0.058642 0.686467 0.097222
0 0.661674 0.024306 0.670971 0.030478 0.644628 0.078704
0 0.654959 0.03588 0.656508 0.050926 0.616994 0.05517
0 0.676395 0.021605 0.670196 0.036265 0.712293 0.064815
0 0.687242 0.060957 0.665289 0.034336 0.670713 0.026235
0 0.7172 0.02392 0.711777 0.03588 0.744318 0.0625
0 0.75439 0.119213 0.735537 0.157022 0.728048 0.147377
0 0.750775 0.053627 0.755682 0.041667 0.78125 0.070602
0 0.785382 0.048225 0.795196 0.055556 0.770919 0.10841
0 0.790548 0.028935 0.79313 0.041281 0.750517 0.04591
0 0.752066 0.08179 0.787448 0.042438 0.781508 0.030093
0 0.803461 0.084491 0.776085 0.040509 0.784607 0.029321
0 0.800362 0.03588 0.791581 0.041281 0.8125 0.089892
0 0.840909 0.066744 0.83781 0.052083 0.801395 0.084491
0 0.85124 0.037423 0.845041 0.052855 0.885589 0.06983
0 0.821281 0.087191 0.833678 0.10108 0.79907 0.143133
0 0.796229 0.09838 0.808884 0.096451 0.808368 0.164352
0 0.799587 0.117284 0.802428 0.131944 0.764205 0.141204
0 0.759039 0.136574 0.75155 0.150463 0.783833 0.179398
0 0.783833 0.150463 0.796488 0.145833 0.799845 0.208719
0 0.824638 0.173611 0.822056 0.189043 0.856663 0.188657
0 0.866219 0.162809 0.86906 0.176312 0.824897 0.191744
0 0.859246 0.112269 0.868802 0.113426 0.859246 0.158951
0 0.894112 0.101852 0.891787 0.115355 0.85563 0.089892
0 0.921746 0.044367 0.933884 0.04321 0.931302 0.10108
0 0.945764 0.068673 0.947056 0.082176 0.901601 0.088735
0 0.912448 0.048997 0.921746 0.044367 0.929236 0.094907
0 0.955579 0.085262 0.946539 0.072917 0.924329 0.131944
0 0.889205 0.044367 0.89876 0.041667 0.9078 0.096065
0 0.849174 0.082176 0.890496 0.045139 0.893595 0.058642
0 0.87345 0.081404 0.910124 0.076389 0.905475 0.063657
0 0.860795 0.083333 0.89437 0.070602 0.889463 0.058642
0 0.920713 0.090278 0.889721 0.053627 0.897727 0.044753
0 0.902893 0.130401 0.901343 0.146605 0.861312 0.123843
0 0.929236 0.143904 0.928977 0.126543 0.876808 0.13696
0 0.923037 0.174769 0.932593 0.162809 0.891787 0.118827
0 0.905733 0.150463 0.90186 0.163194 0.934401 0.179398
0 0.88249 0.142747 0.893853 0.147762 0.882748 0.209491
0 0.951963 0.109568 0.940857 0.102623 0.928977 0.16821
0 0.958161 0.119213 0.946798 0.112269 0.933626 0.16821
0 0.950155 0.154321 0.959452 0.160494 0.936983 0.212191
0 0.950413 0.219136 0.942665 0.172068 0.953512 0.169753
0 0.885072 0.15162 0.932335 0.191744 0.92562 0.204861
0 0.913223 0.237269 0.932335 0.191744 0.922521 0.184028
0 0.875258 0.187886 0.884556 0.191744 0.873192 0.238426
0 0.856147 0.204861 0.875258 0.251543 0.864153 0.259259
0 0.8422 0.241127 0.816116 0.218364 0.823605 0.207948
0 0.83032 0.238812 0.840909 0.240741 0.83032 0.290895
0 0.858729 0.252315 0.859762 0.305556 0.850465 0.304784
0 0.816116 0.252701 0.796488 0.283951 0.803977 0.292824
0 0.768337 0.188272 0.749742 0.238426 0.741219 0.227238
0 0.930785 0.252701 0.940857 0.310571 0.930269 0.312886
0 0.950155 0.324846 0.95687 0.318287 0.930785 0.266204
0 0.910382 0.30054 0.951188 0.348765 0.957903 0.333333
0 0.922521 0.32716 0.951188 0.372299 0.943698 0.377315
0 0.959452 0.349537 0.95532 0.336034 0.92407 0.357253
0 0.955579 0.372299 0.955579 0.359568 0.922262 0.359568
0 0.86906 0.314815 0.894628 0.36767 0.884556 0.375
0 0.840393 0.32716 0.832903 0.338349 0.809917 0.300926
0 0.792872 0.310571 0.788998 0.324846 0.753874 0.292824
0 0.729339 0.290509 0.738636 0.293981 0.72469 0.341049
0 0.776085 0.339506 0.783574 0.354938 0.740444 0.383873
0 0.801653 0.356096 0.808884 0.36767 0.775052 0.392747
0 0.815599 0.332176 0.808884 0.346451 0.838843 0.371528
0 0.871901 0.336034 0.857955 0.37037 0.850207 0.361111
0 0.729339 0.219522 0.724174 0.270833 0.713326 0.264275
0 0.718492 0.182485 0.706612 0.18017 0.709452 0.241127
0 0.705062 0.279707 0.716684 0.341821 0.696798 0.289352
0 0.951446 0.419753 0.958161 0.413966 0.935692 0.366127
0 0.938275 0.394676 0.927428 0.390818 0.920971 0.468364
0 0.951705 0.455633 0.961002 0.448302 0.936209 0.391975
0 0.957386 0.467207 0.951705 0.455633 0.917614 0.487269
0 0.962552 0.487269 0.954029 0.479938 0.941374 0.52662
0 0.93001 0.515046 0.949638 0.473765 0.941374 0.460648
0 0.955579 0.562886 0.961777 0.570602 0.931043 0.614969
0 0.917614 0.53125 0.951446 0.577932 0.955579 0.562886
0 0.892304 0.568673 0.941374 0.55787 0.936209 0.539738
0 0.93311 0.57446 0.93001 0.562886 0.902376 0.588735
0 0.921746 0.584491 0.915031 0.645062 0.904184 0.640046
0 0.889205 0.582562 0.898502 0.591435 0.869835 0.637346
0 0.866736 0.566358 0.877583 0.568287 0.869835 0.637346
0 0.891529 0.48534 0.904959 0.489198 0.887913 0.576775
0 0.895919 0.537809 0.906767 0.542824 0.913481 0.474923
0 0.854081 0.486111 0.848657 0.498843 0.87939 0.534336
0 0.849432 0.501929 0.849432 0.568287 0.83781 0.564429
0 0.827221 0.491898 0.825155 0.509259 0.864153 0.508488
0 0.81095 0.479938 0.821281 0.53588 0.811725 0.537037
0 0.792097 0.559799 0.800362 0.572145 0.817407 0.529321
0 0.802944 0.493056 0.777118 0.519676 0.773502 0.50733
0 0.79907 0.53588 0.765238 0.518904 0.770919 0.504244
0 0.786674 0.555941 0.789256 0.573302 0.747417 0.568673
0 0.806043 0.40625 0.815083 0.415509 0.788223 0.457562
0 0.808626 0.398534 0.776085 0.417438 0.774019 0.401235
0 0.818182 0.371142 0.827221 0.43017 0.837293 0.423611
0 0.871126 0.376543 0.852531 0.429398 0.842975 0.418596
0 0.859504 0.371142 0.885331 0.41088 0.892045 0.400463
0 0.881198 0.412809 0.91064 0.45216 0.916581 0.441358
0 0.873192 0.432099 0.875 0.450231 0.830837 0.444444
0 0.884556 0.443287 0.894112 0.438657 0.878357 0.387346
0 0.875775 0.433642 0.878099 0.491898 0.864928 0.489198
0 0.954804 0.628086 0.959194 0.640818 0.919163 0.662423
0 0.911415 0.650077 0.906767 0.66358 0.866736 0.635802
0 0.881198 0.634259 0.894112 0.697917 0.885072 0.700617
0 0.955579 0.664738 0.954804 0.677083 0.915289 0.677855
0 0.925362 0.664352 0.957645 0.680941 0.955579 0.689429
0 0.956353 0.703704 0.958161 0.686343 0.906767 0.685957
0 0.905217 0.701389 0.948347 0.713735 0.949897 0.697145
0 0.949897 0.728395 0.947831 0.74267 0.909866 0.728395
0 0.897986 0.736111 0.872159 0.689429 0.863636 0.70216
0 0.861054 0.728009 0.871384 0.740741 0.838585 0.785494
0 0.841167 0.710648 0.851498 0.707562 0.836777 0.652778
0 0.842975 0.643519 0.853306 0.638117 0.862345 0.702932
0 0.919163 0.793981 0.917614 0.779707 0.884298 0.798225
0 0.914256 0.76659 0.952221 0.792438 0.955579 0.778164
0 0.95687 0.809028 0.95687 0.825617 0.909607 0.818673
0 0.711002 0.673611 0.721333 0.659336 0.747676 0.712963
0 0.748967 0.698302 0.752583 0.636574 0.742252 0.637346
0 0.760331 0.644676 0.775052 0.70216 0.783833 0.69483
0 0.801136 0.728009 0.760847 0.75463 0.758523 0.737269
0 0.805785 0.735725 0.797262 0.724151 0.772469 0.777778
0 0.797779 0.80054 0.808368 0.813657 0.822831 0.756559
0 0.798037 0.846065 0.75439 0.810185 0.760331 0.795525
0 0.813791 0.827932 0.845816 0.869985 0.854081 0.852238
0 0.883523 0.867284 0.888171 0.880787 0.920455 0.849151
0 0.741736 0.814043 0.697831 0.803241 0.700413 0.788194
0 0.704545 0.766975 0.665031 0.78125 0.665031 0.764275
0 0.654184 0.808256 0.653667 0.829861 0.703512 0.81983
0 0.743802 0.826389 0.699638 0.832176 0.697056 0.812114
0 0.614153 0.82446 0.618027 0.844522 0.663223 0.812886
0 0.677944 0.89159 0.684917 0.90625 0.710744 0.859568
0 0.69344 0.88233 0.682851 0.896605 0.649793 0.840664
0 0.710744 0.854552 0.705579 0.872299 0.744835 0.894676
0 0.779959 0.867284 0.774277 0.883102 0.816374 0.894676
0 0.731405 0.898148 0.727789 0.911651 0.674845 0.88233
0 0.667614 0.927469 0.66219 0.916281 0.697831 0.880787
0 0.673812 0.883102 0.644886 0.930556 0.636364 0.918981
0 0.64876 0.877315 0.626291 0.927469 0.618027 0.914738
0 0.593492 0.881559 0.615186 0.930556 0.626291 0.916667
0 0.885847 0.856867 0.88249 0.928627 0.872417 0.924769
0 0.80062 0.918596 0.795713 0.938657 0.747934 0.902778
0 0.610279 0.750386 0.566374 0.782407 0.564308 0.76466
0 0.596591 0.787423 0.56689 0.811728 0.5625 0.798997
0 0.510331 0.71875 0.509814 0.737269 0.551136 0.73804
0 0.540548 0.856096 0.563533 0.924769 0.57593 0.912809
0 0.435692 0.60841 0.45093 0.661651 0.436467 0.668981
0 0.50594 0.661651 0.515238 0.616127 0.504907 0.613426
0 0.569215 0.580633 0.557335 0.59838 0.596333 0.637346
0 0.614669 0.527778 0.609762 0.546682 0.646952 0.555556
0 0.72469 0.497299 0.694215 0.541667 0.686725 0.528935
0 0.696798 0.512731 0.646178 0.5 0.65031 0.482253
0 0.702738 0.477238 0.676395 0.496142 0.670455 0.482253
0 0.629907 0.426698 0.63249 0.444444 0.58936 0.437114
0 0.744835 0.435571 0.705062 0.464506 0.700155 0.44946
0 0.583419 0.186728 0.58187 0.205633 0.54468 0.189429
0 0.672262 0.194059 0.668905 0.207176 0.637913 0.192901
0 0.66813 0.226852 0.631715 0.222608 0.633781 0.206404
0 0.921488 0.846836 0.957386 0.891975 0.947572 0.900463
0 0.950413 0.914738 0.951705 0.899306 0.903667 0.898148