0 0.602273 0.928627 0.608213 0.917438 0.589876 0.912230
0 0.603822 0.934799 0.614669 0.934028 0.609245 0.907215
0 0.622676 0.929398 0.613636 0.929398 0.618156 0.900656
0 0.623709 0.933642 0.615702 0.925540 0.628228 0.907021
0 0.638430 0.893904 0.635072 0.910108 0.651343 0.902585
0 0.662965 0.935185 0.654700 0.924769 0.672392 0.908564
0 0.683626 0.932099 0.675362 0.925540 0.686983 0.907021
0 0.700155 0.936343 0.692407 0.926698 0.707774 0.912037
0 0.760589 0.934028 0.751550 0.930556 0.758007 0.903936
0 0.732696 0.839892 0.735279 0.825231 0.753358 0.838927
0 0.735279 0.825231 0.730114 0.811728 0.744576 0.807292
0 0.660640 0.849151 0.651601 0.833333 0.674716 0.821759
0 0.594008 0.823302 0.593233 0.838349 0.612990 0.830825
0 0.588326 0.867670 0.578254 0.863812 0.585227 0.837963
0 0.530733 0.891975 0.528667 0.876543 0.550878 0.882330
0 0.765754 0.805556 0.763688 0.787423 0.781250 0.794946
0 0.806818 0.835648 0.796488 0.834491 0.801653 0.808063
0 0.814824 0.830633 0.822314 0.843750 0.833290 0.817130
0 0.815341 0.788194 0.803977 0.799769 0.821410 0.819444
0 0.851756 0.776235 0.851756 0.790509 0.833677 0.784915
0 0.876550 0.822917 0.867769 0.819444 0.874871 0.792053
0 0.840393 0.925926 0.832128 0.930941 0.830321 0.902392
0 0.851756 0.933256 0.843492 0.928241 0.854081 0.897377
0 0.879132 0.905093 0.870351 0.907022 0.873451 0.876929
0 0.866994 0.935185 0.877841 0.932099 0.867768 0.897377
0 0.881198 0.929784 0.873967 0.924769 0.882619 0.906829
0 0.903926 0.925154 0.893853 0.924769 0.898890 0.899112
0 0.891271 0.934028 0.881457 0.925154 0.893078 0.908372
0 0.908058 0.929012 0.919421 0.928241 0.913223 0.887924
0 0.933110 0.897762 0.927686 0.910108 0.913482 0.888503
0 0.928202 0.880787 0.934917 0.871914 0.921488 0.855710
0 0.936467 0.829475 0.933884 0.845679 0.914643 0.828704
0 0.924845 0.822531 0.918388 0.811343 0.908058 0.827932
0 0.923812 0.810571 0.920455 0.822531 0.904571 0.805555
0 0.933884 0.806713 0.923037 0.814429 0.921358 0.786266
0 0.896694 0.788194 0.886622 0.784336 0.896436 0.761767
0 0.900568 0.727238 0.900568 0.727238 0.899535 0.749421
0 0.927169 0.722994 0.933884 0.729167 0.922779 0.749229
0 0.930269 0.711806 0.924587 0.728009 0.911544 0.705439
0 0.867510 0.736497 0.853822 0.731481 0.862732 0.703704
0 0.728822 0.682870 0.737603 0.694830 0.722108 0.707561
0 0.724432 0.554012 0.731147 0.562500 0.713456 0.573495
0 0.744318 0.628858 0.743285 0.641590 0.725207 0.635224
0 0.779184 0.552083 0.771178 0.547068 0.780863 0.529899
0 0.823605 0.583719 0.810434 0.590664 0.813921 0.562500
0 0.837293 0.594136 0.846591 0.594907 0.839747 0.621721
0 0.859504 0.567515 0.869835 0.570988 0.862087 0.595679
0 0.865961 0.581019 0.869318 0.566744 0.851110 0.573495
0 0.823605 0.511188 0.837293 0.511960 0.830449 0.540123
0 0.807076 0.466821 0.820248 0.460262 0.817020 0.489969
0 0.790548 0.484182 0.781508 0.478781 0.792613 0.458912
0 0.753357 0.445602 0.760847 0.458333 0.742897 0.463156
0 0.738636 0.492670 0.738636 0.491512 0.722624 0.507330
0 0.710744 0.428627 0.711260 0.445602 0.732438 0.437114
0 0.700930 0.439815 0.713068 0.440586 0.706999 0.465278
0 0.690083 0.444830 0.677686 0.454090 0.689049 0.473765
0 0.881198 0.499228 0.892045 0.504630 0.882360 0.528742
0 0.897727 0.527392 0.885847 0.521605 0.888042 0.555170
0 0.926395 0.557485 0.918388 0.566744 0.911803 0.542439
0 0.927428 0.598380 0.931560 0.580247 0.911028 0.586420
0 0.928719 0.646605 0.934917 0.635031 0.919809 0.626157
0 0.933110 0.661265 0.928719 0.675926 0.916581 0.660108
0 0.871126 0.466049 0.882490 0.473765 0.868802 0.498071
0 0.858988 0.480710 0.849948 0.473765 0.861958 0.457562
0 0.848140 0.490741 0.837293 0.488426 0.842716 0.466436
0 0.850981 0.461034 0.841942 0.472222 0.829674 0.452546
0 0.831612 0.441358 0.832903 0.431327 0.845946 0.436342
0 0.832903 0.437114 0.824122 0.432099 0.833032 0.412423
0 0.828771 0.402392 0.826446 0.417438 0.808755 0.405478
0 0.826963 0.396991 0.833936 0.385031 0.816762 0.376544
0 0.750517 0.378472 0.743802 0.388503 0.756973 0.401427
0 0.739153 0.400463 0.731147 0.413966 0.747676 0.423033
0 0.725981 0.392747 0.717459 0.381944 0.730889 0.374035
0 0.700930 0.379244 0.692924 0.389275 0.686983 0.364970
0 0.868285 0.424383 0.855630 0.427855 0.857954 0.390239
0 0.878357 0.432099 0.887655 0.423611 0.871385 0.395834
0 0.876033 0.388503 0.866994 0.387731 0.871514 0.361304
0 0.926395 0.484182 0.934401 0.490741 0.920971 0.511381
0 0.925878 0.468750 0.931560 0.480710 0.917226 0.489198
0 0.920713 0.478781 0.925878 0.468750 0.913223 0.451582
0 0.920713 0.443287 0.924070 0.460262 0.904700 0.457754
0 0.923037 0.413966 0.916581 0.403935 0.904184 0.424382
0 0.926911 0.382716 0.922262 0.398920 0.903797 0.383488
0 0.925103 0.363040 0.923037 0.378472 0.903538 0.365162
0 0.674070 0.303241 0.671746 0.325231 0.695764 0.314236
0 0.788223 0.351080 0.793905 0.339120 0.772857 0.329283
0 0.795196 0.347608 0.790548 0.330633 0.814566 0.332176
0 0.835744 0.339120 0.826963 0.325231 0.813146 0.346643
0 0.816890 0.313272 0.808884 0.304784 0.818569 0.295525
0 0.793388 0.312500 0.787190 0.305556 0.798812 0.299382
0 0.817407 0.262346 0.825930 0.268904 0.813921 0.278550
0 0.826963 0.241898 0.823605 0.257330 0.807076 0.246142
0 0.855114 0.241127 0.856663 0.256173 0.837293 0.248650
0 0.863636 0.207562 0.865961 0.224923 0.843621 0.222994
0 0.849948 0.210262 0.842459 0.208719 0.849044 0.187692
0 0.751808 0.199074 0.748450 0.184028 0.763171 0.190972
0 0.792872 0.141975 0.792872 0.155093 0.773502 0.148534
0 0.809401 0.116512 0.801911 0.113812 0.803978 0.143711
0 0.819731 0.124228 0.829804 0.126929 0.823605 0.148148
0 0.726756 0.119985 0.730114 0.137731 0.741477 0.128472
0 0.913740 0.125772 0.918905 0.138889 0.903538 0.140433
0 0.924587 0.146991 0.914256 0.136960 0.910253 0.163001
0 0.887655 0.103781 0.881198 0.090278 0.869318 0.110726
0 0.920713 0.169367 0.915031 0.186343 0.902376 0.174961
0 0.921746 0.204475 0.912707 0.195988 0.909736 0.217593
0 0.921746 0.170139 0.930785 0.179784 0.919422 0.193287
0 0.921229 0.221451 0.927428 0.231481 0.908316 0.245757
0 0.925103 0.266590 0.925103 0.280093 0.904571 0.273342
0 0.866994 0.313272 0.870351 0.299769 0.846461 0.297068
0 0.924070 0.287809 0.918388 0.303241 0.902376 0.289545
0 0.928719 0.312500 0.929752 0.298225 0.914127 0.305362
0 0.915031 0.337191 0.919421 0.323688 0.903150 0.318480
0 0.923037 0.337963 0.925103 0.321759 0.904313 0.327739
0 0.926395 0.344907 0.920196 0.355324 0.908058 0.336998
0 0.906250 0.075617 0.918647 0.084491 0.907412 0.105131
0 0.898244 0.056327 0.906508 0.064429 0.892949 0.080054
0 0.887655 0.048225 0.896436 0.053241 0.884169 0.072723
0 0.862087 0.063272 0.868802 0.054398 0.874871 0.079090
0 0.839360 0.043981 0.834452 0.054398 0.853306 0.060185
0 0.847107 0.050154 0.838585 0.058256 0.850723 0.080825
0 0.821798 0.050540 0.833678 0.043981 0.837294 0.068865
0 0.834452 0.054398 0.825671 0.060571 0.838456 0.082562
0 0.814308 0.047454 0.803719 0.054398 0.820377 0.080440
0 0.821539 0.061343 0.818182 0.047454 0.799845 0.060957
0 0.825671 0.060571 0.816374 0.054398 0.817020 0.081404
0 0.791322 0.074460 0.784607 0.064043 0.772985 0.084876
0 0.743802 0.044367 0.738895 0.057485 0.761105 0.069444
0 0.706870 0.046296 0.717459 0.043981 0.713456 0.061728
0 0.672004 0.098765 0.671746 0.078318 0.695635 0.088541
0 0.695506 0.035494 0.704804 0.054012 0.685047 0.057485
0 0.669938 0.045910 0.673812 0.063272 0.692149 0.054591
0 0.505940 0.125386 0.503357 0.142747 0.522082 0.136574
0 0.579804 0.114198 0.580579 0.127315 0.564050 0.120757
0 0.600207 0.116512 0.606921 0.132330 0.587035 0.138503
0 0.600207 0.214120 0.598657 0.228009 0.614928 0.223573
0 0.660640 0.229167 0.655992 0.240741 0.643207 0.228974
0 0.609504 0.273148 0.602789 0.287037 0.583678 0.271412
0 0.631715 0.065201 0.630424 0.082562 0.650568 0.073881
0 0.645661 0.054012 0.638946 0.042052 0.628615 0.059220
0 0.569990 0.042438 0.566632 0.059028 0.588972 0.060764
0 0.555010 0.036265 0.551653 0.050926 0.568828 0.049189
0 0.587810 0.060185 0.578512 0.070988 0.595687 0.086806
0 0.565083 0.064043 0.560950 0.050154 0.547392 0.066743
0 0.547779 0.097608 0.547779 0.081019 0.529184 0.089313
0 0.477014 0.039352 0.467200 0.052469 0.487990 0.061343
0 0.488636 0.046296 0.496384 0.035880 0.503615 0.056520
0 0.501808 0.036265 0.495093 0.050154 0.515367 0.058642
0 0.511880 0.042052 0.505940 0.052083 0.520015 0.055748
0 0.435434 0.038194 0.438275 0.055170 0.422262 0.048032
0 0.443440 0.091049 0.442924 0.071373 0.421488 0.081211
0 0.397727 0.074074 0.397211 0.058642 0.380294 0.067709
0 0.409091 0.046682 0.401085 0.032407 0.390238 0.049768
0 0.366477 0.042438 0.357180 0.049383 0.368931 0.072338
0 0.357696 0.032407 0.366477 0.042438 0.346203 0.055362
0 0.313791 0.045910 0.324638 0.038966 0.325284 0.069637
0 0.349948 0.110725 0.342975 0.121142 0.335098 0.103588
0 0.352789 0.083333 0.364669 0.085262 0.357309 0.106867
0 0.370868 0.089506 0.361312 0.097222 0.374355 0.115548
0 0.373709 0.175540 0.384039 0.166281 0.368414 0.155092
0 0.312242 0.122685 0.314566 0.108025 0.331612 0.118249
0 0.310950 0.084491 0.303719 0.077546 0.299586 0.101851
0 0.290548 0.109182 0.283574 0.097222 0.275697 0.119791
0 0.294938 0.102238 0.288223 0.108025 0.286157 0.091436
0 0.310434 0.042438 0.301911 0.032407 0.293647 0.058449
0 0.314566 0.067130 0.308626 0.081790 0.296230 0.065972
0 0.286415 0.045139 0.276860 0.037423 0.275956 0.065200
0 0.260331 0.038966 0.259556 0.056327 0.278409 0.047647
0 0.293388 0.143904 0.280217 0.136188 0.282799 0.169560
0 0.336777 0.150077 0.334452 0.167052 0.315341 0.157600
0 0.227789 0.201775 0.230114 0.217978 0.247159 0.209877
0 0.313791 0.238426 0.323605 0.224923 0.309013 0.213349
0 0.279184 0.244599 0.272727 0.257330 0.259685 0.240355
0 0.198089 0.197531 0.187242 0.204475 0.186596 0.175540
0 0.181043 0.128472 0.174070 0.139660 0.186854 0.149884
0 0.179236 0.267361 0.169421 0.267361 0.175232 0.243634
0 0.218492 0.246142 0.226498 0.263117 0.206612 0.264082
0 0.189566 0.349151 0.178719 0.340664 0.189566 0.320216
0 0.325930 0.270833 0.322314 0.254630 0.304235 0.271220
0 0.455837 0.335648 0.446798 0.328704 0.457128 0.310956
0 0.225981 0.099537 0.220300 0.083333 0.239928 0.083334
0 0.255165 0.052855 0.245868 0.048611 0.250516 0.074074
0 0.253357 0.037423 0.258523 0.047840 0.241994 0.052276
0 0.230114 0.035880 0.244835 0.038194 0.232826 0.065587
0 0.219783 0.036651 0.228822 0.050154 0.203770 0.064814
0 0.108213 0.154321 0.105114 0.138889 0.125130 0.135802
0 0.140238 0.172454 0.133523 0.166281 0.147211 0.152971
0 0.124742 0.146991 0.136622 0.148534 0.130036 0.179206
0 0.108729 0.165509 0.105888 0.179012 0.125775 0.176119
0 0.110795 0.193673 0.103822 0.185957 0.116606 0.168403
0 0.110021 0.119985 0.106921 0.106867 0.124225 0.102624
0 0.126033 0.102238 0.116219 0.109954 0.127712 0.133295
0 0.180785 0.040509 0.172262 0.048611 0.187629 0.060957
0 0.167355 0.081019 0.173295 0.070216 0.187242 0.090085
0 0.162707 0.068673 0.165806 0.059028 0.182593 0.071181
0 0.167614 0.038966 0.178202 0.039352 0.171488 0.066551
0 0.169163 0.072531 0.158316 0.076003 0.166581 0.105517
0 0.158058 0.053241 0.167872 0.061343 0.156508 0.081404
0 0.148760 0.082948 0.153667 0.071373 0.164385 0.091821
0 0.149535 0.073302 0.141529 0.085262 0.155346 0.101851
0 0.146952 0.082948 0.136880 0.081019 0.141916 0.112076
0 0.129390 0.083333 0.125517 0.070988 0.146178 0.065394
0 0.142304 0.041667 0.138946 0.054784 0.162190 0.054784
0 0.128616 0.048611 0.126550 0.063657 0.150956 0.058642
0 0.123967 0.061343 0.124225 0.075617 0.145661 0.068480
0 0.113636 0.083333 0.116477 0.095679 0.132877 0.082369
0 0.164256 0.200231 0.159349 0.208719 0.172391 0.220486
0 0.131715 0.254630 0.125258 0.236497 0.148373 0.235533
0 0.147211 0.243056 0.157025 0.234568 0.156637 0.262346
0 0.156250 0.285108 0.146436 0.292438 0.158962 0.318480
0 0.136880 0.246528 0.127066 0.254630 0.137138 0.279321
0 0.107955 0.251157 0.100981 0.243056 0.111958 0.225116
0 0.107180 0.279321 0.100207 0.271991 0.111183 0.256173
0 0.115444 0.304398 0.110537 0.295139 0.123192 0.280671
0 0.101498 0.292438 0.110021 0.304398 0.116607 0.279514
0 0.104855 0.281636 0.115444 0.286265 0.112345 0.260223
0 0.105114 0.344522 0.096849 0.333719 0.115960 0.325811
0 0.154700 0.359182 0.168388 0.356096 0.161544 0.380980
0 0.149535 0.416281 0.138946 0.416667 0.144240 0.383873
0 0.125258 0.422840 0.132748 0.427469 0.133781 0.405671
0 0.104081 0.391975 0.096074 0.383488 0.109762 0.366705
0 0.116219 0.427469 0.107955 0.425926 0.112862 0.400848
0 0.095041 0.400463 0.103306 0.388503 0.110925 0.412037
0 0.221333 0.349537 0.220558 0.367670 0.200155 0.358603
0 0.229597 0.329861 0.234246 0.322531 0.225723 0.315393
0 0.269370 0.356096 0.275052 0.344907 0.259427 0.336998
0 0.318182 0.342593 0.314566 0.327932 0.303073 0.343171
0 0.284607 0.355324 0.292614 0.368827 0.275956 0.379629
0 0.309917 0.362654 0.318698 0.371142 0.307464 0.386960
0 0.276343 0.409336 0.281250 0.423611 0.261105 0.421875
0 0.244060 0.402778 0.246643 0.413966 0.232567 0.412037
0 0.264205 0.358410 0.255165 0.343364 0.243544 0.374614
0 0.210486 0.414352 0.199122 0.420525 0.198735 0.388311
0 0.104081 0.442901 0.096849 0.441744 0.100465 0.421489
0 0.103564 0.437114 0.108213 0.451003 0.125517 0.438465
0 0.100723 0.458333 0.099174 0.443287 0.118027 0.450810
0 0.095300 0.467207 0.100207 0.480324 0.110021 0.460841
0 0.117252 0.464506 0.129907 0.459877 0.123579 0.490741
0 0.153151 0.421296 0.141529 0.418981 0.145016 0.448109
0 0.153926 0.429784 0.165806 0.432870 0.159737 0.460070
0 0.162707 0.453704 0.155992 0.459491 0.162965 0.470294
0 0.169938 0.443287 0.165031 0.457562 0.182464 0.459684
0 0.204287 0.481867 0.213326 0.475694 0.215134 0.499807
0 0.199897 0.516590 0.189308 0.520833 0.198347 0.541088
0 0.297521 0.508488 0.301395 0.491512 0.281637 0.498264
0 0.252066 0.571759 0.248192 0.557099 0.267950 0.559992
0 0.287965 0.593750 0.288481 0.609568 0.266658 0.601659
0 0.233988 0.603009 0.224432 0.599537 0.233084 0.576582
0 0.205837 0.582948 0.205837 0.599537 0.225336 0.591243
0 0.192149 0.548611 0.185434 0.556713 0.195506 0.568673
0 0.174329 0.555941 0.166581 0.556713 0.170455 0.535494
0 0.148244 0.552469 0.146178 0.565972 0.164902 0.560956
0 0.165031 0.621528 0.153151 0.615741 0.160253 0.589314
0 0.147469 0.549383 0.136880 0.548611 0.142174 0.516782
0 0.099948 0.510802 0.092975 0.501543 0.108213 0.483024
0 0.103564 0.543596 0.095041 0.540123 0.101627 0.516976
0 0.107438 0.531250 0.111570 0.518133 0.125258 0.538774
0 0.099174 0.571759 0.091426 0.564043 0.105114 0.545718
0 0.098399 0.559414 0.099174 0.548611 0.116219 0.554013
0 0.102789 0.531636 0.099948 0.544753 0.117768 0.541474
0 0.100207 0.605324 0.092975 0.599923 0.105501 0.576196
0 0.094525 0.576775 0.099432 0.565201 0.107955 0.583140
0 0.100723 0.644676 0.090393 0.633488 0.106535 0.616513
0 0.097624 0.625000 0.091942 0.616512 0.105630 0.604553
0 0.109246 0.592978 0.101756 0.599151 0.111570 0.613811
0 0.125000 0.646605 0.118285 0.637346 0.138300 0.628279
0 0.121901 0.597608 0.115961 0.605710 0.127583 0.612654
0 0.106405 0.668210 0.106663 0.684028 0.127325 0.673997
0 0.116219 0.690201 0.111054 0.679784 0.126033 0.670718
0 0.099432 0.684414 0.095300 0.675540 0.111571 0.666667
0 0.104597 0.640432 0.095300 0.645833 0.100852 0.667438
0 0.230372 0.597994 0.237862 0.604552 0.225207 0.619213
0 0.107180 0.549383 0.116736 0.535880 0.125775 0.561729
0 0.233988 0.654707 0.245868 0.653549 0.239928 0.679784
0 0.233213 0.698688 0.242769 0.706019 0.227660 0.729745
0 0.219008 0.765432 0.216684 0.779321 0.237732 0.778550
0 0.186983 0.758488 0.177944 0.748071 0.193827 0.735533
0 0.189824 0.722222 0.179752 0.717978 0.184788 0.696952
0 0.190857 0.673997 0.197831 0.687886 0.210485 0.667439
0 0.154184 0.665509 0.167097 0.662809 0.161028 0.696952
0 0.142304 0.749614 0.133264 0.739969 0.149018 0.722222
0 0.116219 0.738040 0.110279 0.727623 0.125258 0.715664
0 0.097107 0.738812 0.091167 0.724537 0.113507 0.712384
0 0.098140 0.687886 0.091942 0.700231 0.112345 0.705054
0 0.126291 0.716821 0.115444 0.719136 0.122288 0.747685
0 0.103822 0.727238 0.098399 0.744213 0.115832 0.745371
0 0.136364 0.789352 0.126550 0.783565 0.138947 0.761767
0 0.139463 0.804398 0.150568 0.806713 0.145016 0.780285
0 0.153926 0.825617 0.163481 0.825617 0.158703 0.797068
0 0.096074 0.773534 0.093750 0.788194 0.116090 0.786072
0 0.108213 0.793596 0.104597 0.780478 0.125258 0.784529
0 0.094783 0.758873 0.096074 0.776620 0.115186 0.767746
0 0.092459 0.801698 0.091942 0.820988 0.117639 0.811343
0 0.116994 0.849923 0.117510 0.833333 0.139980 0.841628
0 0.114669 0.817130 0.120093 0.807870 0.128615 0.823303
0 0.090393 0.846836 0.094008 0.859182 0.110796 0.845101
0 0.090393 0.868441 0.098399 0.877701 0.105888 0.847415
0 0.255682 0.819444 0.252841 0.838735 0.278667 0.832754
0 0.234504 0.883102 0.226498 0.877701 0.241219 0.859375
0 0.173554 0.882330 0.163223 0.877701 0.175620 0.854359
0 0.117769 0.858025 0.122159 0.842207 0.142045 0.855324
0 0.116477 0.905478 0.105114 0.901620 0.110795 0.865934
0 0.109504 0.917438 0.120610 0.918210 0.115057 0.890818
0 0.110279 0.921296 0.100723 0.921296 0.105243 0.892554
0 0.132490 0.893133 0.122159 0.896219 0.124096 0.861882
0 0.127066 0.933256 0.136364 0.928627 0.125517 0.903935
0 0.123709 0.859954 0.129649 0.849923 0.140238 0.866127
0 0.140238 0.932485 0.129649 0.927083 0.137655 0.898534
0 0.143337 0.931327 0.154442 0.929784 0.148890 0.899306
0 0.167614 0.886188 0.159349 0.888503 0.162320 0.864776
0 0.164514 0.935185 0.176911 0.931713 0.169293 0.903935
0 0.191116 0.885802 0.202221 0.879630 0.190082 0.860340
0 0.194731 0.896219 0.185434 0.890818 0.196927 0.867477
0 0.198089 0.923997 0.190599 0.916667 0.202996 0.894869
0 0.221074 0.927083 0.214876 0.940972 0.198993 0.925154
0 0.186725 0.929398 0.194990 0.923225 0.184013 0.907793
0 0.244576 0.940972 0.251291 0.928627 0.227015 0.919560
0 0.264979 0.928627 0.255682 0.939043 0.243930 0.918403
0 0.262138 0.929398 0.251291 0.928627 0.256714 0.898341
0 0.267045 0.865355 0.260072 0.854167 0.250904 0.873650
0 0.283316 0.926698 0.276860 0.919367 0.288998 0.900849
0 0.270145 0.937114 0.278926 0.931713 0.271049 0.910686
0 0.267562 0.925154 0.258781 0.918596 0.266658 0.898920
0 0.329029 0.842593 0.325413 0.826389 0.348915 0.831404
0 0.333419 0.919367 0.323605 0.928627 0.321022 0.899498
0 0.363378 0.886188 0.364669 0.900849 0.348141 0.893518
0 0.348399 0.932485 0.354597 0.924383 0.340522 0.907987
0 0.363378 0.939043 0.352014 0.932485 0.364799 0.908372
0 0.404959 0.859954 0.406250 0.873843 0.387784 0.868827
0 0.404442 0.939043 0.416322 0.931327 0.400439 0.903742
0 0.451705 0.881559 0.460486 0.867284 0.434013 0.858218
0 0.462293 0.774691 0.460486 0.754244 0.482568 0.763310
0 0.533574 0.829475 0.534866 0.846836 0.513688 0.838156
0 0.459711 0.907407 0.450930 0.898920 0.468750 0.882330
0 0.454545 0.931713 0.443698 0.935185 0.448734 0.906829
0 0.440857 0.931327 0.448605 0.923225 0.433238 0.903550
0 0.435434 0.941744 0.443698 0.928627 0.422133 0.920910
0 0.474174 0.941744 0.480114 0.931327 0.462810 0.918017
0 0.486312 0.937886 0.473399 0.929784 0.488637 0.899305
0 0.515754 0.935571 0.509039 0.924383 0.522339 0.919175
0 0.681043 0.676698 0.685950 0.693673 0.664514 0.694445
0 0.658058 0.728009 0.663740 0.742284 0.642821 0.748071
0 0.587810 0.780864 0.579029 0.770062 0.597365 0.760417
0 0.481405 0.515046 0.477789 0.533951 0.462164 0.524498
0 0.579545 0.422068 0.587293 0.433642 0.571410 0.444445
0 0.517045 0.318287 0.505940 0.332948 0.523114 0.349730
0 0.573864 0.559028 0.567665 0.576775 0.549716 0.562115
0 0.578771 0.538194 0.573089 0.551698 0.590651 0.550733
0 0.609504 0.588349 0.625775 0.589506 0.617640 0.563850
0 0.482180 0.594522 0.493285 0.594522 0.487733 0.619599
0 0.615961 0.408565 0.606147 0.401235 0.615961 0.382909
0 0.346591 0.507330 0.330062 0.507330 0.338326 0.475501
