0 0.674329 0.285494 0.670713 0.270062 0.654700 0.281829
0 0.697831 0.238426 0.707386 0.237269 0.702608 0.263889
0 0.562242 0.165895 0.563275 0.148920 0.539773 0.157986
0 0.633006 0.184414 0.631715 0.167052 0.649922 0.173225
0 0.755682 0.205633 0.762397 0.194830 0.768982 0.217014
0 0.762913 0.176698 0.771952 0.166281 0.777505 0.190393
0 0.808884 0.140046 0.820506 0.133488 0.819732 0.164352
0 0.823089 0.110340 0.833936 0.114198 0.828512 0.140625
0 0.823089 0.098380 0.825671 0.083333 0.839747 0.097608
0 0.853822 0.134259 0.864411 0.127701 0.864282 0.156636
0 0.858988 0.226080 0.844783 0.222994 0.851885 0.189236
0 0.742769 0.143904 0.741477 0.125772 0.720816 0.134838
0 0.739669 0.088735 0.748192 0.082176 0.748450 0.113426
0 0.717717 0.102623 0.713068 0.086806 0.695377 0.102431
0 0.671746 0.138889 0.669421 0.150849 0.650568 0.144869
0 0.665548 0.090664 0.658316 0.076389 0.649665 0.093750
0 0.627841 0.123457 0.633781 0.104552 0.608342 0.105131
0 0.630424 0.092593 0.633264 0.077546 0.615702 0.080633
0 0.842200 0.283951 0.852789 0.280093 0.847495 0.307099
0 0.825413 0.302855 0.836519 0.304012 0.830966 0.332754
0 0.863120 0.300926 0.874483 0.310957 0.862216 0.334684
0 0.672779 0.035880 0.681560 0.024306 0.686208 0.048997
0 0.661157 0.027392 0.671229 0.026235 0.666193 0.054592
0 0.641787 0.071373 0.643079 0.059028 0.659220 0.065200
0 0.625000 0.036651 0.632490 0.024306 0.641658 0.044175
0 0.635331 0.075617 0.628616 0.059028 0.647469 0.055749
0 0.599690 0.023534 0.594267 0.033951 0.613379 0.047454
0 0.584711 0.040895 0.596333 0.030864 0.594654 0.051119
0 0.586002 0.019676 0.594267 0.033951 0.574897 0.041281
0 0.764205 0.037809 0.764979 0.038194 0.784608 0.044561
0 0.793388 0.043596 0.795713 0.032022 0.811466 0.047840
0 0.810692 0.025077 0.800878 0.037037 0.818440 0.043981
0 0.837293 0.038580 0.843492 0.027006 0.856922 0.041667
0 0.854081 0.056327 0.860537 0.066744 0.846849 0.074653
0 0.852014 0.098765 0.856405 0.111883 0.874225 0.097608
0 0.871901 0.034722 0.866219 0.046296 0.886622 0.052083
0 0.903151 0.046682 0.911932 0.042438 0.914643 0.069444
0 0.910124 0.075617 0.915806 0.090664 0.896823 0.096643
0 0.916064 0.131559 0.908833 0.126543 0.914902 0.114198
0 0.932851 0.122685 0.936725 0.107253 0.917614 0.107831
0 0.936467 0.132330 0.927686 0.125772 0.924587 0.142554
0 0.926136 0.165895 0.920971 0.153549 0.907153 0.164737
0 0.941116 0.136188 0.932851 0.122685 0.931689 0.140046
0 0.903151 0.204861 0.900568 0.189043 0.887655 0.196952
0 0.897211 0.229552 0.892820 0.212191 0.878228 0.225694
0 0.940599 0.173611 0.940083 0.172454 0.928203 0.185378
0 0.774019 0.331019 0.783574 0.326003 0.784091 0.360918
0 0.926136 0.235340 0.930269 0.230710 0.920584 0.208334
0 0.930010 0.222222 0.939308 0.216049 0.928332 0.201003
0 0.920455 0.226852 0.924329 0.209491 0.901085 0.215278
0 0.937242 0.237654 0.933884 0.221836 0.916839 0.233025
0 0.937242 0.251929 0.934143 0.237269 0.919551 0.250386
0 0.939050 0.270062 0.935176 0.251929 0.915161 0.268325
0 0.940341 0.289738 0.934659 0.274306 0.921617 0.292631
0 0.939308 0.326003 0.933368 0.311728 0.921746 0.332369
0 0.944990 0.324460 0.934143 0.318673 0.933626 0.354745
0 0.783058 0.442130 0.794421 0.445602 0.786674 0.471065
0 0.848915 0.593364 0.859246 0.581019 0.840135 0.561535
0 0.812758 0.649306 0.798295 0.644290 0.806431 0.618828
0 0.879649 0.539352 0.866994 0.536265 0.873322 0.570023
0 0.908316 0.389660 0.901860 0.375386 0.891787 0.393711
0 0.932593 0.383873 0.937758 0.370756 0.917872 0.369020
0 0.944473 0.385802 0.937758 0.370756 0.931560 0.385223
0 0.930785 0.414738 0.927428 0.397762 0.906637 0.411073
0 0.941890 0.420525 0.930269 0.410108 0.922133 0.434800
0 0.944215 0.399691 0.933368 0.394676 0.934014 0.429977
0 0.935950 0.485340 0.937242 0.470679 0.919422 0.478009
0 0.940341 0.506559 0.942407 0.493056 0.922779 0.493441
0 0.937242 0.517361 0.939308 0.501543 0.916710 0.506173
0 0.823089 0.706019 0.821281 0.692515 0.843492 0.699267
0 0.760331 0.707176 0.750517 0.707948 0.753616 0.681520
0 0.884814 0.709105 0.884298 0.712191 0.862087 0.693673
0 0.866219 0.656250 0.859762 0.640818 0.876550 0.637925
0 0.882490 0.642747 0.892562 0.636960 0.890108 0.667245
0 0.943698 0.626157 0.935176 0.613426 0.927944 0.639660
0 0.945764 0.681327 0.935434 0.669753 0.934143 0.691936
0 0.946798 0.716821 0.939050 0.731096 0.927169 0.703125
0 0.923037 0.741898 0.920455 0.726466 0.902118 0.734182
0 0.934659 0.755401 0.928719 0.738040 0.912448 0.756945
0 0.938533 0.611497 0.944990 0.596065 0.924587 0.591435
0 0.934143 0.574846 0.942407 0.589506 0.924587 0.600888
0 0.941890 0.565201 0.935434 0.546296 0.923037 0.570409
0 0.938533 0.523920 0.934659 0.535494 0.921746 0.520062
0 0.945248 0.535494 0.940083 0.521219 0.926136 0.536072
0 0.842975 0.808256 0.831870 0.814043 0.833549 0.784336
0 0.812500 0.798997 0.824380 0.798997 0.818440 0.824845
0 0.817924 0.869213 0.828771 0.874228 0.827867 0.840471
0 0.802944 0.866512 0.795196 0.870370 0.796875 0.841821
0 0.806302 0.869985 0.800878 0.884645 0.789515 0.868634
0 0.771952 0.867284 0.764721 0.881559 0.753873 0.850694
0 0.737862 0.870370 0.728822 0.880015 0.724174 0.845679
0 0.866736 0.835648 0.857955 0.824074 0.873709 0.811921
0 0.904959 0.843364 0.898502 0.830633 0.886235 0.851466
0 0.943182 0.826003 0.932851 0.824074 0.938017 0.796875
0 0.935434 0.837191 0.942924 0.817130 0.922392 0.813079
0 0.920455 0.861497 0.922521 0.847994 0.905733 0.850502
0 0.932593 0.855710 0.920971 0.853781 0.926782 0.822531
0 0.930785 0.876157 0.929494 0.857639 0.911415 0.866898
0 0.943182 0.856481 0.941116 0.838349 0.925361 0.850888
0 0.701705 0.879630 0.688791 0.871914 0.696539 0.846451
0 0.669938 0.877701 0.668130 0.859568 0.692665 0.868634
0 0.645919 0.871914 0.646178 0.875000 0.660253 0.851273
0 0.600981 0.878858 0.591167 0.874228 0.600594 0.855710
0 0.574380 0.868441 0.567407 0.876929 0.560563 0.856095
0 0.541064 0.876929 0.534349 0.888503 0.521565 0.872107
0 0.521694 0.882716 0.510589 0.868441 0.528409 0.850888
0 0.505424 0.872299 0.493802 0.871914 0.499613 0.836612
0 0.491736 0.881944 0.498192 0.866127 0.476886 0.869212
0 0.485279 0.849151 0.485537 0.829475 0.464876 0.839313
0 0.453254 0.862269 0.442665 0.849151 0.459839 0.834877
0 0.458161 0.826003 0.445248 0.830633 0.449251 0.802662
0 0.405992 0.883488 0.398760 0.872299 0.415289 0.861304
0 0.383523 0.875772 0.369835 0.871914 0.380424 0.841629
0 0.427428 0.738040 0.431818 0.720679 0.451834 0.734761
0 0.504132 0.725309 0.489411 0.721451 0.497675 0.692130
0 0.494576 0.668596 0.493027 0.652006 0.478048 0.660301
0 0.361570 0.744599 0.370351 0.737269 0.369964 0.764082
0 0.279442 0.783179 0.285899 0.769676 0.269757 0.768711
0 0.336777 0.584491 0.344008 0.579090 0.348140 0.602045
0 0.204545 0.700617 0.189566 0.694830 0.197055 0.662423
0 0.184659 0.712963 0.193440 0.703318 0.196798 0.726852
0 0.232438 0.794753 0.235021 0.779321 0.250129 0.791088
0 0.325930 0.833333 0.336777 0.839506 0.337164 0.807098
0 0.347366 0.869213 0.358213 0.873843 0.355372 0.844908
0 0.325930 0.864583 0.336260 0.873071 0.339230 0.843557
0 0.300620 0.853781 0.309143 0.856481 0.306560 0.826582
0 0.304752 0.875000 0.300878 0.860725 0.318827 0.858989
0 0.298295 0.866512 0.303461 0.878858 0.310821 0.845486
0 0.282800 0.866512 0.290548 0.874228 0.295713 0.842399
0 0.285382 0.843364 0.281508 0.827546 0.296875 0.817708
0 0.325930 0.580633 0.314050 0.582562 0.318827 0.551697
0 0.305269 0.543981 0.313017 0.535494 0.298683 0.523920
0 0.139979 0.662037 0.147469 0.652392 0.150568 0.679205
0 0.173554 0.674383 0.181302 0.682099 0.169680 0.694638
0 0.149793 0.724537 0.154184 0.710262 0.161674 0.734375
0 0.146178 0.744599 0.152893 0.736111 0.162061 0.761767
0 0.137397 0.715664 0.149535 0.709105 0.145403 0.741513
0 0.165289 0.635802 0.176136 0.631173 0.170712 0.656057
0 0.142562 0.647377 0.146952 0.630015 0.163094 0.648726
0 0.143853 0.611497 0.148760 0.601852 0.152892 0.629051
0 0.179236 0.620370 0.172779 0.609568 0.186080 0.596643
0 0.172779 0.623071 0.161932 0.613426 0.171229 0.590857
0 0.163740 0.574074 0.165031 0.592207 0.183368 0.576775
0 0.143079 0.571373 0.154184 0.563657 0.154701 0.588542
0 0.214876 0.383873 0.228822 0.379244 0.225077 0.416860
0 0.185176 0.446759 0.180010 0.428627 0.200284 0.434221
0 0.156767 0.549769 0.159349 0.537423 0.167355 0.553241
0 0.139979 0.551698 0.147469 0.543981 0.151601 0.566165
0 0.143079 0.535494 0.150052 0.528935 0.154959 0.550926
0 0.143595 0.520062 0.149019 0.510417 0.152635 0.529321
0 0.142562 0.511188 0.145661 0.528935 0.156767 0.506173
0 0.175878 0.495756 0.167097 0.497685 0.175362 0.516975
0 0.159091 0.468750 0.152118 0.475694 0.164643 0.500579
0 0.143853 0.464120 0.150310 0.456404 0.154701 0.486304
0 0.172004 0.459105 0.164256 0.464892 0.175233 0.489969
0 0.155217 0.445602 0.155475 0.448688 0.171617 0.445217
0 0.178719 0.379244 0.186467 0.371528 0.189049 0.398149
0 0.471591 0.194444 0.473399 0.180941 0.493543 0.192516
0 0.479855 0.168596 0.482438 0.149306 0.463456 0.155093
0 0.439308 0.099151 0.438533 0.088349 0.424071 0.093750
0 0.488378 0.088349 0.481147 0.072145 0.463843 0.085648
0 0.481147 0.058642 0.488378 0.052855 0.486958 0.069637
0 0.549587 0.069059 0.551653 0.087577 0.523760 0.078318
0 0.548295 0.056713 0.542614 0.040123 0.528280 0.051697
0 0.553461 0.033565 0.545196 0.022762 0.529571 0.041667
0 0.526343 0.025849 0.530992 0.035494 0.515755 0.037423
0 0.514205 0.021991 0.514721 0.036265 0.495093 0.029128
0 0.451446 0.078704 0.451446 0.060571 0.434400 0.069637
0 0.444473 0.043981 0.444473 0.056713 0.427686 0.052276
0 0.433368 0.034336 0.425620 0.027778 0.422779 0.048997
0 0.341684 0.203318 0.339876 0.185957 0.365057 0.191744
0 0.307593 0.161651 0.314050 0.153164 0.323735 0.169561
0 0.338585 0.130787 0.339876 0.108796 0.364024 0.119791
0 0.330837 0.106867 0.338585 0.126157 0.320765 0.130016
0 0.258523 0.200231 0.259814 0.182870 0.240702 0.191551
0 0.226756 0.143519 0.235795 0.130015 0.245093 0.157986
0 0.317924 0.265818 0.326188 0.273534 0.326317 0.253858
0 0.258523 0.301698 0.258264 0.300540 0.259427 0.275078
0 0.240444 0.301698 0.252066 0.295910 0.243673 0.277585
0 0.199122 0.296682 0.202221 0.310185 0.216813 0.290895
0 0.182851 0.259259 0.182851 0.259259 0.190987 0.285301
0 0.200930 0.239969 0.204287 0.256173 0.220946 0.244213
0 0.211260 0.266975 0.197056 0.257330 0.204545 0.237461
0 0.235795 0.331404 0.228048 0.354552 0.250646 0.357060
0 0.214618 0.355710 0.206870 0.339120 0.219783 0.330633
0 0.206095 0.417438 0.194473 0.400849 0.208032 0.380787
0 0.191890 0.382716 0.208161 0.391204 0.200026 0.351659
0 0.148760 0.292052 0.156508 0.282407 0.161932 0.309799
0 0.174587 0.211034 0.188017 0.215664 0.180656 0.250000
0 0.154442 0.214892 0.154442 0.198302 0.183497 0.206597
0 0.235279 0.108796 0.235795 0.090278 0.261105 0.102431
0 0.160640 0.391975 0.163740 0.405093 0.179364 0.391589
0 0.151343 0.420910 0.153926 0.409336 0.169809 0.431520
0 0.145145 0.422840 0.149535 0.409336 0.163740 0.431905
0 0.152118 0.405093 0.157283 0.390818 0.170584 0.410108
0 0.145661 0.397377 0.151343 0.388117 0.163998 0.412616
0 0.151343 0.344522 0.152893 0.354938 0.170455 0.345293
0 0.160640 0.387731 0.160382 0.374228 0.175362 0.374421
0 0.155217 0.367670 0.157283 0.382330 0.175233 0.368827
0 0.150310 0.355324 0.150052 0.372685 0.168776 0.364004
0 0.339876 0.033179 0.347882 0.026235 0.348270 0.054206
0 0.340134 0.027392 0.330320 0.027392 0.335227 0.055363
0 0.322056 0.027392 0.333419 0.026235 0.327738 0.054784
0 0.318698 0.026235 0.327221 0.033951 0.316503 0.050733
0 0.308368 0.052469 0.307076 0.067515 0.290289 0.059992
0 0.302686 0.019676 0.302944 0.020448 0.303202 0.038387
0 0.291581 0.021605 0.298554 0.032793 0.283446 0.041281
0 0.285899 0.015818 0.290806 0.032022 0.272081 0.029128
0 0.255940 0.022377 0.258523 0.033951 0.246256 0.033565
0 0.240702 0.017361 0.246384 0.030093 0.231275 0.031828
0 0.232180 0.055941 0.235537 0.047454 0.246642 0.051698
0 0.230888 0.041667 0.238120 0.050540 0.226756 0.060379
0 0.221333 0.093750 0.215909 0.108410 0.233083 0.112462
0 0.213326 0.092593 0.227014 0.095679 0.220170 0.124614
0 0.214618 0.046296 0.223915 0.050154 0.216813 0.071373
0 0.209452 0.027392 0.219783 0.032022 0.212423 0.060957
0 0.195506 0.027006 0.206353 0.028164 0.200930 0.058063
0 0.188017 0.043210 0.193957 0.043210 0.190987 0.062693
0 0.178202 0.071373 0.169680 0.064043 0.180914 0.050347
0 0.161932 0.058256 0.170455 0.053627 0.166193 0.079476
0 0.170713 0.093750 0.172262 0.096065 0.180915 0.069830
0 0.184659 0.114198 0.184143 0.116512 0.198993 0.126158
0 0.193698 0.087191 0.183626 0.089892 0.190599 0.117284
0 0.176911 0.126929 0.182851 0.119985 0.189695 0.139468
0 0.160124 0.125772 0.155733 0.114198 0.172262 0.105903
0 0.154959 0.135417 0.157800 0.141975 0.168260 0.129244
0 0.172262 0.150849 0.172521 0.139275 0.190470 0.145062
0 0.168647 0.167052 0.168647 0.154707 0.187758 0.160880
0 0.160124 0.163194 0.153151 0.152392 0.166064 0.141590
0 0.155992 0.195216 0.160899 0.183642 0.173167 0.195023
0 0.166064 0.168210 0.157800 0.175540 0.174071 0.187307
0 0.149793 0.176698 0.158574 0.189429 0.161803 0.168210
0 0.156250 0.793210 0.155733 0.780478 0.173166 0.780092
0 0.147986 0.795910 0.143079 0.784336 0.161028 0.773726
0 0.173812 0.802855 0.182851 0.807485 0.178719 0.776428
0 0.190341 0.811343 0.185176 0.798225 0.201188 0.795910
0 0.210227 0.819830 0.199897 0.823688 0.203254 0.796682
0 0.191116 0.827546 0.178202 0.825231 0.185950 0.799382
0 0.168130 0.814429 0.165289 0.813657 0.178202 0.795910
0 0.215134 0.817130 0.223399 0.822917 0.223786 0.796875
0 0.156250 0.837963 0.145661 0.835262 0.151730 0.815007
0 0.141529 0.841435 0.152634 0.846065 0.148760 0.817515
0 0.163740 0.847994 0.161157 0.831790 0.184530 0.835070
0 0.149277 0.840278 0.161415 0.844136 0.157670 0.821759
0 0.152634 0.850694 0.158574 0.839120 0.168905 0.847994
0 0.156250 0.864969 0.155217 0.849923 0.170197 0.857446
0 0.179236 0.848380 0.180010 0.834491 0.197443 0.838735
0 0.184401 0.852238 0.189308 0.856096 0.200414 0.839314
0 0.206870 0.847222 0.216426 0.853395 0.218750 0.828511
0 0.216426 0.869213 0.225465 0.871142 0.223141 0.843750
0 0.197314 0.871528 0.196539 0.856096 0.214101 0.863812
0 0.185434 0.875386 0.178202 0.866512 0.192794 0.858025
0 0.260847 0.840664 0.266787 0.844522 0.270273 0.826968
0 0.266271 0.861497 0.271178 0.848380 0.280475 0.854939
0 0.262655 0.849151 0.265238 0.853781 0.272081 0.832562
0 0.262655 0.864969 0.256973 0.858410 0.270919 0.838734
0 0.260847 0.872299 0.268079 0.858410 0.260201 0.844715
0 0.274019 0.874228 0.262655 0.864969 0.273115 0.848958
0 0.241477 0.878086 0.246643 0.869599 0.233471 0.858024
0 0.230114 0.867284 0.233729 0.873457 0.243285 0.854553
0 0.254390 0.871142 0.243543 0.871142 0.248967 0.847994
