0 0.654442 0.313272 0.654442 0.328704 0.612603 0.32716
0 0.698864 0.440201 0.705579 0.425154 0.739153 0.466821
0 0.785124 0.378858 0.791839 0.368056 0.818182 0.425154
0 0.804752 0.368827 0.813533 0.36034 0.829545 0.421682
0 0.821798 0.331019 0.831095 0.32716 0.835227 0.385031
0 0.858988 0.316358 0.873967 0.328704 0.84814 0.387346
0 0.810434 0.263117 0.818182 0.251543 0.841942 0.295525
0 0.781508 0.27392 0.791322 0.285494 0.811467 0.244599
0 0.859504 0.165123 0.870351 0.168981 0.856405 0.224537
0 0.853306 0.484568 0.846591 0.502315 0.808368 0.466049
0 0.89876 0.421682 0.895145 0.403549 0.854855 0.430556
0 0.932851 0.310185 0.936467 0.32716 0.88843 0.341821
0 0.512397 0.202932 0.514463 0.216049 0.553202 0.194444
0 0.566632 0.131944 0.565083 0.145062 0.526343 0.131944
0 0.539256 0.082176 0.540806 0.097608 0.498967 0.09375
0 0.594525 0.083719 0.596074 0.101466 0.551136 0.100694
0 0.608988 0.07909 0.619318 0.090278 0.582128 0.127315
0 0.589876 0.036651 0.596591 0.05054 0.555785 0.06983
0 0.554236 0.035108 0.561467 0.051312 0.512397 0.077932
0 0.658058 0.104938 0.66064 0.12037 0.621901 0.137346
0 0.651343 0.164352 0.654442 0.147377 0.697314 0.172068
0 0.727273 0.1875 0.733988 0.172068 0.690599 0.145062 0.727014 0.1875
0 0.688017 0.076775 0.690083 0.061343 0.725207 0.085262
0 0.682335 0.047454 0.691632 0.038966 0.707128 0.083719
0 0.645661 0.067515 0.649793 0.053241 0.685434 0.087577
0 0.63688 0.051312 0.639463 0.035108 0.679752 0.066744
0 0.778409 0.05517 0.784607 0.040509 0.819731 0.06983
0 0.829545 0.104552 0.833161 0.089892 0.798037 0.075231
0 0.789256 0.095293 0.80062 0.099923 0.781508 0.14892
0 0.809917 0.123457 0.818182 0.128086 0.807335 0.181327
0 0.84814 0.127315 0.858471 0.136574 0.830579 0.183642
0 0.831612 0.052083 0.842975 0.049769 0.846074 0.122685
0 0.880165 0.11034 0.869835 0.108025 0.870351 0.14892
0 0.860021 0.095293 0.875 0.096065 0.870351 0.142747
0 0.429236 0.175154 0.435434 0.191358 0.476756 0.161265
0 0.48812 0.169753 0.496384 0.152006 0.462293 0.119599
0 0.458161 0.134259 0.457128 0.11034 0.409091 0.128858
0 0.405475 0.141975 0.406508 0.121914 0.362603 0.128086
0 0.401343 0.117284 0.402893 0.096065 0.455062 0.10571
0 0.423037 0.087577 0.428719 0.103781 0.472107 0.062886
0 0.481921 0.05054 0.479339 0.03125 0.442665 0.056713
0 0.457128 0.029707 0.460744 0.044753 0.424587 0.057099
0 0.446281 0.064429 0.443698 0.04591 0.403409 0.072917
0 0.404442 0.05054 0.408058 0.068287 0.362603 0.079861
0 0.429236 0.044753 0.420971 0.032793 0.402376 0.060571
0 0.40031 0.043596 0.394628 0.030478 0.356921 0.07446
0 0.777376 0.509259 0.78719 0.499228 0.806302 0.55054
0 0.846074 0.506173 0.856921 0.503086 0.856921 0.564429
0 0.804236 0.618441 0.815083 0.623457 0.820764 0.564429
0 0.754649 0.663966 0.742252 0.65625 0.765496 0.610725
0 0.80062 0.680941 0.809401 0.685185 0.818698 0.62963
0 0.862087 0.666667 0.867769 0.67554 0.891012 0.633102
0 0.89876 0.637731 0.909607 0.646991 0.889979 0.688657
0 0.943182 0.643904 0.929752 0.630787 0.915806 0.687886
0 0.945248 0.631559 0.943957 0.631944 0.932335 0.639275 0.92407 0.575231
0 0.941116 0.602238 0.934917 0.58912 0.915289 0.63966
0 0.944731 0.572917 0.936983 0.560571 0.917872 0.610725
0 0.894112 0.533951 0.905992 0.53858 0.885847 0.603781
0 0.939566 0.520062 0.944215 0.533565 0.900826 0.577546
0 0.92562 0.506944 0.936983 0.51929 0.905475 0.562886
0 0.898244 0.479552 0.904442 0.465278 0.940083 0.516204 0.898244 0.483796
0 0.940083 0.469136 0.943182 0.484568 0.902893 0.505015
0 0.936983 0.452932 0.940083 0.469136 0.904442 0.48534
0 0.931302 0.455247 0.930785 0.445988 0.894112 0.458333
0 0.943698 0.452932 0.943182 0.438272 0.909607 0.459105
0 0.931818 0.4375 0.927169 0.448688 0.891529 0.433642
0 0.943698 0.427083 0.93595 0.415895 0.90186 0.459877
0 0.927686 0.395448 0.933884 0.409722 0.897727 0.442515
0 0.940083 0.397762 0.940599 0.415895 0.89876 0.396991
0 0.943698 0.353395 0.9375 0.341821 0.913223 0.385031
0 0.93595 0.334105 0.938533 0.347994 0.90031 0.369599
0 0.942149 0.367284 0.934917 0.354938 0.916322 0.395448
0 0.942665 0.308642 0.938533 0.317515 0.917872 0.278549
0 0.939308 0.210262 0.932335 0.204475 0.915548 0.256559
0 0.921746 0.207562 0.918647 0.195988 0.883781 0.228395
0 0.938791 0.195988 0.933626 0.185185 0.905733 0.232639
0 0.921746 0.186343 0.927169 0.17554 0.896178 0.158179
0 0.923295 0.176698 0.932335 0.186343 0.904959 0.223765
0 0.920455 0.147377 0.924587 0.155093 0.890238 0.176312
0 0.936209 0.170525 0.929494 0.179398 0.917872 0.143519
0 0.91219 0.141975 0.913481 0.154321 0.875517 0.151235
0 0.934143 0.149306 0.934917 0.13233 0.890238 0.13966
0 0.938533 0.09838 0.929752 0.089892 0.917355 0.13966
0 0.919163 0.08179 0.923037 0.07446 0.931043 0.094522
0 0.922521 0.102238 0.929752 0.089892 0.899793 0.066744
0 0.864928 0.084877 0.871384 0.070216 0.91219 0.104938
0 0.896178 0.058642 0.900052 0.047454 0.930269 0.079861
0 0.873967 0.068287 0.878099 0.05787 0.9078 0.089506
0 0.881198 0.043596 0.876033 0.052855 0.904959 0.07909
0 0.857955 0.045139 0.850207 0.054784 0.878099 0.079861
0 0.845816 0.042438 0.838585 0.053241 0.866477 0.080247
0 0.33187 0.25463 0.324638 0.248843 0.337035 0.219907
0 0.31095 0.165123 0.31689 0.155478 0.343492 0.197531
0 0.344783 0.124614 0.340651 0.111883 0.376808 0.087963
0 0.32593 0.093364 0.336777 0.089892 0.33626 0.149306
0 0.357438 0.048997 0.352273 0.035494 0.31999 0.07909
0 0.318182 0.068287 0.308626 0.060571 0.293647 0.112654
0 0.302169 0.05787 0.311209 0.068673 0.28125 0.100309
0 0.325413 0.064429 0.32593 0.052855 0.303977 0.054784
0 0.340651 0.030864 0.347882 0.041281 0.322056 0.054784
0 0.333678 0.030864 0.338843 0.044367 0.307851 0.051312
0 0.31999 0.033951 0.321539 0.042438 0.2828 0.03588
0 0.303977 0.045525 0.300103 0.037423 0.276343 0.061728
0 0.29313 0.064815 0.298037 0.052083 0.260589 0.045525
0 0.272986 0.040509 0.27686 0.056713 0.241994 0.066744
0 0.264721 0.091435 0.268595 0.07909 0.299329 0.084877
0 0.266012 0.070216 0.267045 0.084105 0.289773 0.064815
0 0.260072 0.090664 0.268595 0.07909 0.234762 0.037809
0 0.245351 0.089892 0.254907 0.084105 0.261364 0.141975
0 0.212293 0.109182 0.217975 0.125386 0.250258 0.087577
0 0.21875 0.134259 0.206612 0.129244 0.223915 0.087577
0 0.230888 0.053241 0.241219 0.060957 0.207903 0.106096
0 0.220041 0.057099 0.225723 0.063657 0.203254 0.088735
0 0.199897 0.127315 0.206353 0.118441 0.228564 0.165123
0 0.245868 0.255401 0.242769 0.241898 0.279959 0.229552
0 0.216684 0.244213 0.227014 0.250772 0.204029 0.28858
0 0.223399 0.186343 0.235021 0.182485 0.240186 0.259259
0 0.201963 0.21875 0.209194 0.221836 0.220816 0.174383
0 0.168647 0.210262 0.177428 0.198688 0.205837 0.249614
0 0.15031 0.197917 0.16064 0.189043 0.175362 0.259645
0 0.201446 0.195602 0.208419 0.185957 0.18311 0.150463
0 0.200671 0.061728 0.208936 0.066744 0.197572 0.109182
0 0.208419 0.050154 0.200155 0.055941 0.213585 0.097222
0 0.189824 0.052855 0.200155 0.050154 0.18905 0.106096
0 0.212293 0.033565 0.221849 0.039352 0.208419 0.070216
0 0.197314 0.131173 0.201963 0.12037 0.168388 0.110725
0 0.166322 0.045139 0.167097 0.057099 0.207128 0.04321
0 0.15625 0.067515 0.159866 0.08179 0.195506 0.052855
0 0.164514 0.093364 0.170971 0.083719 0.184659 0.11304
0 0.195506 0.126543 0.203254 0.11767 0.18001 0.107253
0 0.162707 0.075231 0.165031 0.089506 0.191116 0.062886
0 0.152118 0.109182 0.158833 0.120756 0.18311 0.07716
0 0.188275 0.119599 0.181818 0.11304 0.171746 0.157407
0 0.172262 0.118827 0.182593 0.122685 0.167614 0.158951
0 0.164514 0.142747 0.157541 0.135802 0.177428 0.093364
0 0.235021 0.304012 0.243285 0.29784 0.228306 0.248843 0.235021 0.306713
0 0.241219 0.334877 0.23218 0.327932 0.253099 0.275849
0 0.177428 0.281636 0.184401 0.275077 0.199897 0.322145
0 0.164773 0.189815 0.16968 0.184414 0.187758 0.210262
0 0.149019 0.167824 0.155733 0.172454 0.161932 0.13233
0 0.167872 0.165895 0.161415 0.172454 0.176136 0.196759
0 0.166581 0.17554 0.153667 0.173611 0.17407 0.149306
0 0.159349 0.17554 0.164773 0.164738 0.197314 0.190972
0 0.151085 0.183256 0.157025 0.168596 0.193698 0.195988
0 0.239928 0.434028 0.245868 0.421682 0.211777 0.387731 0.241219 0.435957
0 0.185176 0.325231 0.197314 0.321373 0.199897 0.392747
0 0.227789 0.360725 0.231663 0.343364 0.265238 0.390432
0 0.234246 0.475309 0.232955 0.461034 0.275568 0.467593
0 0.211519 0.419753 0.223399 0.418596 0.222107 0.486883
0 0.19938 0.412037 0.208936 0.408951 0.210227 0.469907
0 0.186467 0.49267 0.19938 0.495756 0.19938 0.433256
0 0.227789 0.532407 0.215393 0.528549 0.232955 0.461034
0 0.181302 0.496914 0.189566 0.500772 0.170196 0.548997
0 0.144628 0.520833 0.151085 0.51196 0.178202 0.56713
0 0.16064 0.498457 0.151601 0.506173 0.180527 0.563272
0 0.146694 0.491898 0.15031 0.502315 0.180785 0.465664
0 0.142562 0.510417 0.14282 0.495756 0.18311 0.493827
0 0.18595 0.45409 0.17407 0.455247 0.172262 0.398148
0 0.153667 0.478395 0.154959 0.467593 0.193698 0.475694
0 0.158316 0.465278 0.161674 0.459105 0.191374 0.46412
0 0.15186 0.462577 0.153151 0.448688 0.191374 0.458719
0 0.154442 0.439815 0.157025 0.449846 0.190857 0.428241
0 0.14282 0.459105 0.147211 0.471836 0.183368 0.435185
0 0.147469 0.440972 0.146178 0.427855 0.188275 0.42284
0 0.153926 0.414352 0.157541 0.427855 0.177944 0.402778
0 0.145919 0.41088 0.149277 0.424769 0.1875 0.390818
0 0.153667 0.381944 0.158316 0.399306 0.192407 0.355324
0 0.145661 0.36304 0.150052 0.351466 0.175103 0.371914
0 0.150052 0.347222 0.15031 0.349151 0.15186 0.359182 0.188791 0.349151
0 0.145403 0.338735 0.153151 0.347608 0.176911 0.304012
0 0.153667 0.323688 0.162965 0.330247 0.153409 0.270062
0 0.148502 0.298225 0.155733 0.306713 0.182335 0.255787
0 0.147211 0.309028 0.153667 0.298997 0.180269 0.333719
0 0.335227 0.59838 0.342975 0.592593 0.35718 0.638503
0 0.170196 0.614583 0.172779 0.601466 0.209452 0.636574
0 0.188275 0.781636 0.178461 0.787037 0.173037 0.728395
0 0.236054 0.765046 0.236054 0.751929 0.201446 0.753472
0 0.13688 0.749614 0.144112 0.741898 0.158316 0.786651
0 0.138946 0.732253 0.145919 0.721836 0.161674 0.771605
0 0.139205 0.702546 0.144886 0.688272 0.169938 0.742284
0 0.14282 0.678627 0.149793 0.668981 0.168905 0.727238
0 0.142045 0.668596 0.146178 0.655093 0.176653 0.692901
0 0.146694 0.638503 0.145661 0.653935 0.181043 0.657407
0 0.137913 0.618827 0.144628 0.607253 0.167355 0.660108
0 0.140238 0.59375 0.145919 0.58642 0.157283 0.627315
0 0.140238 0.570988 0.148244 0.565201 0.153667 0.611883
0 0.151343 0.564815 0.144886 0.576389 0.169421 0.608796
0 0.153667 0.560957 0.149277 0.570602 0.187242 0.591435
0 0.340393 0.798997 0.347107 0.790123 0.317924 0.75733
0 0.365702 0.876929 0.375517 0.871142 0.357438 0.8125
0 0.397986 0.881173 0.410382 0.883102 0.402376 0.8125
0 0.351498 0.88696 0.341684 0.885417 0.354855 0.832948 0.352531 0.888889
0 0.33936 0.893519 0.33032 0.888889 0.344267 0.837191
0 0.319215 0.881173 0.328771 0.890432 0.339876 0.83642
0 0.322314 0.887731 0.3125 0.881173 0.327996 0.828704
0 0.306043 0.878086 0.299329 0.883102 0.298037 0.83179
0 0.303719 0.885031 0.313791 0.885031 0.307076 0.829475
0 0.287448 0.885417 0.287448 0.885802 0.296746 0.89159 0.314566 0.830633
0 0.283058 0.873843 0.274793 0.865741 0.298037 0.83179
0 0.282541 0.884645 0.274019 0.887346 0.270919 0.835262
0 0.261622 0.867284 0.25439 0.863426 0.277893 0.825231
0 0.240186 0.833719 0.241219 0.822145 0.281508 0.842978
0 0.237345 0.838735 0.239669 0.853009 0.270919 0.826003
0 0.232438 0.833719 0.226756 0.846836 0.261622 0.856867
0 0.268853 0.883488 0.259039 0.891204 0.248967 0.845293
0 0.225723 0.875 0.234762 0.876157 0.233471 0.825231
0 0.237345 0.890432 0.23063 0.876157 0.265754 0.854552
0 0.2203 0.883873 0.215651 0.875 0.241477 0.844522
0 0.2172 0.892747 0.215393 0.878858 0.254132 0.875772
0 0.214101 0.890432 0.207645 0.878858 0.232696 0.842978
0 0.220816 0.821373 0.22314 0.831019 0.256973 0.815972
0 0.227531 0.814043 0.23063 0.80054 0.267562 0.8125
0 0.215393 0.818287 0.209969 0.803627 0.253874 0.777778
0 0.193182 0.832562 0.1875 0.819444 0.229339 0.780864
0 0.182076 0.819444 0.176395 0.804784 0.208936 0.786265
0 0.137138 0.779321 0.144628 0.76929 0.1547 0.80787
0 0.141529 0.796296 0.146178 0.808256 0.18156 0.777778
0 0.137138 0.821373 0.146952 0.831404 0.172779 0.782793
0 0.168647 0.840664 0.159866 0.832948 0.180527 0.808256
0 0.175103 0.851852 0.176911 0.838349 0.203512 0.850694
0 0.15186 0.841049 0.145919 0.833719 0.170196 0.792824
0 0.141529 0.844136 0.143079 0.82716 0.170713 0.842978
0 0.144112 0.852623 0.145403 0.835648 0.177686 0.858025
0 0.148244 0.859568 0.158574 0.864583 0.166064 0.805941
0 0.154959 0.858025 0.159866 0.868441 0.178977 0.825617
0 0.150568 0.86767 0.160899 0.876157 0.183626 0.824074
0 0.20093 0.885417 0.195764 0.873843 0.226756 0.846836
0 0.209452 0.886574 0.201188 0.882716 0.215651 0.83179
0 0.197056 0.886574 0.188275 0.881944 0.221074 0.840278
0 0.183368 0.878086 0.190857 0.881559 0.216942 0.841435
0 0.17407 0.885417 0.169938 0.869985 0.212035 0.844522
0 0.162965 0.876929 0.171746 0.885802 0.197314 0.833333
0 0.43905 0.880015 0.430785 0.887346 0.414256 0.836806
0 0.450671 0.885417 0.462035 0.883873 0.449638 0.81983
0 0.430785 0.902392 0.430269 0.905093 0.425878 0.887346 0.4672 0.866512
0 0.502583 0.896219 0.511364 0.888503 0.482696 0.843364
0 0.488895 0.893133 0.496643 0.903164 0.517562 0.85841
0 0.548295 0.856481 0.543388 0.842593 0.583936 0.826775
0 0.590909 0.885802 0.59814 0.893133 0.608213 0.846065
0 0.618802 0.842207 0.622159 0.82716 0.661932 0.850694
0 0.577221 0.883488 0.571539 0.893133 0.548295 0.856481
0 0.577221 0.903935 0.571539 0.885802 0.610279 0.854938
0 0.710486 0.795139 0.702479 0.786651 0.73218 0.746914
0 0.731147 0.78125 0.736829 0.792052 0.707645 0.815586
0 0.710486 0.890432 0.699638 0.895062 0.687758 0.837577
0 0.718233 0.887731 0.729597 0.88966 0.722624 0.819059
0 0.737603 0.88966 0.749225 0.893519 0.745351 0.821759
0 0.760072 0.887731 0.770661 0.894676 0.786674 0.837577
0 0.829804 0.806713 0.838843 0.811728 0.81999 0.86034
0 0.835486 0.746914 0.83626 0.758488 0.800103 0.756173
0 0.841426 0.729167 0.851756 0.719907 0.868802 0.779321
0 0.880165 0.728781 0.884039 0.714892 0.845816 0.688272
0 0.862087 0.888503 0.85563 0.896605 0.825413 0.861883 0.861312 0.887731
0 0.881457 0.896219 0.885847 0.885802 0.843233 0.865741
0 0.88688 0.874228 0.880424 0.885417 0.856147 0.835262
0 0.903926 0.89159 0.89876 0.902778 0.878099 0.87037
0 0.917872 0.729552 0.927944 0.729552 0.917097 0.783565
0 0.938791 0.761188 0.945506 0.750386 0.912707 0.717207
0 0.93905 0.798225 0.934659 0.8125 0.898244 0.79591
0 0.936467 0.765818 0.945506 0.772762 0.929236 0.821373
0 0.936983 0.828704 0.936209 0.841435 0.889721 0.823302
0 0.934401 0.881173 0.922262 0.880015 0.922004 0.837191
0 0.913223 0.873071 0.922262 0.880015 0.929494 0.834877
0 0.909866 0.886574 0.898244 0.889275 0.892045 0.824846
0 0.922262 0.885802 0.918388 0.896991 0.883006 0.856096
0 0.481921 0.565201 0.503874 0.570988 0.493543 0.476466
0 0.490961 0.678241 0.484504 0.66358 0.463326 0.688657