0 0.537448 0.415895 0.543388 0.404707 0.57438 0.437114
0 0.569215 0.373843 0.571798 0.361883 0.602014 0.396991
0 0.61751 0.390432 0.621901 0.377315 0.667872 0.399306
0 0.651085 0.371142 0.638688 0.366512 0.654442 0.315586
0 0.642304 0.322145 0.639463 0.307099 0.601756 0.331019
0 0.577738 0.342978 0.572314 0.331019 0.594783 0.308256
0 0.606405 0.283565 0.600723 0.298225 0.567665 0.265432
0 0.666322 0.315972 0.677428 0.319444 0.671488 0.273534
0 0.662707 0.262346 0.669163 0.275077 0.68905 0.237269
0 0.66968 0.237269 0.664514 0.253086 0.636364 0.219522
0 0.510331 0.255787 0.502066 0.246142 0.534607 0.21142
0 0.720041 0.298225 0.726756 0.29321 0.733471 0.329861
0 0.760072 0.293981 0.75439 0.280864 0.726498 0.303241
0 0.754907 0.331404 0.76188 0.324074 0.783316 0.373843
0 0.73812 0.415895 0.745351 0.400849 0.706095 0.371142
0 0.697314 0.258488 0.708419 0.266204 0.720041 0.213349
0 0.602789 0.185185 0.597882 0.174383 0.623192 0.157407
0 0.627841 0.207948 0.625 0.191358 0.662965 0.19213
0 0.635331 0.164352 0.631457 0.150077 0.671746 0.141204
0 0.69344 0.165509 0.683884 0.159336 0.675878 0.216821
0 0.557335 0.212963 0.550103 0.199074 0.584969 0.17284
0 0.505424 0.166667 0.509039 0.149691 0.548812 0.174383
0 0.53564 0.142747 0.538223 0.124614 0.577738 0.146605
0 0.49845 0.13696 0.509556 0.140818 0.517304 0.092207
0 0.533058 0.084105 0.522986 0.078318 0.515754 0.130787
0 0.546229 0.074074 0.546229 0.063657 0.58032 0.057099
0 0.567665 0.07716 0.57438 0.067515 0.602531 0.097222
0 0.596074 0.058642 0.605114 0.044367 0.631973 0.097222
0 0.658833 0.096451 0.659607 0.078318 0.709711 0.088735
0 0.659607 0.067515 0.659866 0.052083 0.703771 0.060957
0 0.745868 0.202546 0.75594 0.199074 0.755424 0.255787
0 0.805269 0.294367 0.810434 0.275849 0.765496 0.256944
0 0.774019 0.200617 0.771436 0.185957 0.809143 0.189043 0.774019 0.200617
0 0.76782 0.138889 0.773244 0.129244 0.798812 0.165895
0 0.761105 0.17091 0.762138 0.153549 0.718233 0.151235
0 0.742252 0.146219 0.739669 0.133102 0.765496 0.125386
0 0.734762 0.083333 0.735279 0.095679 0.765754 0.088349
0 0.729339 0.102238 0.719267 0.104167 0.729081 0.153935
0 0.7172 0.091049 0.726498 0.102238 0.698347 0.141204
0 0.724174 0.086034 0.722624 0.103781 0.775052 0.093364
0 0.756973 0.11767 0.759556 0.103781 0.796746 0.129244
0 0.787965 0.11767 0.798037 0.123457 0.803202 0.069059
0 0.444215 0.133488 0.454029 0.126929 0.430785 0.077932
0 0.466684 0.074074 0.466426 0.072145 0.465651 0.059799 0.506973 0.055941
0 0.571798 0.045525 0.56999 0.031636 0.608213 0.029321
0 0.569215 0.01929 0.573347 0.00733 0.608988 0.027006
0 0.536674 0.02662 0.544163 0.016204 0.57593 0.050926
0 0.548295 0.002315 0.539773 0.015432 0.583936 0.048611
0 0.514205 0.013503 0.527634 0.015432 0.524277 0.071373
0 0.502066 0.010031 0.511364 0.011574 0.499225 0.055941
0 0.496126 0.009645 0.489153 0.011188 0.496126 0.05517
0 0.490186 0.00733 0.482438 0.006944 0.489153 0.057099
0 0.473915 0.005787 0.483729 0.010031 0.458936 0.036651
0 0.466942 0.003086 0.457128 0.008873 0.477789 0.059799
0 0.446798 0.002315 0.457386 0.000772 0.457903 0.05787
0 0.443698 0.0 0.449638 0.010802 0.415806 0.027778
0 0.398502 0.007716 0.409091 0.002701 0.430269 0.04784
0 0.365702 0.001929 0.354597 0.000386 0.352789 0.04784
0 0.347882 0.037037 0.352789 0.04784 0.321023 0.063657
0 0.377841 0.050154 0.388946 0.042824 0.395661 0.092593
0 0.400568 0.094136 0.397211 0.081019 0.422262 0.068673
0 0.384039 0.155864 0.384556 0.135802 0.428977 0.145062
0 0.298812 0.134259 0.303461 0.119985 0.332386 0.150849
0 0.314566 0.198302 0.30501 0.193287 0.291581 0.239583
0 0.336777 0.236497 0.332903 0.217978 0.380165 0.198302
0 0.259298 0.336806 0.26782 0.325231 0.241736 0.290509 0.258264 0.334105
0 0.354081 0.361111 0.363895 0.351852 0.343492 0.312114
0 0.203254 0.262731 0.193698 0.251929 0.220041 0.216435
0 0.198864 0.23534 0.195506 0.221451 0.225465 0.207176
0 0.221591 0.197145 0.213326 0.214892 0.191632 0.16821
0 0.196539 0.13233 0.187242 0.119213 0.223915 0.078318
0 0.206095 0.039352 0.194473 0.039352 0.189824 0.097608
0 0.164256 0.099151 0.154959 0.080247 0.195506 0.042052
0 0.147727 0.069444 0.146436 0.050154 0.193182 0.04784
0 0.143079 0.17554 0.138171 0.158951 0.169938 0.128472
0 0.16219 0.282022 0.151085 0.269676 0.179236 0.224537
0 0.14876 0.32446 0.142045 0.319444 0.151601 0.289352
0 0.139721 0.303627 0.13249 0.291281 0.156508 0.25463
0 0.169421 0.379244 0.154959 0.378472 0.159866 0.312114
0 0.339618 0.0 0.351756 0.003858 0.315599 0.055941
0 0.307851 0.0 0.321023 0.0 0.308884 0.054398
0 0.243285 0.006173 0.255424 0.000386 0.283833 0.042824
0 0.234504 0.0 0.241736 0.0 0.227789 0.043596
0 0.221591 0.0 0.231147 0.0 0.203771 0.029321 0.220041 0.0
0 0.172779 0.040123 0.165548 0.027006 0.194473 0.0
0 0.393337 0.371914 0.405733 0.371914 0.402376 0.322917
0 0.417355 0.559414 0.40625 0.553627 0.390754 0.606867
0 0.455062 0.66088 0.454545 0.646605 0.500258 0.653549
0 0.36906 0.393519 0.365186 0.378472 0.393337 0.361111
0 0.321023 0.422454 0.329029 0.408179 0.300103 0.370756
0 0.295455 0.400849 0.304494 0.388503 0.280992 0.353395
0 0.260072 0.445602 0.247159 0.438272 0.26782 0.380015
0 0.202221 0.410108 0.192149 0.399306 0.21875 0.356867
0 0.173812 0.473765 0.18311 0.462963 0.154184 0.421682
0 0.134814 0.49537 0.143853 0.498843 0.142562 0.462963
0 0.152118 0.564429 0.16374 0.572917 0.173295 0.513889
0 0.128616 0.611111 0.138688 0.614198 0.137655 0.55517
0 0.124225 0.643519 0.135847 0.640046 0.13249 0.70409
0 0.172779 0.714892 0.182076 0.706404 0.149277 0.656636
0 0.301653 0.86034 0.290031 0.857639 0.302686 0.792824
0 0.28564 0.865355 0.291581 0.85108 0.247159 0.832176
0 0.202221 0.856867 0.193698 0.847608 0.220041 0.815201
0 0.179236 0.85108 0.190341 0.855324 0.205579 0.792824
0 0.14876 0.854552 0.139721 0.840278 0.18001 0.807099
0 0.138171 0.744599 0.133264 0.726466 0.175362 0.71142
0 0.115961 0.721451 0.127583 0.717207 0.133264 0.783951
0 0.340134 0.86767 0.346849 0.857639 0.309401 0.828704
0 0.35718 0.866127 0.347366 0.865355 0.35124 0.814429
0 0.38843 0.874228 0.381715 0.861883 0.417355 0.847608
0 0.433368 0.861111 0.422262 0.86767 0.404442 0.794753
0 0.420713 0.876929 0.426911 0.86034 0.378357 0.837963
0 0.445248 0.877701 0.438017 0.868441 0.462293 0.832176
0 0.460744 0.875 0.456353 0.86034 0.495868 0.845293
0 0.482955 0.791281 0.486829 0.803627 0.454029 0.818673
0 0.583678 0.876929 0.591426 0.861111 0.549845 0.828704
0 0.633781 0.841049 0.636364 0.823688 0.599174 0.799769
0 0.686467 0.78125 0.684401 0.766204 0.717717 0.761188
0 0.620868 0.699846 0.62655 0.684028 0.669163 0.719136
0 0.661932 0.521991 0.668647 0.534722 0.638688 0.568673
0 0.69938 0.545525 0.711002 0.534722 0.724432 0.586806
0 0.725981 0.782793 0.725981 0.779707 0.725981 0.766204 0.762138 0.779707
0 0.733213 0.837963 0.743802 0.832176 0.725981 0.782793
0 0.709969 0.871914 0.720558 0.871914 0.716684 0.816358
0 0.792872 0.840278 0.792097 0.823688 0.748192 0.829475
0 0.75594 0.885802 0.759298 0.872685 0.723657 0.86767
0 0.776085 0.890818 0.780992 0.881173 0.744835 0.851852
0 0.783316 0.762346 0.779442 0.745756 0.814308 0.733796
0 0.833419 0.812886 0.836777 0.797068 0.788223 0.778935
0 0.824897 0.752315 0.835486 0.744599 0.852273 0.787809
0 0.874483 0.763889 0.867769 0.748071 0.83781 0.778935
0 0.86906 0.787809 0.869576 0.801312 0.832903 0.805556
0 0.873967 0.794753 0.875517 0.80787 0.833419 0.812886
0 0.840134 0.69483 0.832903 0.680941 0.864411 0.649306
0 0.832128 0.648534 0.83781 0.667438 0.800103 0.679784
0 0.845041 0.643519 0.847366 0.622685 0.888946 0.645062
0 0.884039 0.623457 0.871126 0.628472 0.867252 0.575231
0 0.889463 0.576775 0.878357 0.58179 0.871643 0.525463
0 0.911674 0.526235 0.912965 0.542052 0.87061 0.541281
0 0.87061 0.520448 0.864928 0.503086 0.826188 0.543596
0 0.935692 0.51466 0.941116 0.528935 0.903409 0.554398
0 0.892304 0.699846 0.887913 0.686728 0.852273 0.724923
0 0.737603 0.46142 0.753357 0.45216 0.764979 0.525463
0 0.779442 0.472994 0.787707 0.46875 0.78874 0.516204
0 0.917872 0.481481 0.907283 0.472222 0.88843 0.525463
0 0.899535 0.454861 0.907283 0.464892 0.874483 0.503858
0 0.940083 0.466435 0.929494 0.459105 0.918905 0.508102
0 0.940599 0.45216 0.932851 0.443287 0.917872 0.481481
0 0.940599 0.439043 0.933884 0.419753 0.907283 0.464892
0 0.928977 0.408951 0.918905 0.400849 0.903926 0.449074
0 0.940599 0.400077 0.935692 0.386574 0.90186 0.424769
0 0.932335 0.378472 0.939566 0.390046 0.902893 0.41821
0 0.915548 0.363426 0.92562 0.369985 0.898502 0.418981
0 0.939566 0.346065 0.933368 0.332562 0.908316 0.373457
0 0.89282 0.308642 0.902376 0.300154 0.912965 0.35841
0 0.866736 0.283565 0.878357 0.283565 0.866219 0.346065
0 0.823864 0.359954 0.834969 0.364969 0.81999 0.41088
0 0.808884 0.250386 0.81999 0.24537 0.830062 0.298611
0 0.898502 0.250386 0.88843 0.239583 0.866736 0.283565
0 0.915548 0.274691 0.908316 0.259645 0.877324 0.304398
0 0.819473 0.168981 0.811725 0.157407 0.841684 0.137346
0 0.845558 0.150077 0.849948 0.162423 0.815599 0.180556
0 0.867252 0.1875 0.861054 0.173997 0.833419 0.209877
0 0.852273 0.145833 0.861829 0.150849 0.844525 0.198302
0 0.856147 0.130015 0.867769 0.126543 0.865702 0.176698
0 0.873967 0.21875 0.863378 0.210648 0.852273 0.260417
0 0.90186 0.20409 0.891271 0.195602 0.878357 0.256944
0 0.885072 0.16088 0.871126 0.155093 0.868285 0.221451
0 0.892304 0.130015 0.904442 0.131559 0.896694 0.186343 0.892562 0.13233
0 0.841684 0.102623 0.844525 0.121528 0.801136 0.121528
0 0.832903 0.061728 0.8422 0.056713 0.844008 0.116512
0 0.795455 0.032793 0.807851 0.026235 0.829545 0.065972
0 0.639721 0.012731 0.653667 0.011188 0.658058 0.07446
0 0.677169 0.016204 0.68595 0.022762 0.669163 0.059414
0 0.72314 0.025463 0.722107 0.037809 0.686467 0.041281
0 0.696023 0.006944 0.68595 0.022762 0.72314 0.052083
0 0.729855 0.070988 0.725981 0.056713 0.758264 0.048611
0 0.772211 0.024306 0.766012 0.037037 0.811725 0.054398
0 0.747676 0.034336 0.75439 0.029321 0.776601 0.067515
0 0.747676 0.012731 0.743802 0.026235 0.777118 0.04784
0 0.73812 0.018519 0.733729 0.032022 0.768337 0.064429
0 0.733729 0.021991 0.724432 0.03125 0.751033 0.079475
0 0.722624 0.015432 0.73218 0.017747 0.723657 0.068673
0 0.894112 0.09375 0.897727 0.100309 0.873967 0.124228
0 0.884039 0.064429 0.893853 0.060957 0.898244 0.115741
0 0.856921 0.07446 0.86157 0.063657 0.889463 0.095293
0 0.853048 0.046296 0.85718 0.051312 0.829287 0.078318
0 0.871126 0.021991 0.863636 0.032793 0.896952 0.071373
0 0.863636 0.025849 0.87061 0.039352 0.8453 0.072145
0 0.847882 0.040509 0.853306 0.030864 0.882748 0.070602
0 0.828771 0.032022 0.83626 0.021991 0.86157 0.068673
0 0.941632 0.160108 0.938533 0.147377 0.895661 0.163966
0 0.936467 0.13696 0.941632 0.15162 0.908833 0.187114
0 0.92407 0.129244 0.933368 0.137731 0.903667 0.191744
0 0.943698 0.278935 0.940341 0.264275 0.9047 0.283565
0 0.938533 0.251929 0.93905 0.262346 0.902118 0.255401
0 0.93595 0.241127 0.942924 0.251543 0.912707 0.278549
0 0.911932 0.196759 0.921488 0.195988 0.911932 0.251543
0 0.941632 0.224537 0.935692 0.217207 0.913998 0.253472
0 0.929236 0.211034 0.935692 0.217207 0.912448 0.244985
0 0.941632 0.200617 0.939824 0.216821 0.909349 0.203704
0 0.942924 0.182485 0.936467 0.176312 0.920455 0.223765
0 0.938533 0.173611 0.926136 0.168596 0.916581 0.231481
0 0.939566 0.09375 0.929494 0.090664 0.927428 0.136188
0 0.926653 0.086034 0.93595 0.091435 0.912707 0.151235
0 0.924845 0.065586 0.93311 0.074074 0.910124 0.126543
0 0.930527 0.055941 0.939824 0.062886 0.92407 0.106867
0 0.915031 0.290509 0.920455 0.298225 0.895919 0.338735
0 0.933368 0.30787 0.930785 0.291281 0.888171 0.313272
0 0.913998 0.336806 0.920971 0.334877 0.923554 0.30787
0 0.936983 0.316358 0.926653 0.307485 0.913998 0.354938
0 0.931818 0.634259 0.925362 0.619985 0.886105 0.658565
0 0.89437 0.606481 0.901601 0.592978 0.931302 0.650849
0 0.937758 0.556327 0.930527 0.543596 0.905992 0.570602
0 0.936983 0.573688 0.932593 0.562886 0.901601 0.592978
0 0.942924 0.595679 0.941632 0.580247 0.901601 0.58912
0 0.940857 0.602623 0.938275 0.591049 0.9047 0.625772
0 0.94344 0.618827 0.940857 0.602623 0.908574 0.628472
0 0.799587 0.891975 0.806043 0.880401 0.776343 0.84838
0 0.813017 0.893904 0.801395 0.888889 0.819473 0.846451
0 0.820248 0.883102 0.813017 0.893904 0.777634 0.844522
0 0.82593 0.886188 0.83187 0.888889 0.834969 0.852238
0 0.840909 0.885031 0.835744 0.895833 0.808626 0.865741
0 0.853048 0.897762 0.857696 0.88696 0.824122 0.852238
0 0.854339 0.876543 0.841426 0.86767 0.85563 0.815586
0 0.860795 0.870756 0.852531 0.870756 0.858213 0.816744
0 0.871126 0.894676 0.882231 0.891975 0.86157 0.828318 0.869835 0.898534
0 0.888688 0.890818 0.877583 0.892747 0.88094 0.82446
0 0.90031 0.726852 0.896952 0.710648 0.857696 0.731867
0 0.895661 0.761574 0.895661 0.771219 0.865961 0.778935
0 0.891787 0.749228 0.900826 0.747299 0.893079 0.78588
0 0.907283 0.741512 0.898244 0.741512 0.903409 0.776235
0 0.893079 0.823302 0.896952 0.812886 0.86906 0.787809
0 0.913223 0.888117 0.908574 0.898534 0.875 0.861883
0 0.918388 0.871528 0.914514 0.879244 0.887397 0.845679
0 0.923554 0.865741 0.920196 0.881173 0.884814 0.863812
0 0.908574 0.837963 0.909866 0.826389 0.869835 0.811728
0 0.91374 0.821373 0.909866 0.826389 0.880165 0.787809
0 0.918388 0.811728 0.91374 0.821373 0.895661 0.771219
0 0.915031 0.793596 0.926136 0.799383 0.91064 0.859182 0.915031 0.793981
0 0.935176 0.853395 0.929236 0.868827 0.906767 0.825231
0 0.926653 0.828318 0.930527 0.847608 0.893079 0.854167
0 0.912448 0.768519 0.922262 0.761574 0.927428 0.815586
0 0.929236 0.756944 0.937758 0.76466 0.918905 0.795525
0 0.931302 0.76466 0.934401 0.757716 0.905475 0.734568
0 0.941632 0.768519 0.933884 0.778935 0.9047 0.743441
0 0.94344 0.780093 0.937758 0.76466 0.91968 0.807099
0 0.940857 0.751157 0.936467 0.738426 0.915806 0.76929
0 0.938275 0.728009 0.931818 0.74537 0.896952 0.710648
0 0.935692 0.713349 0.940341 0.722994 0.895661 0.735725
0 0.934401 0.70679 0.931818 0.718364 0.89437 0.690201
0 0.935176 0.688272 0.93905 0.702932 0.90031 0.702932
0 0.922262 0.684414 0.917614 0.694059 0.887913 0.67284
0 0.926136 0.668981 0.922262 0.684414 0.88094 0.682485
0 0.936467 0.670139 0.930527 0.686343 0.895661 0.65162