0 0.476240 0.219907 0.481921 0.206404 0.494060 0.222029
0 0.494318 0.194059 0.497676 0.178627 0.477015 0.182484
0 0.594267 0.191358 0.594267 0.175540 0.570765 0.183449
0 0.612603 0.202932 0.621643 0.192130 0.603564 0.175347
0 0.642820 0.273148 0.653926 0.277778 0.649664 0.250772
0 0.720300 0.243441 0.729855 0.253086 0.713197 0.269290
0 0.762138 0.163194 0.750775 0.154321 0.750903 0.178627
0 0.729339 0.164352 0.726756 0.179398 0.709581 0.165509
0 0.692665 0.173611 0.693957 0.156250 0.674200 0.162230
0 0.645919 0.162037 0.647469 0.141975 0.624483 0.148534
0 0.618285 0.125772 0.619060 0.110340 0.635718 0.120757
0 0.640238 0.104552 0.642304 0.121528 0.615832 0.113040
0 0.662707 0.095679 0.663481 0.111111 0.650309 0.103395
0 0.638430 0.094907 0.634556 0.108025 0.622934 0.092785
0 0.604597 0.086806 0.603564 0.068673 0.582645 0.077739
0 0.582645 0.060957 0.578771 0.046296 0.565857 0.055941
0 0.595041 0.060185 0.592459 0.046682 0.581740 0.056713
0 0.545971 0.065586 0.544163 0.048611 0.528797 0.057099
0 0.468492 0.060185 0.459452 0.060185 0.463585 0.076003
0 0.457386 0.047454 0.464101 0.057870 0.447185 0.063851
0 0.764205 0.111883 0.754390 0.102238 0.748063 0.130787
0 0.668647 0.114198 0.669938 0.098765 0.689049 0.105903
0 0.653151 0.079475 0.658316 0.068673 0.669550 0.085069
0 0.651860 0.091049 0.651860 0.074460 0.631198 0.081790
0 0.607955 0.059799 0.616219 0.050540 0.626292 0.072531
0 0.640238 0.052469 0.650568 0.054012 0.645403 0.075617
0 0.701705 0.062114 0.707386 0.050154 0.723012 0.068094
0 0.688017 0.073688 0.694473 0.059028 0.709066 0.074846
0 0.674329 0.060957 0.679752 0.048611 0.691890 0.065779
0 0.655217 0.064043 0.662707 0.054398 0.671358 0.072723
0 0.656250 0.046682 0.653926 0.062114 0.673296 0.063079
0 0.805010 0.192901 0.806043 0.177855 0.786802 0.180555
0 0.791322 0.145062 0.803719 0.138117 0.805268 0.167052
0 0.803719 0.106481 0.806302 0.119985 0.790677 0.121335
0 0.807335 0.102238 0.797779 0.116898 0.816890 0.121528
0 0.811209 0.087191 0.823605 0.085262 0.817794 0.114005
0 0.821798 0.076389 0.819731 0.092593 0.841297 0.084491
0 0.815857 0.057099 0.813791 0.072531 0.833936 0.064815
0 0.786674 0.060185 0.785382 0.074460 0.801911 0.067323
0 0.768595 0.050154 0.763430 0.062886 0.780217 0.070409
0 0.752066 0.061728 0.747417 0.067901 0.756714 0.075424
0 0.751291 0.046682 0.746643 0.059799 0.762268 0.067709
0 0.736570 0.062114 0.737087 0.064815 0.741606 0.081597
0 0.728822 0.062114 0.735279 0.051312 0.746255 0.070602
0 0.844267 0.110340 0.854081 0.104552 0.856276 0.133294
0 0.845558 0.216435 0.847366 0.231481 0.830062 0.223958
0 0.808110 0.289352 0.817665 0.279707 0.825801 0.298032
0 0.854081 0.313657 0.841167 0.307099 0.849432 0.279900
0 0.877324 0.244213 0.863120 0.239198 0.870222 0.272570
0 0.876550 0.129244 0.864928 0.121914 0.865832 0.150656
0 0.901601 0.100694 0.891529 0.087963 0.886105 0.108217
0 0.904442 0.131173 0.895403 0.124614 0.895274 0.148727
0 0.903151 0.198688 0.902376 0.181327 0.883781 0.190007
0 0.907025 0.068673 0.917872 0.072531 0.912448 0.097994
0 0.928719 0.079090 0.917355 0.076389 0.923037 0.101080
0 0.927428 0.117670 0.935176 0.127315 0.927816 0.132331
0 0.941116 0.131173 0.932076 0.118056 0.928461 0.142940
0 0.931302 0.162423 0.919163 0.160494 0.925232 0.184028
0 0.937758 0.163966 0.928202 0.154321 0.922908 0.178627
0 0.938533 0.199846 0.928719 0.195216 0.928848 0.217207
0 0.941116 0.185571 0.932851 0.177469 0.931172 0.196373
0 0.913998 0.214120 0.919680 0.226080 0.904313 0.231096
0 0.916581 0.235340 0.922262 0.246142 0.908832 0.255788
0 0.897986 0.307099 0.887655 0.306713 0.892821 0.291667
0 0.928202 0.230710 0.938017 0.235340 0.926007 0.260031
0 0.944473 0.217978 0.930269 0.216049 0.936983 0.250772
0 0.793905 0.455633 0.781508 0.451389 0.785899 0.478588
0 0.816632 0.354938 0.808884 0.341821 0.800361 0.366706
0 0.846333 0.444830 0.852789 0.426312 0.869189 0.450039
0 0.861829 0.353009 0.873450 0.351080 0.867639 0.378665
0 0.939824 0.345293 0.937242 0.363812 0.918259 0.350888
0 0.939308 0.316358 0.934659 0.300154 0.919293 0.314622
0 0.908833 0.413194 0.897727 0.418981 0.901343 0.392939
0 0.941632 0.407022 0.939824 0.390818 0.922004 0.398920
0 0.945506 0.439815 0.946281 0.426698 0.931431 0.433257
0 0.937242 0.447917 0.945764 0.435957 0.926653 0.431906
0 0.942407 0.465278 0.943182 0.449460 0.922133 0.456404
0 0.938017 0.496142 0.940599 0.479552 0.917226 0.483411
0 0.944473 0.497685 0.940341 0.482639 0.922779 0.498457
0 0.944215 0.518904 0.940599 0.501929 0.924587 0.511960
0 0.942924 0.523148 0.937242 0.511188 0.927169 0.528549
0 0.947572 0.530864 0.940341 0.516975 0.928848 0.534336
0 0.944473 0.576003 0.946798 0.561728 0.931690 0.566744
0 0.938533 0.547068 0.946281 0.557870 0.929107 0.567902
0 0.883523 0.561343 0.895919 0.567515 0.884039 0.591436
0 0.816116 0.640432 0.825671 0.629244 0.829804 0.649498
0 0.823089 0.700231 0.809659 0.700617 0.816374 0.670524
0 0.876033 0.703318 0.886880 0.695602 0.872288 0.667053
0 0.889463 0.734954 0.892820 0.716821 0.871126 0.720101
0 0.883523 0.655864 0.895145 0.653164 0.891012 0.680556
0 0.949638 0.633102 0.941632 0.642747 0.938920 0.619984
0 0.944215 0.647377 0.941632 0.631173 0.923037 0.643518
0 0.941632 0.684028 0.943182 0.667824 0.924071 0.675926
0 0.940599 0.707176 0.941890 0.691744 0.923682 0.699460
0 0.948864 0.734182 0.942407 0.721836 0.933110 0.739005
0 0.950155 0.754630 0.944215 0.742670 0.934401 0.763503
0 0.857955 0.829475 0.871384 0.827932 0.864669 0.799575
0 0.792097 0.798611 0.784349 0.784336 0.801782 0.775077
0 0.762913 0.766204 0.772211 0.759259 0.763043 0.738619
0 0.756715 0.804398 0.755940 0.785494 0.777505 0.794946
0 0.946798 0.806327 0.942407 0.820988 0.923554 0.807099
0 0.940341 0.813272 0.942924 0.829475 0.924845 0.828704
0 0.951446 0.818287 0.940341 0.813272 0.943053 0.836420
0 0.728822 0.875772 0.718492 0.860340 0.735021 0.844907
0 0.714101 0.898920 0.703771 0.905864 0.704029 0.876350
0 0.772727 0.869985 0.783833 0.877701 0.787319 0.845487
0 0.807076 0.903164 0.814050 0.887346 0.798296 0.882909
0 0.815341 0.905093 0.828254 0.903164 0.819473 0.880016
0 0.846849 0.908565 0.857955 0.905864 0.847883 0.880594
0 0.849948 0.899306 0.861054 0.891204 0.850078 0.871142
0 0.858471 0.900077 0.870093 0.895448 0.862087 0.873649
0 0.943182 0.857639 0.939308 0.839506 0.920454 0.848572
0 0.883006 0.896219 0.879649 0.879630 0.903280 0.887925
0 0.886880 0.902006 0.879907 0.885417 0.900439 0.884259
0 0.879907 0.905093 0.866219 0.898920 0.877195 0.878086
0 0.500258 0.692901 0.499742 0.678241 0.485666 0.685571
0 0.469783 0.721451 0.465393 0.735340 0.451059 0.721836
0 0.336260 0.700231 0.339618 0.718750 0.359762 0.709491
0 0.336777 0.609568 0.346074 0.604167 0.349690 0.626737
0 0.317407 0.789352 0.330320 0.787037 0.322314 0.757909
0 0.419680 0.858796 0.427944 0.850694 0.411415 0.831597
0 0.575930 0.833719 0.579029 0.817901 0.597108 0.834877
0 0.615186 0.869213 0.617252 0.881944 0.597753 0.878279
0 0.638946 0.875000 0.636622 0.888503 0.616735 0.879436
0 0.621126 0.907022 0.617252 0.888503 0.638429 0.893326
0 0.612087 0.900849 0.599690 0.901235 0.605889 0.879822
0 0.565341 0.874228 0.556560 0.888503 0.549587 0.864005
0 0.553202 0.898148 0.540806 0.902778 0.544550 0.876351
0 0.532025 0.883873 0.531767 0.901235 0.511235 0.890625
0 0.457128 0.896991 0.445506 0.895448 0.453900 0.863426
0 0.433626 0.908951 0.424845 0.897377 0.445119 0.888504
0 0.411674 0.898920 0.403926 0.887346 0.420068 0.877700
0 0.378099 0.887731 0.384556 0.902006 0.398760 0.884645
0 0.398760 0.901235 0.386105 0.905864 0.388172 0.880401
0 0.364669 0.894290 0.352531 0.893133 0.362862 0.866320
0 0.349690 0.899306 0.361312 0.900849 0.357826 0.864777
0 0.322056 0.859568 0.331095 0.854938 0.325929 0.832176
0 0.315599 0.888503 0.318698 0.899306 0.336002 0.890432
0 0.332386 0.898148 0.320248 0.903164 0.326317 0.873264
0 0.346591 0.898148 0.334452 0.901235 0.337552 0.874035
0 0.284091 0.662809 0.285124 0.648148 0.267045 0.655478
0 0.306560 0.590278 0.314308 0.575231 0.298167 0.568673
0 0.225207 0.666667 0.214101 0.663580 0.219654 0.636381
0 0.218233 0.671296 0.206612 0.678241 0.205320 0.645833
0 0.200671 0.711806 0.200930 0.709105 0.198735 0.677663
0 0.167614 0.676312 0.167872 0.675926 0.181560 0.694638
0 0.218233 0.775463 0.203254 0.770062 0.212293 0.736111
0 0.296229 0.815201 0.301911 0.802469 0.287061 0.800347
0 0.237345 0.819830 0.225723 0.810571 0.236828 0.796296
0 0.215651 0.788966 0.214101 0.773920 0.232826 0.778935
0 0.184401 0.796682 0.185692 0.779321 0.204417 0.788002
0 0.145919 0.774691 0.152376 0.758488 0.163223 0.771412
0 0.173554 0.817901 0.161157 0.809414 0.176137 0.793017
0 0.179494 0.841435 0.173554 0.829475 0.192924 0.824460
0 0.167097 0.839506 0.162707 0.820216 0.186854 0.829861
0 0.158058 0.863426 0.148502 0.855710 0.159478 0.837770
0 0.143079 0.804784 0.147211 0.821759 0.156637 0.811729
0 0.141787 0.833333 0.148502 0.815972 0.155346 0.835455
0 0.139979 0.851852 0.147211 0.833719 0.153925 0.851466
0 0.236829 0.825617 0.238636 0.825231 0.253616 0.827354
0 0.248967 0.862654 0.261364 0.862269 0.254907 0.834684
0 0.240186 0.890432 0.228306 0.884645 0.239024 0.865741
0 0.212810 0.904707 0.214876 0.891204 0.237733 0.897956
0 0.214876 0.862269 0.227273 0.858410 0.218880 0.833333
0 0.197314 0.846836 0.196023 0.860725 0.179235 0.851851
0 0.180010 0.868056 0.180010 0.851080 0.200025 0.859568
0 0.170196 0.893519 0.158574 0.881944 0.172262 0.863040
0 0.182076 0.895062 0.189566 0.887346 0.175103 0.875772
0 0.185692 0.897377 0.197572 0.893519 0.190728 0.874228
0 0.181818 0.888503 0.181818 0.873843 0.199897 0.879822
0 0.209194 0.892361 0.208678 0.890046 0.216813 0.878279
0 0.217459 0.896991 0.211002 0.883873 0.228048 0.885417
0 0.284607 0.879630 0.284091 0.881944 0.264850 0.885610
0 0.280217 0.866512 0.290289 0.873843 0.286674 0.845872
0 0.258781 0.896219 0.258781 0.896219 0.266270 0.875771
0 0.289773 0.885417 0.282541 0.875772 0.293517 0.859375
0 0.297004 0.875000 0.306043 0.880015 0.303719 0.852044
0 0.303202 0.900077 0.316116 0.902778 0.309659 0.867670
0 0.278926 0.906636 0.274793 0.885417 0.299458 0.888889
0 0.155475 0.731096 0.142562 0.728395 0.149018 0.702739
0 0.140496 0.707176 0.146436 0.691744 0.157929 0.722608
0 0.142045 0.657793 0.149535 0.649306 0.152892 0.671875
0 0.145919 0.640818 0.154959 0.634645 0.157799 0.663195
0 0.181818 0.601080 0.172262 0.589506 0.188017 0.572531
0 0.166322 0.568287 0.174329 0.559799 0.170326 0.585841
0 0.152893 0.527778 0.161932 0.520833 0.159091 0.547454
0 0.145661 0.509259 0.152376 0.503472 0.151472 0.525848
0 0.273760 0.474537 0.279959 0.466821 0.270919 0.460263
0 0.163223 0.613812 0.162448 0.610725 0.173425 0.620949
0 0.171746 0.652392 0.161157 0.653164 0.166452 0.640239
0 0.143337 0.623071 0.148502 0.611883 0.151988 0.630015
0 0.152893 0.643519 0.158058 0.657793 0.169035 0.640625
0 0.152376 0.605710 0.145919 0.613812 0.156508 0.623264
0 0.151601 0.588349 0.147727 0.604938 0.165805 0.607832
0 0.161932 0.500772 0.156250 0.508488 0.163610 0.524498
0 0.149019 0.500000 0.154959 0.491898 0.161932 0.512732
0 0.152376 0.476466 0.145919 0.489969 0.159478 0.498842
0 0.177944 0.454475 0.186983 0.462191 0.179623 0.483796
0 0.182076 0.501929 0.176653 0.488040 0.192536 0.483603
0 0.145145 0.449846 0.152893 0.444059 0.156508 0.474923
0 0.218750 0.464120 0.208419 0.465278 0.210614 0.438658
0 0.220558 0.403164 0.234762 0.399306 0.228306 0.434221
0 0.236829 0.378086 0.244576 0.355324 0.252066 0.380208
0 0.276860 0.383873 0.284607 0.376157 0.274277 0.361304
0 0.249742 0.349151 0.257490 0.343364 0.249354 0.327546
0 0.213068 0.369599 0.208419 0.357253 0.224173 0.351274
0 0.201963 0.342593 0.209194 0.353009 0.216813 0.329475
0 0.192924 0.445602 0.182593 0.442901 0.190082 0.415702
0 0.151601 0.439043 0.159349 0.426312 0.159995 0.463542
0 0.155992 0.444059 0.161415 0.428627 0.180914 0.443095
0 0.153667 0.410880 0.161415 0.407407 0.161286 0.431520
0 0.149793 0.405478 0.156250 0.394676 0.166193 0.415509
0 0.154700 0.401620 0.161157 0.390046 0.166968 0.409336
0 0.148244 0.385031 0.154959 0.375386 0.164773 0.398534
0 0.151601 0.370756 0.160124 0.363812 0.169422 0.389854
0 0.153667 0.363812 0.154959 0.353395 0.173941 0.359568
0 0.155992 0.339506 0.157541 0.355324 0.177298 0.347029
0 0.150310 0.315586 0.158574 0.312500 0.157154 0.333912
0 0.167614 0.295525 0.161415 0.305170 0.174974 0.312886
0 0.151601 0.306713 0.160124 0.297454 0.161932 0.319059
0 0.154184 0.290509 0.153409 0.304784 0.171229 0.295717
0 0.163740 0.283951 0.165289 0.282793 0.178332 0.270255
0 0.152118 0.278935 0.158833 0.291281 0.162836 0.269676
0 0.157541 0.254630 0.157283 0.265432 0.177298 0.257716
0 0.277376 0.235725 0.281508 0.253858 0.298683 0.240355
0 0.313533 0.298225 0.314050 0.298611 0.323993 0.285687
0 0.280733 0.216435 0.279442 0.232639 0.263688 0.224537
0 0.228306 0.212191 0.238636 0.210648 0.233471 0.236689
0 0.227014 0.248071 0.231147 0.264275 0.207257 0.264854
0 0.192149 0.230710 0.192149 0.215278 0.215392 0.216628
0 0.162448 0.233796 0.165289 0.219907 0.188275 0.231674
0 0.152376 0.248071 0.163998 0.258873 0.163353 0.233796
0 0.265238 0.169753 0.269886 0.159336 0.280475 0.177083
0 0.214101 0.156636 0.224432 0.145062 0.233471 0.171875
0 0.230888 0.148534 0.231147 0.151620 0.256457 0.140625
0 0.192924 0.156250 0.187242 0.139275 0.205191 0.135031
0 0.164514 0.118827 0.173554 0.109182 0.175878 0.132909
0 0.168388 0.069830 0.176653 0.060957 0.176523 0.088542
0 0.166322 0.163966 0.155475 0.160108 0.164127 0.140818
0 0.178202 0.153549 0.174845 0.165895 0.195506 0.170910
0 0.201188 0.207562 0.189050 0.212577 0.190858 0.188850
0 0.154700 0.210262 0.158574 0.197145 0.172908 0.211034
0 0.158833 0.183642 0.157541 0.200617 0.172004 0.193094
0 0.168905 0.172840 0.161415 0.187114 0.172392 0.190779
0 0.182593 0.193287 0.173037 0.197917 0.175104 0.171490
0 0.217459 0.041667 0.222107 0.058256 0.205837 0.053820
0 0.209194 0.066744 0.207903 0.079475 0.224045 0.076775
0 0.227273 0.061728 0.220041 0.051312 0.212423 0.072917
0 0.250517 0.045525 0.255424 0.058256 0.238765 0.058064
0 0.258264 0.054398 0.262138 0.068673 0.246900 0.067901
0 0.278667 0.044753 0.285382 0.057099 0.269240 0.062500
0 0.292355 0.117670 0.291839 0.131559 0.274664 0.123264
0 0.308626 0.065972 0.302686 0.049383 0.288223 0.068287
0 0.313017 0.087963 0.316890 0.098765 0.302685 0.101080
0 0.309917 0.079090 0.308368 0.093750 0.293388 0.086420
0 0.342200 0.091049 0.338843 0.103395 0.326059 0.091243
0 0.351756 0.120756 0.349948 0.135031 0.334711 0.127893
0 0.350981 0.100694 0.353048 0.113812 0.333032 0.108410
0 0.393079 0.071759 0.400052 0.084877 0.383394 0.094329
0 0.307851 0.054398 0.316374 0.050154 0.316244 0.069444
0 0.325930 0.050154 0.314824 0.058256 0.327867 0.069444
0 0.340134 0.051312 0.329029 0.055170 0.337810 0.076003
0 0.344525 0.053241 0.353048 0.055941 0.346978 0.077932
0 0.358729 0.049383 0.346591 0.051312 0.352660 0.075425
