0 0.182335 0.537423 0.174845 0.533565 0.180140 0.516011
0 0.166839 0.568287 0.177686 0.567130 0.172262 0.538773
0 0.172262 0.488426 0.179236 0.484954 0.176007 0.506366
0 0.197572 0.614583 0.210486 0.613426 0.204029 0.581404
0 0.184659 0.619213 0.185176 0.636960 0.205191 0.628086
0 0.167872 0.604167 0.167614 0.615741 0.184142 0.609954
0 0.139979 0.623457 0.132231 0.610725 0.151343 0.596643
0 0.202221 0.535108 0.210744 0.527778 0.213327 0.550540
0 0.222624 0.517361 0.233213 0.513503 0.228435 0.539159
0 0.147469 0.492284 0.158316 0.491898 0.152892 0.521412
0 0.147211 0.508488 0.142045 0.522377 0.159220 0.523149
0 0.111312 0.600309 0.105114 0.586034 0.126679 0.576582
0 0.115444 0.554398 0.105888 0.547068 0.117768 0.526427
0 0.113895 0.531636 0.105630 0.523148 0.117510 0.504822
0 0.116219 0.501157 0.105630 0.491898 0.118414 0.473765
0 0.112087 0.491898 0.117252 0.480710 0.127970 0.500000
0 0.238120 0.517747 0.247676 0.512346 0.246255 0.540895
0 0.234504 0.559028 0.232955 0.540895 0.253229 0.549961
0 0.264979 0.536651 0.256198 0.528935 0.268207 0.511381
0 0.244318 0.572917 0.251808 0.581404 0.238765 0.595679
0 0.121384 0.579475 0.108213 0.577546 0.122417 0.599730
0 0.144628 0.735340 0.137655 0.719522 0.160124 0.716821
0 0.181818 0.770833 0.170196 0.766975 0.176007 0.739969
0 0.198089 0.705633 0.195506 0.687886 0.215522 0.696759
0 0.232438 0.714892 0.244576 0.722222 0.231534 0.746528
0 0.262138 0.739198 0.270145 0.726080 0.277763 0.754822
0 0.302428 0.775463 0.301395 0.756559 0.323218 0.766011
0 0.213068 0.848765 0.202996 0.844907 0.214876 0.819444
0 0.192407 0.836806 0.182335 0.827546 0.196023 0.807099
0 0.160640 0.838349 0.151860 0.819830 0.172521 0.815200
0 0.162707 0.754630 0.173037 0.758488 0.165031 0.785301
0 0.134039 0.743827 0.138430 0.726080 0.152117 0.746528
0 0.224174 0.668210 0.229339 0.682485 0.239799 0.659529
0 0.160124 0.691744 0.168905 0.697145 0.168517 0.671296
0 0.160124 0.661265 0.163223 0.672068 0.175749 0.660108
0 0.141271 0.677083 0.149019 0.685185 0.150439 0.660494
0 0.137655 0.654707 0.142820 0.663966 0.149535 0.641590
0 0.290289 0.834105 0.299329 0.843364 0.303977 0.819637
0 0.318182 0.860725 0.326188 0.869213 0.329933 0.843171
0 0.257231 0.610725 0.260331 0.624614 0.275309 0.612075
0 0.112345 0.692515 0.118285 0.687886 0.122804 0.712191
0 0.107955 0.728781 0.113895 0.717978 0.124742 0.739776
0 0.114669 0.758488 0.117769 0.770833 0.127453 0.758294
0 0.110279 0.769676 0.111054 0.781636 0.128358 0.773727
0 0.107696 0.794753 0.114153 0.809028 0.127066 0.787423
0 0.115186 0.673225 0.112087 0.684028 0.129778 0.687693
0 0.109246 0.607253 0.117769 0.606096 0.113507 0.633680
0 0.111054 0.658951 0.119060 0.661265 0.118802 0.638888
0 0.118543 0.629630 0.123450 0.621914 0.128099 0.638311
0 0.116477 0.663966 0.115186 0.673225 0.128874 0.668595
0 0.206095 0.865741 0.211002 0.875772 0.220816 0.854745
0 0.199122 0.870370 0.203771 0.864583 0.194344 0.854553
0 0.184401 0.861111 0.185434 0.850694 0.171229 0.855903
0 0.299329 0.878858 0.305527 0.874614 0.298812 0.858604
0 0.108471 0.820988 0.112345 0.811728 0.120351 0.824267
0 0.114669 0.827546 0.123450 0.834877 0.125904 0.813465
0 0.114669 0.873843 0.122676 0.873843 0.118672 0.854360
0 0.136105 0.836034 0.138946 0.826775 0.147598 0.836227
0 0.119576 0.889275 0.127841 0.891975 0.124742 0.870756
0 0.133006 0.901235 0.142562 0.901620 0.137784 0.882330
0 0.164256 0.864583 0.164256 0.874614 0.177170 0.869598
0 0.157541 0.883488 0.161932 0.896605 0.170067 0.885031
0 0.178977 0.902778 0.187242 0.899306 0.181818 0.887732
0 0.203512 0.909722 0.213326 0.902392 0.201317 0.885031
0 0.215909 0.902392 0.224690 0.900849 0.220299 0.882909
0 0.142562 0.895448 0.150310 0.897377 0.143983 0.874228
0 0.157541 0.896991 0.146694 0.894676 0.152117 0.870564
0 0.142820 0.865355 0.131973 0.857639 0.144240 0.833719
0 0.228822 0.903935 0.238378 0.910108 0.242768 0.886189
0 0.271952 0.910108 0.277376 0.902006 0.265625 0.896219
0 0.284607 0.902392 0.274535 0.901235 0.277376 0.872107
0 0.297521 0.903935 0.287448 0.905478 0.292484 0.882523
0 0.338068 0.910108 0.343750 0.898148 0.328770 0.894483
0 0.354339 0.899691 0.347366 0.907022 0.342717 0.885417
0 0.362603 0.885802 0.357438 0.893904 0.352660 0.872107
0 0.374225 0.893133 0.367510 0.898148 0.365702 0.874614
0 0.363895 0.903549 0.371384 0.910880 0.379649 0.889660
0 0.348915 0.806327 0.351240 0.826389 0.370609 0.816358
0 0.396178 0.894290 0.406250 0.901235 0.405604 0.867284
0 0.449897 0.843364 0.446023 0.860725 0.427040 0.846064
0 0.434401 0.897762 0.426395 0.909722 0.422262 0.892747
0 0.449380 0.903549 0.440341 0.903164 0.444860 0.879436
0 0.469267 0.903164 0.461519 0.909336 0.460098 0.889468
0 0.494318 0.905864 0.485537 0.907407 0.488249 0.882716
0 0.428461 0.780093 0.427428 0.796296 0.447443 0.788195
0 0.513688 0.816358 0.515496 0.830633 0.498192 0.826389
0 0.518337 0.896605 0.525310 0.910108 0.536803 0.883102
0 0.509556 0.902006 0.520145 0.902392 0.514850 0.873457
0 0.597107 0.898920 0.594008 0.911651 0.581095 0.898534
0 0.608213 0.910108 0.615702 0.903549 0.604467 0.888310
0 0.632748 0.907407 0.639979 0.899691 0.629132 0.888696
0 0.645661 0.903549 0.656767 0.904321 0.651214 0.880980
0 0.644886 0.832948 0.644370 0.846451 0.661674 0.839700
0 0.590393 0.808642 0.593492 0.819444 0.602789 0.809414
0 0.670196 0.896991 0.675878 0.907407 0.683755 0.892168
0 0.712810 0.893904 0.723915 0.902778 0.724303 0.871528
0 0.733471 0.900077 0.742510 0.910108 0.746514 0.885224
0 0.752841 0.909336 0.743802 0.897762 0.759814 0.887346
0 0.755424 0.876929 0.763946 0.887346 0.768337 0.857253
0 0.787448 0.869599 0.788223 0.885417 0.805140 0.877508
0 0.835227 0.799769 0.844008 0.812500 0.851885 0.787037
0 0.850207 0.875386 0.861312 0.871914 0.855760 0.849730
0 0.892562 0.837577 0.887397 0.821373 0.876292 0.835841
0 0.885331 0.873843 0.873192 0.869599 0.881069 0.842207
0 0.880682 0.895833 0.890754 0.907022 0.895145 0.885417
0 0.913998 0.858796 0.920455 0.847994 0.907025 0.840278
0 0.917872 0.815972 0.925362 0.826389 0.912578 0.835841
0 0.947314 0.824460 0.949897 0.811343 0.933497 0.815200
0 0.954287 0.803627 0.947314 0.813657 0.941890 0.796296
0 0.902634 0.905093 0.907800 0.895062 0.897857 0.888889
0 0.910899 0.875000 0.919163 0.877701 0.915547 0.857832
0 0.909866 0.897762 0.914256 0.902392 0.917355 0.886574
0 0.938533 0.886574 0.948864 0.883488 0.943441 0.860340
0 0.936467 0.892361 0.926395 0.891590 0.931431 0.868248
0 0.925878 0.898920 0.917097 0.900463 0.922133 0.876929
0 0.673812 0.675926 0.676911 0.691358 0.661286 0.690008
0 0.616219 0.719522 0.616219 0.736883 0.635459 0.728202
0 0.642045 0.758488 0.637397 0.743827 0.626678 0.761381
0 0.624225 0.783565 0.631457 0.797068 0.642691 0.778935
0 0.637138 0.798225 0.640496 0.783951 0.654571 0.795910
0 0.683626 0.820988 0.672004 0.807870 0.693440 0.791474
0 0.745093 0.771219 0.755940 0.764660 0.753486 0.791667
0 0.768337 0.795139 0.756715 0.790509 0.764980 0.768711
0 0.780733 0.758488 0.784866 0.775077 0.797778 0.764274
0 0.827221 0.755015 0.838843 0.753858 0.833032 0.727044
0 0.868027 0.749614 0.868027 0.767361 0.852919 0.758487
0 0.934659 0.780864 0.941890 0.771991 0.930268 0.759452
0 0.916064 0.758102 0.930269 0.761574 0.923167 0.732253
0 0.946023 0.720293 0.954804 0.711806 0.945507 0.697723
0 0.947056 0.735340 0.935692 0.734182 0.941374 0.710456
0 0.949897 0.740741 0.944215 0.753086 0.931560 0.733410
0 0.955062 0.750386 0.946798 0.739969 0.941115 0.761960
0 0.109504 0.559028 0.115444 0.546296 0.123580 0.570023
0 0.116994 0.533951 0.118027 0.520448 0.137267 0.527200
0 0.133264 0.520448 0.122417 0.530864 0.136493 0.545139
0 0.115444 0.546296 0.115961 0.528549 0.131973 0.537423
0 0.295196 0.449074 0.293647 0.466049 0.276601 0.457561
0 0.282800 0.506559 0.277893 0.519290 0.298295 0.521991
0 0.298554 0.565586 0.298554 0.583333 0.277376 0.574460
0 0.314050 0.415895 0.305785 0.420139 0.313016 0.442901
0 0.355114 0.310571 0.342459 0.312114 0.348786 0.281443
0 0.327738 0.305556 0.331612 0.316358 0.314179 0.317902
0 0.289514 0.317130 0.282800 0.331019 0.273631 0.313079
0 0.316374 0.259259 0.304236 0.274691 0.300233 0.250965
0 0.273502 0.378472 0.268595 0.361497 0.254132 0.376544
0 0.267562 0.319444 0.277376 0.331790 0.256327 0.350502
0 0.233213 0.388117 0.231921 0.399691 0.219525 0.393904
0 0.233213 0.402392 0.223915 0.395833 0.221462 0.421489
0 0.182335 0.425926 0.177428 0.440586 0.195765 0.440200
0 0.166839 0.431713 0.176911 0.431713 0.171875 0.460070
0 0.167614 0.478395 0.156508 0.478009 0.162061 0.445987
0 0.131973 0.468364 0.127583 0.454475 0.145145 0.449653
0 0.113895 0.467593 0.108988 0.456790 0.125387 0.447531
0 0.112862 0.415895 0.112862 0.430170 0.136622 0.423033
0 0.119318 0.450617 0.111829 0.439815 0.125130 0.429591
0 0.119835 0.429012 0.113895 0.418596 0.128874 0.411458
0 0.127066 0.409722 0.118802 0.405478 0.123193 0.381945
0 0.112345 0.393133 0.115961 0.408565 0.129262 0.391590
0 0.164773 0.363040 0.157025 0.371914 0.171358 0.389660
0 0.211777 0.366127 0.199897 0.370370 0.200543 0.336419
0 0.225465 0.322145 0.227014 0.339120 0.207128 0.330632
0 0.181818 0.277778 0.173554 0.281250 0.180398 0.307678
0 0.163223 0.271605 0.176395 0.266590 0.172133 0.303241
0 0.173554 0.314815 0.162448 0.322145 0.176395 0.345872
0 0.165289 0.351466 0.153926 0.351466 0.159608 0.317516
0 0.150568 0.367670 0.142304 0.366127 0.146436 0.339892
0 0.115961 0.301698 0.111054 0.287037 0.127453 0.280479
0 0.126033 0.277006 0.114928 0.285494 0.124871 0.308449
0 0.130424 0.374614 0.123709 0.370370 0.131586 0.352044
0 0.163740 0.276235 0.155992 0.291667 0.143983 0.274691
0 0.204287 0.271219 0.216942 0.268904 0.210614 0.241319
0 0.227531 0.272377 0.226498 0.283565 0.215263 0.277971
0 0.186209 0.209491 0.179236 0.189815 0.204029 0.190393
0 0.180527 0.236497 0.192665 0.239969 0.188275 0.212770
0 0.142562 0.252315 0.146178 0.268904 0.163610 0.256752
0 0.160124 0.268904 0.157283 0.253858 0.180268 0.261381
0 0.128616 0.236883 0.119318 0.228781 0.130423 0.211034
0 0.128616 0.198302 0.129390 0.190586 0.132360 0.184992
0 0.120093 0.167052 0.115444 0.155864 0.130295 0.145448
0 0.223915 0.183642 0.220558 0.196759 0.232697 0.194445
0 0.242769 0.168981 0.244318 0.181713 0.259556 0.175347
0 0.282800 0.231481 0.290289 0.216049 0.271178 0.214120
0 0.336777 0.201775 0.327996 0.209877 0.324251 0.184607
0 0.298295 0.106481 0.309917 0.114198 0.300362 0.135609
0 0.199122 0.142747 0.189050 0.152392 0.184271 0.125000
0 0.114669 0.126543 0.120093 0.142747 0.134555 0.124036
0 0.121901 0.126157 0.125775 0.114198 0.141012 0.131944
0 0.115444 0.091821 0.124742 0.082948 0.127970 0.112848
0 0.138688 0.114969 0.131715 0.103781 0.150827 0.094522
0 0.117769 0.068287 0.129390 0.061343 0.130295 0.091629
0 0.137397 0.067515 0.127583 0.076775 0.143595 0.092978
0 0.152118 0.094136 0.157283 0.109182 0.167743 0.093557
0 0.174070 0.054398 0.162965 0.063657 0.176653 0.085648
0 0.190857 0.062114 0.181560 0.071759 0.195893 0.092592
0 0.204804 0.055170 0.196281 0.071759 0.217458 0.079090
0 0.182335 0.016204 0.177428 0.028935 0.198993 0.030865
0 0.200671 0.044753 0.194473 0.038580 0.201705 0.049961
0 0.262913 0.037037 0.253099 0.047068 0.264205 0.068287
0 0.252066 0.015046 0.245093 0.029707 0.264205 0.032407
0 0.290289 0.041281 0.290289 0.041281 0.296358 0.071181
0 0.215909 0.016204 0.223140 0.006173 0.237086 0.028356
0 0.237087 0.015432 0.228564 0.024306 0.238637 0.039352
0 0.215909 0.011188 0.222624 0.020062 0.208419 0.031829
0 0.148502 0.020448 0.156508 0.009259 0.165935 0.033758
0 0.140238 0.018133 0.135847 0.034336 0.157283 0.033179
0 0.136364 0.034336 0.132231 0.048611 0.153150 0.044367
0 0.142304 0.054398 0.140238 0.039352 0.161415 0.046875
0 0.117769 0.045139 0.122159 0.055556 0.132748 0.041281
0 0.160124 0.050540 0.170713 0.058642 0.159220 0.073495
0 0.130424 0.059028 0.131198 0.075617 0.150956 0.065972
0 0.120868 0.059028 0.119576 0.076003 0.142562 0.068287
0 0.121643 0.050154 0.121901 0.060957 0.137268 0.055555
0 0.275052 0.009645 0.275052 0.025077 0.295713 0.017361
0 0.317665 0.002701 0.324897 0.010031 0.312500 0.026042
0 0.321281 0.020833 0.316632 0.010417 0.302299 0.022184
0 0.309659 0.033951 0.308626 0.043596 0.295713 0.038195
0 0.317407 0.023534 0.325155 0.028164 0.314437 0.050347
0 0.325671 0.012731 0.335227 0.019290 0.322185 0.044945
0 0.351240 0.008488 0.359762 0.016975 0.344783 0.034916
0 0.337293 0.065201 0.336777 0.077160 0.319473 0.071181
0 0.328771 0.017747 0.325155 0.028164 0.341168 0.031636
0 0.391529 0.022377 0.395661 0.034336 0.377970 0.035301
0 0.364928 0.024691 0.372676 0.016975 0.379261 0.042631
0 0.451963 0.040895 0.454029 0.056327 0.429623 0.050926
0 0.423295 0.443673 0.432076 0.433256 0.419163 0.417631
0 0.480114 0.495370 0.477531 0.513117 0.459066 0.501350
0 0.592975 0.409336 0.595041 0.425540 0.576963 0.420717
0 0.583678 0.386574 0.572831 0.373457 0.588068 0.357060
0 0.593492 0.508488 0.589101 0.525463 0.606922 0.521798
0 0.467975 0.305170 0.458936 0.298997 0.469525 0.280092
0 0.572056 0.233410 0.567149 0.249614 0.550491 0.234182
0 0.613895 0.180170 0.611570 0.196759 0.628357 0.191358
0 0.676136 0.196759 0.673554 0.210648 0.659607 0.198495
0 0.631973 0.376157 0.623192 0.369213 0.631456 0.355517
0 0.340134 0.097994 0.340909 0.085262 0.324122 0.091628
0 0.376550 0.074846 0.371384 0.087963 0.391529 0.091436
0 0.392820 0.130401 0.384814 0.141590 0.377711 0.121528
0 0.345816 0.108025 0.346333 0.090278 0.365186 0.099152
0 0.347882 0.113040 0.345816 0.128472 0.331612 0.119984
0 0.354339 0.119213 0.365702 0.128472 0.354726 0.142747
0 0.512913 0.012731 0.515238 0.028164 0.494576 0.021797
0 0.520403 0.022762 0.523760 0.036651 0.506586 0.035493
0 0.521436 0.094522 0.519370 0.111111 0.536674 0.104552
0 0.607438 0.082176 0.615186 0.092207 0.599044 0.104166
0 0.616219 0.040123 0.610279 0.055941 0.627453 0.061728
0 0.629649 0.033951 0.624483 0.032022 0.632102 0.034915
0 0.611054 0.015046 0.603564 0.029707 0.623451 0.035687
0 0.591942 0.005787 0.584711 0.015818 0.597882 0.023919
0 0.567407 0.035108 0.563791 0.050154 0.583678 0.044174
0 0.566632 0.015046 0.563275 0.028935 0.583419 0.027971
0 0.570764 0.005787 0.576705 0.015818 0.559143 0.024306
0 0.550620 0.006944 0.562500 0.008102 0.556560 0.031442
0 0.533833 0.006559 0.525568 0.018133 0.542097 0.034722
0 0.650052 0.009645 0.663223 0.010802 0.660124 0.043403
0 0.652634 0.035880 0.652118 0.020833 0.670584 0.028356
0 0.702221 0.018133 0.698347 0.037037 0.721204 0.030671
0 0.747934 0.077160 0.749742 0.092207 0.763043 0.084105
0 0.802169 0.109182 0.802169 0.121142 0.783057 0.115162
0 0.763430 0.029707 0.774277 0.042052 0.757360 0.054012
0 0.767304 0.008102 0.770919 0.019676 0.751679 0.027585
0 0.771952 0.011574 0.763946 0.020062 0.777505 0.034722
0 0.747934 0.015046 0.756715 0.011960 0.752325 0.032600
0 0.835227 0.021991 0.849432 0.014660 0.849432 0.050347
0 0.847882 0.023148 0.838585 0.012731 0.830191 0.037037
0 0.815083 0.085262 0.827996 0.086034 0.820635 0.117476
0 0.762655 0.150463 0.766787 0.166667 0.779184 0.157022
0 0.834452 0.088349 0.846074 0.091435 0.840263 0.112847
0 0.865702 0.045139 0.874742 0.054784 0.856922 0.068287
0 0.865702 0.016975 0.856921 0.019676 0.861312 0.048997
0 0.871384 0.018133 0.883781 0.016975 0.877583 0.049190
0 0.883523 0.025849 0.875517 0.031636 0.884298 0.054012
0 0.885847 0.020062 0.893853 0.013117 0.897857 0.042052
0 0.905733 0.023148 0.896436 0.032022 0.907283 0.046103
0 0.914773 0.020833 0.925878 0.021991 0.920325 0.052469
0 0.925362 0.036651 0.915289 0.038194 0.920326 0.069444
0 0.929236 0.035880 0.920455 0.037809 0.924845 0.064044
0 0.944215 0.138503 0.938275 0.149691 0.926653 0.131558
0 0.903151 0.133102 0.911415 0.139275 0.901214 0.156829
0 0.871384 0.177855 0.860279 0.171682 0.868285 0.151620
0 0.935950 0.149691 0.943440 0.156636 0.930785 0.174189
0 0.936725 0.183642 0.937500 0.197531 0.916968 0.191744
0 0.943440 0.188657 0.946281 0.202546 0.925361 0.197530
0 0.929236 0.212963 0.936725 0.206404 0.925749 0.188851
0 0.884814 0.190586 0.884814 0.207562 0.864799 0.199074
0 0.830062 0.215664 0.826446 0.229552 0.809530 0.217593
0 0.829029 0.233796 0.828512 0.250000 0.810047 0.241898
0 0.785382 0.262731 0.778926 0.275077 0.767304 0.251158
0 0.710744 0.274306 0.707903 0.292824 0.731792 0.285687
0 0.705320 0.329475 0.712810 0.316358 0.697573 0.304205
0 0.736570 0.356867 0.729597 0.337191 0.748321 0.339120
0 0.817924 0.384259 0.821281 0.363426 0.799587 0.369791
0 0.825671 0.350309 0.814308 0.345293 0.821540 0.322724
0 0.814824 0.253086 0.821798 0.261960 0.808497 0.271798
0 0.821281 0.270833 0.815857 0.261188 0.827738 0.256366
0 0.835227 0.277392 0.827221 0.268519 0.838326 0.258487
0 0.875000 0.209491 0.884039 0.217593 0.868414 0.239391
0 0.899277 0.280093 0.909091 0.270833 0.894370 0.248843
0 0.943182 0.207948 0.947056 0.224923 0.922650 0.226852
0 0.946023 0.236111 0.945248 0.250772 0.922650 0.243056
0 0.912190 0.280864 0.906767 0.300926 0.888946 0.288388
0 0.940599 0.335648 0.942149 0.350309 0.920197 0.342978
0 0.877583 0.356867 0.888430 0.349537 0.875387 0.322916
0 0.867769 0.378858 0.883523 0.374614 0.871901 0.342014
0 0.854339 0.353395 0.861312 0.335648 0.842329 0.328704
0 0.853822 0.414352 0.842459 0.410108 0.848140 0.387539
0 0.817407 0.423997 0.807076 0.417438 0.815728 0.394483
0 0.778926 0.395833 0.778926 0.416667 0.801137 0.406250
0 0.733471 0.398148 0.734504 0.418210 0.751292 0.408179
0 0.692665 0.420139 0.705837 0.412809 0.705191 0.445602
0 0.771952 0.421682 0.776860 0.432870 0.758652 0.435378
0 0.733988 0.454090 0.727014 0.465278 0.741865 0.476659
0 0.738895 0.502701 0.732438 0.488812 0.749225 0.484761
0 0.779959 0.434414 0.793647 0.437886 0.785770 0.462384
0 0.803977 0.498457 0.795196 0.488812 0.807076 0.474152
0 0.826705 0.445988 0.819473 0.460262 0.836131 0.468171
0 0.920713 0.306327 0.915548 0.295139 0.930786 0.285880
0 0.939308 0.241127 0.948347 0.248843 0.936855 0.259453
0 0.867252 0.422454 0.861829 0.439815 0.847495 0.424190
0 0.891271 0.427469 0.879649 0.423997 0.885460 0.401620
0 0.911932 0.419367 0.920713 0.414352 0.910899 0.393132
0 0.948605 0.383102 0.943182 0.396991 0.928461 0.373842
0 0.949122 0.407022 0.946023 0.392361 0.926782 0.409143
0 0.907541 0.435571 0.914773 0.452546 0.894757 0.458912
0 0.860537 0.494599 0.872159 0.502701 0.858213 0.525656
0 0.841426 0.549383 0.830579 0.556713 0.830191 0.528550
0 0.761622 0.596451 0.759298 0.613812 0.740832 0.605131
0 0.899019 0.555556 0.893337 0.568673 0.882490 0.550347
0 0.944215 0.535108 0.932335 0.537809 0.933368 0.510031
0 0.947056 0.535108 0.949122 0.549383 0.926524 0.545332
0 0.949897 0.561343 0.939308 0.558256 0.943828 0.588156
0 0.941116 0.562114 0.935434 0.549383 0.923296 0.564815
0 0.901085 0.569444 0.907025 0.582948 0.888172 0.587577
0 0.878099 0.595679 0.866736 0.589120 0.868285 0.619792
0 0.898244 0.600694 0.886364 0.589120 0.884040 0.617476
0 0.899535 0.594907 0.885331 0.597608 0.892433 0.627700
0 0.939824 0.591049 0.940599 0.604938 0.924200 0.600309
0 0.948089 0.425926 0.954029 0.438657 0.936596 0.447531
0 0.945506 0.420910 0.942665 0.406250 0.927169 0.418789
0 0.948089 0.425926 0.940341 0.413580 0.932464 0.436342
0 0.476756 0.724537 0.479597 0.748457 0.502324 0.734375
0 0.640238 0.561343 0.628099 0.562886 0.634168 0.534336
0 0.738378 0.517747 0.746384 0.532793 0.725852 0.542631
0 0.893079 0.685571 0.883006 0.676698 0.900052 0.659336
0 0.872159 0.448302 0.862862 0.451003 0.867511 0.428048
