0 0.524793 0.346451 0.517562 0.340278 0.513946 0.361497
0 0.629132 0.378086 0.633264 0.363426 0.614153 0.366512
0 0.688533 0.326389 0.700413 0.318673 0.701704 0.346065
0 0.740702 0.340278 0.747934 0.333333 0.747159 0.355710
0 0.585744 0.224537 0.576963 0.216049 0.587810 0.196759
0 0.492252 0.287809 0.493802 0.268519 0.473399 0.278164
0 0.534091 0.267747 0.534091 0.267747 0.521694 0.271991
0 0.475723 0.261574 0.466426 0.273148 0.462810 0.249229
0 0.420971 0.218364 0.422004 0.201389 0.442924 0.209877
0 0.367252 0.240741 0.367769 0.226080 0.387913 0.233025
0 0.446798 0.195216 0.446281 0.178241 0.467975 0.187115
0 0.486054 0.175154 0.495351 0.167438 0.499225 0.192516
0 0.517045 0.199074 0.517562 0.181327 0.537706 0.190200
0 0.517562 0.163580 0.516012 0.148148 0.536674 0.154706
0 0.618285 0.126543 0.618285 0.112654 0.600723 0.119598
0 0.539256 0.076003 0.545455 0.063657 0.556560 0.084297
0 0.511364 0.094522 0.510331 0.081404 0.523502 0.084876
0 0.382748 0.106481 0.388430 0.091435 0.406508 0.108989
0 0.431302 0.076775 0.428719 0.065972 0.411157 0.071759
0 0.685434 0.177469 0.685950 0.157407 0.660382 0.167438
0 0.713326 0.160494 0.717459 0.143133 0.697314 0.146219
0 0.677686 0.071373 0.685434 0.082948 0.666064 0.093557
0 0.734504 0.091435 0.732955 0.108025 0.715909 0.098959
0 0.751033 0.138889 0.756715 0.151235 0.740703 0.157022
0 0.736570 0.210648 0.728306 0.202932 0.741478 0.186729
0 0.759298 0.175926 0.771178 0.176698 0.765238 0.200232
0 0.548554 0.040509 0.555785 0.026620 0.570507 0.048225
0 0.602789 0.034336 0.612603 0.030093 0.610021 0.054592
0 0.630682 0.020833 0.641012 0.020448 0.635847 0.047454
0 0.509298 0.041281 0.502583 0.044367 0.508265 0.058256
0 0.496384 0.035108 0.507231 0.038966 0.497417 0.060378
0 0.436467 0.038194 0.441632 0.025849 0.454545 0.040316
0 0.419938 0.063657 0.412190 0.049769 0.406508 0.063658
0 0.414773 0.034336 0.424070 0.034336 0.419422 0.052083
0 0.349174 0.092593 0.345558 0.079090 0.364411 0.079669
0 0.354339 0.039352 0.358988 0.025849 0.373451 0.043403
0 0.654959 0.020833 0.647727 0.032793 0.661674 0.039351
0 0.646178 0.025849 0.638430 0.038966 0.654443 0.047454
0 0.669938 0.018904 0.661674 0.028935 0.680269 0.041281
0 0.695248 0.042438 0.695248 0.059799 0.714618 0.051118
0 0.717459 0.023920 0.711777 0.034336 0.725723 0.040895
0 0.740186 0.019676 0.729855 0.028164 0.743543 0.046296
0 0.369318 0.406636 0.365702 0.394290 0.352789 0.401234
0 0.361054 0.381944 0.361570 0.393519 0.344267 0.389274
0 0.249483 0.385802 0.235537 0.388117 0.242510 0.356482
0 0.241994 0.280093 0.254649 0.280093 0.248322 0.306713
0 0.248450 0.262346 0.242510 0.245370 0.260460 0.247300
0 0.279442 0.171296 0.280475 0.189043 0.255165 0.182098
0 0.179236 0.280093 0.189050 0.287037 0.179494 0.310186
0 0.186467 0.400463 0.193182 0.409722 0.199638 0.391589
0 0.231405 0.435957 0.232438 0.417438 0.211261 0.426697
0 0.318182 0.158951 0.318182 0.147377 0.330321 0.153164
0 0.341426 0.028164 0.337293 0.042824 0.357179 0.046297
0 0.321281 0.028164 0.314050 0.040509 0.334969 0.045139
0 0.325413 0.062114 0.335227 0.055941 0.338585 0.078703
0 0.293905 0.054012 0.297004 0.043596 0.315858 0.059607
0 0.309401 0.033565 0.299070 0.033565 0.304752 0.058256
0 0.280992 0.032407 0.291322 0.032022 0.286157 0.061343
0 0.239153 0.113426 0.244318 0.099923 0.260331 0.117477
0 0.213326 0.050540 0.217975 0.036651 0.237345 0.051505
0 0.189566 0.111883 0.179752 0.103395 0.194473 0.088542
0 0.173554 0.158951 0.170971 0.141975 0.190599 0.146220
0 0.170971 0.033565 0.165806 0.046682 0.185434 0.049769
0 0.159607 0.058256 0.165806 0.046682 0.177685 0.067323
0 0.153926 0.096065 0.158058 0.089120 0.168905 0.102431
0 0.161932 0.040123 0.153151 0.043981 0.158832 0.067708
0 0.141271 0.048997 0.150568 0.043210 0.150697 0.063465
0 0.131715 0.055556 0.127324 0.065201 0.144628 0.070602
0 0.116219 0.073688 0.114928 0.085648 0.143595 0.081597
0 0.119576 0.039352 0.118802 0.050926 0.141400 0.045139
0 0.147986 0.119213 0.140238 0.106481 0.130165 0.133102
0 0.096074 0.177855 0.096074 0.177855 0.109117 0.155865
0 0.104081 0.189815 0.111829 0.196373 0.117253 0.170331
0 0.123450 0.176312 0.129649 0.187886 0.141529 0.165703
0 0.137655 0.190586 0.126550 0.187500 0.129132 0.221257
0 0.102014 0.206790 0.106405 0.218364 0.119447 0.200617
0 0.105114 0.064429 0.109762 0.078704 0.121901 0.067130
0 0.113120 0.070988 0.105114 0.081404 0.122676 0.088734
0 0.107696 0.094907 0.113636 0.083333 0.120997 0.097994
0 0.102789 0.093364 0.103306 0.079861 0.124742 0.086613
0 0.102014 0.103009 0.107180 0.088349 0.118156 0.100501
0 0.107696 0.128086 0.106921 0.125772 0.122030 0.117284
0 0.120868 0.413194 0.130940 0.412423 0.131844 0.440972
0 0.115702 0.477238 0.105372 0.473380 0.111700 0.445409
0 0.097107 0.508873 0.104855 0.513889 0.106404 0.495564
0 0.096333 0.521219 0.102014 0.532022 0.109892 0.509838
0 0.120351 0.542824 0.128357 0.551312 0.132490 0.530093
0 0.147211 0.600309 0.157541 0.602238 0.152763 0.572917
0 0.197056 0.548611 0.208678 0.545525 0.199897 0.518518
0 0.231921 0.530864 0.242252 0.533951 0.237345 0.504630
0 0.339101 0.677855 0.346591 0.689043 0.356534 0.670331
0 0.309917 0.699846 0.308884 0.698688 0.297004 0.682484
0 0.189050 0.708719 0.198089 0.697145 0.180140 0.679591
0 0.103564 0.632330 0.113636 0.638117 0.110279 0.607832
0 0.097624 0.662423 0.107180 0.670910 0.109633 0.634645
0 0.098657 0.692130 0.105888 0.701775 0.113637 0.674383
0 0.302169 0.759645 0.307851 0.743441 0.287965 0.735146
0 0.230372 0.802855 0.226498 0.814815 0.210744 0.803241
0 0.236829 0.820216 0.234504 0.836034 0.216943 0.828125
0 0.194990 0.850309 0.183368 0.854938 0.185047 0.824074
0 0.146694 0.757716 0.134814 0.757716 0.140754 0.725308
0 0.105114 0.710648 0.107696 0.723765 0.128100 0.706597
0 0.105114 0.733796 0.102531 0.753086 0.125904 0.743441
0 0.098140 0.808642 0.104597 0.817515 0.111441 0.793403
0 0.116219 0.834105 0.105372 0.831790 0.110795 0.804013
0 0.119318 0.838735 0.114153 0.825231 0.134556 0.821759
0 0.098657 0.839892 0.107180 0.844522 0.111312 0.817902
0 0.112862 0.877315 0.124742 0.875386 0.117252 0.851659
0 0.122676 0.884259 0.118802 0.871528 0.137526 0.868634
0 0.136105 0.887731 0.145919 0.880401 0.134684 0.860918
0 0.169680 0.833719 0.165289 0.847608 0.147469 0.830247
0 0.168388 0.882330 0.156250 0.883102 0.162319 0.851659
0 0.199638 0.891975 0.206612 0.878086 0.185047 0.872492
0 0.225465 0.885802 0.229081 0.872685 0.208549 0.870370
0 0.257490 0.886960 0.262138 0.874228 0.238636 0.869020
0 0.265496 0.883102 0.271952 0.873457 0.257748 0.858410
0 0.294421 0.878086 0.295196 0.860725 0.273502 0.867091
0 0.310434 0.879244 0.315599 0.864583 0.295583 0.858604
0 0.342717 0.881944 0.346849 0.870370 0.329287 0.868634
0 0.352531 0.870370 0.346591 0.881944 0.335485 0.861304
0 0.412448 0.874228 0.402893 0.878086 0.400956 0.851273
0 0.421488 0.868441 0.417097 0.879244 0.405475 0.868248
0 0.373709 0.870756 0.386880 0.868441 0.380294 0.837384
0 0.384039 0.885031 0.380165 0.870756 0.402892 0.873457
0 0.582903 0.663194 0.579804 0.673997 0.565470 0.663773
0 0.521178 0.774306 0.518337 0.760417 0.538353 0.763696
0 0.544163 0.814429 0.547521 0.797454 0.524536 0.805362
0 0.464360 0.835648 0.458419 0.819444 0.443053 0.838156
0 0.462810 0.861883 0.459711 0.876157 0.442278 0.866512
0 0.492769 0.876157 0.496384 0.861111 0.478951 0.863233
0 0.504390 0.841821 0.499742 0.854167 0.484633 0.837770
0 0.513430 0.868441 0.505424 0.876157 0.498193 0.857446
0 0.540548 0.874614 0.539256 0.873457 0.524406 0.858218
0 0.558626 0.849537 0.562242 0.836034 0.541968 0.840278
0 0.566890 0.873457 0.571281 0.862654 0.550749 0.858410
0 0.575413 0.871528 0.578512 0.859954 0.565599 0.852816
0 0.588068 0.872685 0.595816 0.861111 0.571927 0.865934
0 0.593492 0.873457 0.594008 0.876157 0.582645 0.856867
0 0.610279 0.850309 0.604339 0.864583 0.590264 0.845486
0 0.636105 0.857253 0.627583 0.867670 0.619318 0.848766
0 0.652893 0.860725 0.650826 0.869599 0.643466 0.864197
0 0.629390 0.839892 0.632748 0.827932 0.614928 0.830054
0 0.662965 0.861111 0.665548 0.846451 0.647469 0.842785
0 0.678461 0.867670 0.676395 0.866127 0.668905 0.857639
0 0.661932 0.836034 0.659091 0.844522 0.650826 0.831404
0 0.617769 0.747299 0.627066 0.739583 0.631457 0.767361
0 0.698089 0.864583 0.699122 0.848380 0.679752 0.853202
0 0.705837 0.837963 0.701963 0.845293 0.685822 0.836226
0 0.714101 0.859954 0.712810 0.864969 0.695635 0.852430
0 0.706353 0.868827 0.715909 0.866898 0.704674 0.843557
0 0.719783 0.866898 0.726240 0.859182 0.710485 0.844715
0 0.727531 0.847608 0.723140 0.861111 0.711390 0.838348
0 0.741219 0.859182 0.748450 0.850309 0.732309 0.838348
0 0.756715 0.861883 0.765754 0.850309 0.746384 0.836227
0 0.779959 0.854167 0.783833 0.843364 0.766142 0.838156
0 0.795455 0.852238 0.783833 0.853395 0.788611 0.820409
0 0.793388 0.650849 0.792872 0.634259 0.769499 0.642554
0 0.786932 0.713349 0.795455 0.710262 0.790290 0.685957
0 0.785899 0.777778 0.784349 0.762731 0.803460 0.770255
0 0.813533 0.851466 0.816632 0.836034 0.801524 0.838348
0 0.826963 0.849537 0.816116 0.850309 0.821539 0.824846
0 0.844008 0.848380 0.850981 0.837577 0.838068 0.823881
0 0.857955 0.804012 0.855630 0.817515 0.840005 0.809414
0 0.863120 0.839506 0.851498 0.842593 0.854468 0.815586
0 0.866994 0.774306 0.866477 0.787809 0.848657 0.781057
0 0.896178 0.777006 0.895403 0.785880 0.881069 0.781443
0 0.899535 0.784722 0.903409 0.772377 0.888559 0.767361
0 0.904442 0.761574 0.898760 0.775077 0.887139 0.756752
0 0.878099 0.843364 0.868285 0.842593 0.872030 0.811729
0 0.893079 0.837963 0.881973 0.847222 0.880165 0.815007
0 0.901860 0.820602 0.899535 0.805170 0.883523 0.812886
0 0.893079 0.812500 0.898244 0.810571 0.892691 0.788966
0 0.889721 0.802855 0.888946 0.814429 0.871385 0.801119
0 0.905217 0.802855 0.898244 0.814429 0.890108 0.797068
0 0.862087 0.726080 0.863378 0.736497 0.844267 0.737075
0 0.894370 0.717978 0.896694 0.731481 0.878615 0.726851
0 0.864411 0.723765 0.852273 0.728781 0.855372 0.705633
0 0.858729 0.667052 0.847624 0.676698 0.858342 0.696566
0 0.813017 0.713349 0.801136 0.716049 0.807076 0.685185
0 0.777893 0.618056 0.783058 0.605324 0.796100 0.623071
0 0.833678 0.638117 0.838843 0.621914 0.817794 0.618248
0 0.843233 0.670139 0.855372 0.665895 0.846075 0.637153
0 0.854339 0.614198 0.863895 0.616127 0.860667 0.642169
0 0.882490 0.662037 0.891787 0.664352 0.887139 0.687114
0 0.896694 0.646605 0.903151 0.658179 0.889721 0.676119
0 0.899277 0.641975 0.891529 0.645833 0.893854 0.627893
0 0.903409 0.624614 0.895403 0.634259 0.891012 0.613426
0 0.883781 0.631559 0.891787 0.640046 0.878745 0.658372
0 0.869835 0.571373 0.876291 0.578318 0.863636 0.595486
0 0.893595 0.584105 0.882490 0.579475 0.885460 0.607253
0 0.807076 0.456790 0.796746 0.456019 0.801911 0.434028
0 0.863120 0.496142 0.863378 0.481867 0.841425 0.489005
0 0.847624 0.506173 0.860021 0.506173 0.853823 0.544753
0 0.894886 0.573688 0.892304 0.581019 0.879390 0.571566
0 0.886364 0.565586 0.879907 0.566744 0.877970 0.547454
0 0.896952 0.569830 0.892304 0.557870 0.879132 0.567130
0 0.895661 0.553241 0.887655 0.562114 0.883910 0.541281
0 0.896952 0.533951 0.890496 0.523148 0.885589 0.543403
0 0.883264 0.521219 0.881973 0.508873 0.869706 0.514660
0 0.892304 0.500386 0.892820 0.511960 0.873838 0.506173
0 0.890496 0.496528 0.885331 0.506944 0.870480 0.490547
0 0.895661 0.471451 0.890496 0.481096 0.880811 0.461613
0 0.890496 0.448302 0.893595 0.461420 0.872675 0.457754
0 0.879390 0.435571 0.888430 0.439429 0.883910 0.461612
0 0.771436 0.276235 0.782541 0.267747 0.781121 0.290316
0 0.797521 0.320988 0.791581 0.309414 0.802816 0.309414
0 0.813533 0.358410 0.813275 0.357639 0.810434 0.335648
0 0.811725 0.251543 0.820506 0.243441 0.807593 0.225887
0 0.823864 0.206790 0.829804 0.197531 0.838456 0.219522
0 0.838843 0.265818 0.840134 0.279321 0.823993 0.279899
0 0.827738 0.252315 0.837293 0.255401 0.828899 0.280672
0 0.841426 0.309028 0.833678 0.298611 0.830450 0.324653
0 0.845816 0.293596 0.836002 0.284336 0.833290 0.309414
0 0.854339 0.323688 0.853048 0.322531 0.842975 0.339507
0 0.866994 0.343750 0.860537 0.329475 0.849948 0.349344
0 0.852273 0.384259 0.862087 0.384645 0.857180 0.410301
0 0.886622 0.434799 0.885072 0.419367 0.869060 0.427083
0 0.891787 0.433642 0.888430 0.415509 0.867510 0.424575
0 0.859246 0.371914 0.867252 0.368056 0.865831 0.393711
0 0.874742 0.358410 0.873192 0.359182 0.872675 0.387924
0 0.887913 0.364198 0.881198 0.355324 0.873321 0.381366
0 0.891529 0.349923 0.884556 0.339120 0.873192 0.358024
0 0.885072 0.347994 0.885072 0.347994 0.868414 0.357061
0 0.876291 0.336034 0.881457 0.342207 0.864282 0.355517
0 0.888946 0.328704 0.884556 0.339120 0.871642 0.331404
0 0.884556 0.311343 0.887913 0.324460 0.873967 0.322917
0 0.882490 0.288194 0.883781 0.300540 0.865703 0.295331
0 0.854339 0.276620 0.846591 0.288966 0.860408 0.298804
0 0.850981 0.266975 0.842459 0.265818 0.846720 0.282215
0 0.874225 0.272377 0.871643 0.258102 0.860021 0.265818
0 0.764721 0.033951 0.759814 0.042824 0.776601 0.050733
0 0.777376 0.028549 0.784866 0.031250 0.781121 0.051119
0 0.767304 0.023148 0.764721 0.033951 0.778797 0.034722
0 0.747417 0.023148 0.743543 0.035108 0.759684 0.039352
0 0.786932 0.035108 0.792614 0.029321 0.795713 0.053434
0 0.817407 0.038580 0.810692 0.034336 0.812500 0.057870
0 0.789256 0.019676 0.786674 0.031250 0.804752 0.033565
0 0.809401 0.087963 0.805527 0.072917 0.794034 0.086613
0 0.816116 0.088735 0.816374 0.102623 0.797521 0.097608
0 0.822314 0.119985 0.814566 0.115741 0.813404 0.140432
0 0.837810 0.087191 0.830062 0.077160 0.819732 0.103780
0 0.817924 0.211420 0.817924 0.213349 0.820764 0.192516
0 0.813275 0.148920 0.806818 0.159336 0.821927 0.168210
0 0.832128 0.135031 0.842200 0.135031 0.837164 0.165702
0 0.867510 0.105324 0.865702 0.091049 0.848527 0.100115
0 0.869576 0.084491 0.867510 0.072917 0.852789 0.083912
0 0.873450 0.069444 0.871643 0.058256 0.857050 0.070409
0 0.858988 0.054398 0.860279 0.066744 0.840392 0.065586
0 0.852789 0.044367 0.844525 0.038966 0.842071 0.058642
0 0.843233 0.023148 0.840651 0.033179 0.856276 0.039352
0 0.834452 0.019290 0.830062 0.028549 0.843879 0.038773
0 0.826446 0.021605 0.821281 0.033179 0.837939 0.040702
0 0.815857 0.022377 0.811209 0.033951 0.827350 0.040703
0 0.849432 0.116898 0.856405 0.109182 0.859762 0.126736
0 0.875258 0.124614 0.873450 0.138117 0.858729 0.129630
0 0.869318 0.170910 0.872934 0.163194 0.858858 0.145448
0 0.876550 0.170139 0.875517 0.158179 0.858730 0.161073
0 0.873192 0.182870 0.878357 0.173997 0.859633 0.167438
0 0.875775 0.188657 0.868802 0.195988 0.858084 0.177662
0 0.878357 0.206404 0.869060 0.211806 0.871384 0.194637
0 0.864928 0.223765 0.856147 0.222994 0.860537 0.196373
0 0.866477 0.241512 0.866736 0.254630 0.844525 0.249035
0 0.884814 0.265818 0.879132 0.275463 0.869706 0.257138
0 0.883781 0.247299 0.877324 0.237269 0.870222 0.257717
0 0.868027 0.244213 0.873967 0.236883 0.857180 0.217400
0 0.880940 0.235340 0.877324 0.225694 0.860667 0.233989
0 0.881715 0.221836 0.876808 0.211806 0.859375 0.226467
