0 0.229081 0.097222 0.232438 0.078318 0.212035 0.086613
0 0.274019 0.088735 0.275310 0.108796 0.256327 0.098766
0 0.228306 0.142361 0.224690 0.166667 0.244448 0.154514
0 0.261364 0.204475 0.271178 0.215664 0.258523 0.228009
0 0.279700 0.308256 0.275310 0.287423 0.291451 0.295717
0 0.280992 0.355710 0.293647 0.344136 0.280346 0.326196
0 0.288740 0.494213 0.302686 0.480710 0.291839 0.466435
0 0.305010 0.521605 0.317665 0.525849 0.314049 0.494213
0 0.221333 0.394290 0.231147 0.386188 0.233213 0.409722
0 0.191116 0.329090 0.202221 0.336806 0.199510 0.312114
0 0.180527 0.292438 0.191116 0.286265 0.186854 0.316743
0 0.204287 0.116127 0.214101 0.131944 0.198347 0.143904
0 0.385847 0.197917 0.383523 0.171682 0.407542 0.183835
0 0.465134 0.110725 0.470041 0.128858 0.449380 0.119791
0 0.305010 0.041667 0.310434 0.055170 0.291839 0.058449
0 0.323864 0.046682 0.330320 0.057099 0.313017 0.064043
0 0.340651 0.084491 0.340651 0.063657 0.323089 0.074074
0 0.366736 0.053241 0.375775 0.062500 0.361828 0.079861
0 0.366736 0.072917 0.376550 0.056327 0.388172 0.081983
0 0.388430 0.069830 0.379390 0.061343 0.376937 0.091243
0 0.418130 0.067901 0.416064 0.049769 0.396953 0.058835
0 0.446281 0.068673 0.440599 0.054012 0.430010 0.069251
0 0.446281 0.040509 0.449638 0.056327 0.436983 0.055170
0 0.523502 0.045525 0.522211 0.063657 0.500646 0.054591
0 0.513688 0.055170 0.525568 0.066744 0.506973 0.075618
0 0.565083 0.065586 0.562758 0.089892 0.546358 0.077739
0 0.586777 0.042438 0.593233 0.056327 0.580836 0.054012
0 0.628874 0.091049 0.626033 0.108796 0.609633 0.099922
0 0.610021 0.195988 0.618543 0.173997 0.596978 0.183835
0 0.650052 0.232639 0.651343 0.212577 0.633136 0.222608
0 0.676653 0.280864 0.679494 0.252701 0.651472 0.265625
0 0.660640 0.346065 0.661415 0.326003 0.678202 0.336034
0 0.601498 0.418596 0.607955 0.393519 0.623708 0.406058
0 0.427169 0.445988 0.423037 0.422840 0.445893 0.433256
0 0.439824 0.408179 0.441890 0.424769 0.452092 0.415895
0 0.182593 0.358796 0.196023 0.363040 0.189308 0.387539
0 0.186209 0.537423 0.173554 0.516204 0.187888 0.501158
0 0.165031 0.536265 0.165031 0.513117 0.185434 0.524691
0 0.210744 0.532022 0.219783 0.540509 0.206870 0.560379
0 0.224174 0.544753 0.236829 0.556327 0.221333 0.577739
0 0.231921 0.588735 0.247159 0.587577 0.239540 0.622300
0 0.276085 0.635031 0.289514 0.633873 0.282799 0.603009
0 0.296488 0.608796 0.304236 0.588735 0.314696 0.607061
0 0.716942 0.210648 0.718233 0.238040 0.694731 0.224344
0 0.701963 0.179012 0.709194 0.160108 0.688017 0.160108
0 0.657800 0.089892 0.664773 0.102238 0.650439 0.105517
0 0.657800 0.072917 0.657800 0.089892 0.638172 0.078318
0 0.654959 0.040509 0.659091 0.056327 0.641270 0.049962
0 0.670455 0.042438 0.682335 0.053241 0.668647 0.068672
0 0.682335 0.053241 0.692149 0.058256 0.680915 0.078897
0 0.688017 0.076003 0.692149 0.058256 0.707386 0.071374
0 0.723915 0.053241 0.720300 0.038194 0.709839 0.055555
0 0.156508 0.110725 0.168647 0.101466 0.167743 0.131945
0 0.158058 0.088735 0.163740 0.074074 0.172779 0.095101
0 0.161415 0.054012 0.169163 0.061343 0.159737 0.081983
0 0.151085 0.049769 0.156508 0.057099 0.147082 0.071374
0 0.128357 0.089892 0.136880 0.077160 0.140754 0.101273
0 0.141012 0.157022 0.135589 0.149691 0.145015 0.129630
0 0.143853 0.121142 0.140496 0.132716 0.154572 0.138503
0 0.129132 0.113040 0.137655 0.108796 0.135072 0.132909
0 0.145403 0.147762 0.135589 0.149691 0.144628 0.168596
0 0.127066 0.170525 0.126291 0.153935 0.147081 0.162808
0 0.122934 0.182099 0.130682 0.165509 0.139075 0.182870
0 0.140496 0.168596 0.130682 0.174769 0.139075 0.198495
0 0.149535 0.185571 0.160899 0.179012 0.159091 0.211034
0 0.350723 0.677855 0.356147 0.665509 0.340392 0.663195
0 0.120093 0.210648 0.131973 0.201003 0.133393 0.228973
0 0.143337 0.210648 0.133264 0.216821 0.142174 0.237847
0 0.150310 0.248457 0.158058 0.242284 0.158316 0.264853
0 0.141787 0.286265 0.137655 0.272377 0.151343 0.263696
0 0.143853 0.268519 0.154442 0.263117 0.150956 0.292438
0 0.127841 0.248457 0.136880 0.245370 0.133781 0.271605
0 0.125775 0.236883 0.132748 0.225309 0.136622 0.249422
0 0.732180 0.050540 0.744576 0.035108 0.747676 0.061150
0 0.791322 0.041667 0.800878 0.035108 0.800620 0.064429
0 0.819473 0.049383 0.829804 0.035108 0.839747 0.062693
0 0.871901 0.049383 0.883781 0.033951 0.890108 0.059993
0 0.932593 0.065972 0.944473 0.076003 0.931947 0.098573
0 0.826705 0.074846 0.840134 0.070602 0.837552 0.099923
0 0.837810 0.121528 0.837293 0.134645 0.821540 0.128086
0 0.742510 0.130401 0.749225 0.113812 0.762139 0.128665
0 0.799329 0.164352 0.802428 0.182099 0.783187 0.176505
0 0.807593 0.176698 0.808368 0.160108 0.823089 0.168403
0 0.831870 0.245370 0.842975 0.237654 0.833032 0.218171
0 0.889721 0.211034 0.893337 0.193287 0.872289 0.195023
0 0.776601 0.236497 0.784607 0.248457 0.770145 0.254630
0 0.806043 0.312500 0.819473 0.313657 0.812758 0.295525
0 0.894886 0.197531 0.908316 0.199846 0.901601 0.233025
0 0.941632 0.209877 0.945248 0.228781 0.930398 0.229745
0 0.926653 0.217593 0.936209 0.214120 0.927815 0.192709
0 0.933368 0.209877 0.943698 0.202160 0.934788 0.183256
0 0.934143 0.267361 0.945248 0.273920 0.934142 0.293403
0 0.920713 0.241898 0.931043 0.245370 0.925232 0.272763
0 0.826705 0.332562 0.840134 0.326003 0.833419 0.351852
0 0.788223 0.410880 0.784607 0.432099 0.766787 0.416667
0 0.749225 0.418596 0.760847 0.428627 0.749096 0.447917
0 0.848915 0.484954 0.840909 0.464120 0.859762 0.463542
0 0.908316 0.346836 0.915548 0.364583 0.895919 0.378472
0 0.905992 0.417824 0.919421 0.416667 0.912707 0.446373
0 0.868285 0.489583 0.879390 0.499614 0.864152 0.522184
0 0.848399 0.608796 0.859246 0.596836 0.844912 0.583912
0 0.815599 0.585648 0.826705 0.571373 0.807464 0.560764
0 0.878616 0.657407 0.889721 0.650849 0.876808 0.628279
0 0.861570 0.587963 0.870351 0.567901 0.881973 0.600116
0 0.837810 0.645448 0.842975 0.625386 0.855243 0.635995
0 0.882231 0.657407 0.884556 0.673225 0.867898 0.669174
0 0.947314 0.555941 0.956353 0.566744 0.939695 0.582947
0 0.953254 0.529321 0.959969 0.549383 0.939695 0.553627
0 0.952479 0.505015 0.957128 0.522762 0.938533 0.522762
0 0.956353 0.493827 0.958419 0.510417 0.940728 0.502122
0 0.952479 0.499614 0.959969 0.489583 0.952221 0.478009
0 0.958419 0.386574 0.951963 0.397762 0.944473 0.376736
0 0.948864 0.410880 0.957128 0.401235 0.940858 0.385996
0 0.946798 0.418596 0.956353 0.408951 0.940470 0.396605
0 0.745351 0.700231 0.758523 0.698302 0.750517 0.674575
0 0.783316 0.775077 0.793130 0.756173 0.776214 0.750965
0 0.803719 0.749614 0.803719 0.722608 0.824380 0.736111
0 0.850723 0.734182 0.865444 0.736111 0.852143 0.764082
0 0.899277 0.743441 0.913223 0.747685 0.906250 0.709298
0 0.895661 0.807485 0.909866 0.810571 0.902764 0.777585
0 0.958161 0.734182 0.967459 0.749614 0.949510 0.760417
0 0.613895 0.679398 0.611054 0.701389 0.594912 0.686149
0 0.523244 0.670910 0.536415 0.664738 0.535124 0.694059
0 0.589876 0.733025 0.597624 0.719136 0.574768 0.709877
0 0.457128 0.738040 0.478822 0.725694 0.467975 0.700810
0 0.571023 0.765432 0.583678 0.758102 0.579029 0.791667
0 0.594783 0.753086 0.607438 0.749614 0.601110 0.777585
0 0.682593 0.807485 0.689050 0.786651 0.701963 0.802276
0 0.758006 0.826389 0.748709 0.807485 0.765238 0.804398
0 0.763430 0.836806 0.760072 0.817901 0.780733 0.827354
0 0.799329 0.894676 0.810692 0.880015 0.789902 0.866898
0 0.813533 0.868441 0.816374 0.848380 0.835614 0.860533
0 0.864669 0.870756 0.875258 0.867284 0.867252 0.837577
0 0.851498 0.863040 0.864669 0.870756 0.862345 0.840278
0 0.572314 0.790895 0.575155 0.807485 0.555527 0.801311
0 0.542097 0.874614 0.538481 0.850694 0.559271 0.862654
0 0.379649 0.702546 0.383264 0.721451 0.362862 0.715085
0 0.359246 0.847608 0.354339 0.836034 0.370868 0.828704
0 0.295971 0.829475 0.293905 0.807485 0.317794 0.808063
0 0.290548 0.709877 0.301653 0.697145 0.286544 0.684221
0 0.269370 0.755015 0.275052 0.734182 0.292613 0.744598
0 0.328512 0.750772 0.319990 0.739198 0.314695 0.762925
0 0.922521 0.865355 0.932851 0.859954 0.927686 0.832755
0 0.920971 0.881173 0.930785 0.870756 0.913998 0.860146
0 0.960486 0.819059 0.970300 0.832562 0.956870 0.850116
0 0.944990 0.905093 0.952738 0.911651 0.950930 0.878472
0 0.910382 0.919753 0.922521 0.923997 0.923037 0.902585
0 0.904700 0.930556 0.896952 0.917052 0.912060 0.905865
0 0.887138 0.930556 0.881457 0.920139 0.892046 0.910108
0 0.869576 0.928627 0.865186 0.920139 0.880036 0.915509
0 0.852014 0.930556 0.847624 0.917052 0.863507 0.915895
0 0.844267 0.930556 0.835744 0.920139 0.850207 0.907987
0 0.803461 0.932870 0.800620 0.918981 0.817794 0.920717
0 0.801911 0.912809 0.799329 0.894676 0.816504 0.902200
0 0.797004 0.932870 0.804752 0.923225 0.789256 0.911844
0 0.746384 0.927469 0.740702 0.910494 0.757618 0.907021
0 0.724690 0.929398 0.717717 0.917052 0.731793 0.910108
0 0.713326 0.891590 0.701446 0.875000 0.716554 0.868056
0 0.685950 0.878086 0.684659 0.898920 0.665547 0.888503
0 0.607180 0.944444 0.617769 0.929398 0.599174 0.916473
0 0.665031 0.914738 0.662707 0.933642 0.643595 0.924190
0 0.222107 0.700617 0.225465 0.676312 0.242510 0.693673
0 0.566632 0.937886 0.574122 0.939043 0.570377 0.913194
0 0.602273 0.920139 0.602273 0.932870 0.581611 0.924382
0 0.587552 0.930556 0.574122 0.939043 0.574510 0.914930
0 0.554494 0.937886 0.565083 0.929398 0.550620 0.908950
0 0.681302 0.933642 0.685692 0.923225 0.669163 0.919946
0 0.676395 0.940972 0.683626 0.937114 0.675103 0.922261
0 0.686467 0.935571 0.696281 0.938657 0.691374 0.909722
0 0.685692 0.923225 0.686467 0.935571 0.705320 0.917246
0 0.693957 0.901235 0.694473 0.917438 0.714360 0.907021
0 0.705320 0.926312 0.710744 0.934799 0.716554 0.913195
0 0.704287 0.937114 0.708161 0.923225 0.693698 0.922068
0 0.252841 0.805170 0.255424 0.783179 0.270919 0.796682
0 0.331095 0.851080 0.327738 0.868056 0.309013 0.859568
0 0.309659 0.888117 0.302169 0.878086 0.321539 0.870178
0 0.206095 0.699460 0.214101 0.685571 0.217072 0.704476
0 0.208161 0.819059 0.216684 0.823302 0.212810 0.790895
0 0.184143 0.775077 0.185950 0.793210 0.201834 0.784143
0 0.352273 0.934799 0.361054 0.934028 0.356664 0.909915
0 0.378357 0.941744 0.388430 0.934028 0.377712 0.910301
0 0.393079 0.951775 0.383006 0.937886 0.400697 0.928820
0 0.434401 0.929012 0.436467 0.910108 0.416064 0.919560
0 0.419680 0.939815 0.413223 0.927855 0.432593 0.923804
0 0.443182 0.944059 0.436467 0.925926 0.455837 0.923612
0 0.543647 0.931327 0.538223 0.941744 0.526989 0.920332
0 0.540806 0.926698 0.533833 0.934028 0.528280 0.911072
0 0.518853 0.941744 0.513946 0.934414 0.527892 0.924575
0 0.512138 0.939815 0.502324 0.936728 0.508393 0.905671
0 0.508523 0.909336 0.501808 0.921296 0.497934 0.893904
0 0.501550 0.932485 0.508523 0.925926 0.498321 0.907407
0 0.494060 0.939815 0.500517 0.935957 0.493285 0.914930
0 0.490444 0.927855 0.485021 0.931327 0.482696 0.907215
0 0.478564 0.935957 0.487345 0.936728 0.482954 0.906443
0 0.472624 0.927855 0.478564 0.932485 0.480888 0.915895
0 0.232696 0.903935 0.241994 0.907407 0.237345 0.877700
0 0.252841 0.941744 0.261880 0.940586 0.257360 0.908758
0 0.264979 0.860340 0.270661 0.847222 0.256327 0.850695
0 0.230372 0.835262 0.230372 0.851852 0.249225 0.843557
0 0.260589 0.834491 0.263688 0.850309 0.280863 0.837577
0 0.297262 0.948302 0.295455 0.928627 0.317408 0.929591
0 0.278151 0.937886 0.271952 0.928627 0.282154 0.913388
0 0.272986 0.939815 0.267045 0.929784 0.282541 0.917245
0 0.284866 0.945988 0.278151 0.937886 0.291968 0.920718
0 0.287965 0.935957 0.281767 0.924769 0.300103 0.916088
0 0.300878 0.918596 0.294680 0.910880 0.307076 0.899113
0 0.300878 0.918596 0.305269 0.902778 0.323605 0.910687
0 0.291839 0.920525 0.299845 0.913966 0.287190 0.893518
0 0.233471 0.949074 0.222882 0.939043 0.237733 0.922646
0 0.211777 0.941744 0.207386 0.932485 0.223527 0.924575
0 0.206095 0.945216 0.193698 0.939815 0.205320 0.916088
0 0.144628 0.765046 0.147211 0.781250 0.165289 0.772184
0 0.148502 0.700617 0.157541 0.685957 0.165935 0.706790
0 0.140754 0.651620 0.134814 0.637731 0.151214 0.624421
0 0.115702 0.659722 0.125000 0.646991 0.131198 0.670139
0 0.129390 0.630787 0.123967 0.634645 0.134556 0.651042
0 0.119576 0.636960 0.125000 0.626543 0.129648 0.648534
0 0.126550 0.601466 0.134298 0.600309 0.130424 0.624035
0 0.133006 0.520062 0.139205 0.508488 0.146952 0.534530
0 0.120610 0.501157 0.128099 0.489583 0.131198 0.515818
0 0.118543 0.532022 0.126550 0.522377 0.131327 0.546296
0 0.121643 0.564815 0.124483 0.552469 0.139980 0.570409
0 0.118543 0.583333 0.121126 0.568673 0.133135 0.577740
0 0.119060 0.595679 0.123192 0.581790 0.135331 0.597222
0 0.119576 0.542824 0.128874 0.537037 0.128487 0.565007
0 0.120868 0.459105 0.129132 0.445216 0.133393 0.465857
0 0.119318 0.415895 0.127324 0.409336 0.129390 0.432098
0 0.142045 0.402006 0.150826 0.405478 0.146435 0.426890
0 0.143853 0.398148 0.134556 0.393904 0.138688 0.418789
0 0.123709 0.384259 0.129649 0.377701 0.138043 0.397956
0 0.126291 0.369599 0.121384 0.386574 0.142303 0.383873
0 0.125258 0.361497 0.122676 0.376929 0.141400 0.370371
0 0.126291 0.356481 0.127324 0.345293 0.144499 0.351273
0 0.123709 0.338735 0.128099 0.350309 0.144628 0.329862
0 0.133523 0.320988 0.142045 0.315972 0.139980 0.332561
0 0.119576 0.717207 0.126550 0.708333 0.137268 0.727044
0 0.121126 0.698688 0.126033 0.684028 0.139980 0.707176
0 0.123192 0.679012 0.119576 0.687886 0.133135 0.691551
0 0.116736 0.763503 0.111829 0.749614 0.130036 0.746142
0 0.115702 0.725309 0.128099 0.720679 0.127970 0.755208
0 0.133523 0.728009 0.124483 0.736883 0.134297 0.751929
0 0.118802 0.770833 0.118802 0.783951 0.137138 0.779899
0 0.123967 0.793596 0.124483 0.778935 0.142691 0.788388
0 0.115186 0.791281 0.126550 0.787037 0.120868 0.815200
0 0.122159 0.816744 0.119060 0.829475 0.135331 0.826775
0 0.127066 0.841821 0.131973 0.858796 0.146178 0.834877
0 0.159349 0.841049 0.155475 0.829475 0.173166 0.827160
0 0.180010 0.855710 0.176653 0.841821 0.194603 0.840664
0 0.186467 0.871142 0.179494 0.881559 0.172908 0.864583
0 0.172262 0.880787 0.166322 0.889660 0.161673 0.870177
0 0.119576 0.858025 0.116736 0.842593 0.135331 0.850309
0 0.122676 0.910108 0.115702 0.898920 0.132619 0.889468
0 0.151601 0.891590 0.143337 0.904321 0.138817 0.881173
0 0.123709 0.865355 0.119576 0.883102 0.138042 0.876351
0 0.127066 0.915123 0.127066 0.902006 0.150568 0.908564
0 0.140238 0.929784 0.134298 0.922454 0.146566 0.907022
0 0.144112 0.929012 0.152118 0.938657 0.154700 0.916281
0 0.161415 0.937886 0.169163 0.934414 0.165289 0.909722
0 0.155992 0.935571 0.149535 0.926312 0.161545 0.915123
0 0.172262 0.927083 0.179494 0.932099 0.183497 0.902392
0 0.184401 0.942515 0.179494 0.932099 0.195506 0.913387
0 0.181043 0.920910 0.183368 0.933642 0.193827 0.920717
