0 0.403926 0.417824 0.404442 0.430170 0.385072 0.424190
0 0.478822 0.515046 0.483213 0.529707 0.462939 0.529899
0 0.360537 0.617670 0.366736 0.628472 0.376033 0.605903
0 0.336519 0.588735 0.349432 0.590664 0.342975 0.611304
0 0.565857 0.405864 0.559917 0.418981 0.549458 0.397184
0 0.594267 0.415123 0.597366 0.432099 0.574122 0.424768
0 0.462293 0.379244 0.475465 0.383873 0.474690 0.353587
0 0.403667 0.309799 0.412707 0.328704 0.427944 0.303820
0 0.490702 0.237269 0.491736 0.222994 0.509297 0.231096
0 0.451446 0.219522 0.448864 0.204475 0.469267 0.211998
0 0.469525 0.172840 0.474690 0.165123 0.477660 0.181327
0 0.416839 0.189043 0.424587 0.199074 0.428461 0.177084
0 0.415806 0.194830 0.422779 0.173611 0.404184 0.176505
0 0.587293 0.310571 0.590651 0.292824 0.564308 0.294175
0 0.633781 0.316358 0.638946 0.324846 0.622030 0.331790
0 0.583936 0.179784 0.592200 0.167052 0.601627 0.192130
0 0.683884 0.151620 0.685434 0.168210 0.665031 0.161265
0 0.474432 0.124614 0.483213 0.128472 0.474948 0.151427
0 0.499483 0.128086 0.502583 0.114198 0.517045 0.129051
0 0.705062 0.140818 0.712035 0.132330 0.700929 0.118249
0 0.691374 0.174769 0.697572 0.159336 0.714101 0.180556
0 0.725723 0.200231 0.731921 0.213349 0.714101 0.213541
0 0.732955 0.252701 0.737087 0.262731 0.723270 0.265433
0 0.724948 0.173225 0.729081 0.155093 0.746514 0.169946
0 0.729855 0.114969 0.740444 0.123843 0.727531 0.135802
0 0.741477 0.143519 0.749225 0.137346 0.754261 0.159529
0 0.736312 0.124228 0.748192 0.113040 0.753745 0.142940
0 0.736054 0.099537 0.744576 0.086034 0.753228 0.111111
0 0.734246 0.092978 0.736829 0.111111 0.722237 0.107253
0 0.744576 0.282793 0.747417 0.294367 0.729855 0.292824
0 0.763688 0.282022 0.765496 0.297454 0.781508 0.285494
0 0.798812 0.280093 0.811209 0.279707 0.805010 0.249614
0 0.822572 0.212577 0.830837 0.213349 0.826704 0.236497
0 0.819990 0.179784 0.833419 0.184799 0.826704 0.209298
0 0.844008 0.134259 0.842717 0.150849 0.820118 0.142554
0 0.860795 0.141204 0.868027 0.148920 0.859762 0.166281
0 0.819473 0.094522 0.826705 0.086806 0.834323 0.109568
0 0.833419 0.094522 0.843233 0.085648 0.846720 0.111882
0 0.906508 0.145833 0.913740 0.156636 0.903668 0.167245
0 0.889205 0.100694 0.898244 0.098765 0.895919 0.124228
0 0.871126 0.111111 0.877324 0.101080 0.882877 0.126929
0 0.858213 0.099923 0.866219 0.088349 0.871772 0.115162
0 0.846591 0.109182 0.856921 0.112654 0.865573 0.133874
0 0.848140 0.091049 0.857696 0.085648 0.857050 0.114391
0 0.909866 0.194830 0.914256 0.211806 0.890238 0.212384
0 0.891271 0.271991 0.886622 0.282022 0.872676 0.268133
0 0.908316 0.249228 0.907800 0.251157 0.907154 0.274112
0 0.905217 0.244213 0.904959 0.257716 0.881328 0.250771
0 0.909349 0.236497 0.917097 0.246528 0.902764 0.258873
0 0.894628 0.248843 0.904959 0.238812 0.889850 0.220101
0 0.914256 0.228395 0.910382 0.243827 0.889333 0.234953
0 0.906767 0.236111 0.917614 0.226852 0.901473 0.207948
0 0.744576 0.404707 0.753616 0.413580 0.742382 0.430170
0 0.697314 0.323688 0.700671 0.313272 0.713714 0.329862
0 0.803461 0.418596 0.803461 0.418596 0.818182 0.399691
0 0.873967 0.322145 0.872934 0.339120 0.853306 0.330632
0 0.889205 0.335262 0.891012 0.349537 0.871772 0.344136
0 0.908316 0.353009 0.917614 0.346451 0.903539 0.326774
0 0.913740 0.357253 0.915548 0.369985 0.894758 0.365934
0 0.909349 0.367284 0.912707 0.382716 0.893854 0.380787
0 0.913481 0.373843 0.921488 0.377315 0.911544 0.398149
0 0.916322 0.408565 0.910124 0.426312 0.898243 0.406250
0 0.856147 0.395448 0.863895 0.386188 0.870351 0.408950
0 0.854855 0.459491 0.849174 0.442901 0.867252 0.439815
0 0.834452 0.445988 0.852273 0.444830 0.844395 0.472801
0 0.916839 0.435185 0.918905 0.449846 0.901085 0.444445
0 0.916322 0.453318 0.917614 0.465278 0.898890 0.465664
0 0.918130 0.480710 0.917872 0.496142 0.897211 0.488426
0 0.858213 0.486883 0.870351 0.481867 0.871385 0.507716
0 0.850465 0.471451 0.866219 0.469907 0.860150 0.503472
0 0.850465 0.505787 0.855630 0.526620 0.833678 0.523148
0 0.917872 0.504630 0.916064 0.513503 0.897082 0.505787
0 0.905217 0.505787 0.914514 0.516204 0.899922 0.530864
0 0.906508 0.517747 0.918905 0.516204 0.912706 0.536458
0 0.895403 0.538580 0.903926 0.548225 0.889850 0.563657
0 0.903926 0.552855 0.915031 0.554784 0.905992 0.581790
0 0.910382 0.599151 0.920455 0.606481 0.901473 0.624035
0 0.913740 0.604938 0.924587 0.608796 0.913094 0.629630
0 0.831095 0.650077 0.832645 0.667052 0.810176 0.658564
0 0.821539 0.564043 0.821798 0.565586 0.803332 0.576196
0 0.813791 0.556713 0.811983 0.570602 0.799458 0.563465
0 0.841942 0.528164 0.853306 0.534722 0.847624 0.555941
0 0.744060 0.615741 0.756198 0.621914 0.755553 0.591243
0 0.917097 0.655093 0.923295 0.667824 0.904958 0.678434
0 0.772211 0.791667 0.782025 0.788194 0.773632 0.763311
0 0.763946 0.854938 0.768337 0.874228 0.748063 0.876157
0 0.724432 0.923225 0.730372 0.908951 0.710615 0.906829
0 0.889721 0.834491 0.887138 0.851080 0.867123 0.842785
0 0.909349 0.799769 0.921488 0.814429 0.903668 0.826004
0 0.922262 0.794367 0.928977 0.815972 0.904958 0.815007
0 0.918647 0.826389 0.926395 0.836420 0.914257 0.852237
0 0.919680 0.744213 0.925362 0.756559 0.905217 0.766590
0 0.921229 0.732253 0.917614 0.750386 0.902764 0.736497
0 0.883523 0.714892 0.896952 0.707176 0.893853 0.738426
0 0.920713 0.674383 0.929236 0.679398 0.923037 0.704090
0 0.916322 0.666667 0.928461 0.674769 0.916322 0.691165
0 0.808626 0.876929 0.812242 0.888117 0.794938 0.893325
0 0.768079 0.921682 0.775826 0.911265 0.758910 0.904128
0 0.755940 0.918596 0.765754 0.926312 0.768982 0.903164
0 0.662190 0.922840 0.672521 0.919367 0.663353 0.895833
0 0.634039 0.905864 0.638171 0.886960 0.612732 0.894483
0 0.611570 0.935957 0.620093 0.922454 0.602919 0.919753
0 0.649019 0.925154 0.655475 0.911265 0.646307 0.907407
0 0.661932 0.928241 0.667097 0.913580 0.650568 0.917053
0 0.621643 0.816358 0.630165 0.803241 0.610150 0.793210
0 0.807076 0.920525 0.818698 0.921296 0.812887 0.896412
0 0.835486 0.920139 0.833678 0.918210 0.823993 0.905865
0 0.851498 0.891975 0.856147 0.878086 0.838456 0.884066
0 0.869060 0.884645 0.868543 0.869213 0.847108 0.876929
0 0.861054 0.910108 0.869060 0.907793 0.864153 0.883102
0 0.865961 0.903935 0.863378 0.917438 0.844912 0.902199
0 0.868543 0.913966 0.879907 0.913966 0.874225 0.888117
0 0.906508 0.909722 0.900052 0.922454 0.888429 0.907407
0 0.891271 0.898148 0.898244 0.897377 0.895532 0.873842
0 0.893079 0.907022 0.904184 0.904707 0.901085 0.887153
0 0.402376 0.767361 0.409349 0.774691 0.400052 0.787230
0 0.469525 0.910880 0.479597 0.920139 0.488249 0.889854
0 0.540806 0.925540 0.550362 0.923225 0.540547 0.898920
0 0.543647 0.911651 0.552686 0.922840 0.562371 0.894097
0 0.341684 0.845293 0.341167 0.829090 0.361054 0.837191
0 0.414256 0.925154 0.423554 0.929012 0.424200 0.905864
0 0.401085 0.913966 0.409349 0.925540 0.416323 0.900848
0 0.388430 0.918596 0.398760 0.922840 0.397857 0.891976
0 0.377066 0.921682 0.386622 0.926312 0.389205 0.898149
0 0.385072 0.889275 0.392562 0.890818 0.393983 0.865741
0 0.367510 0.924383 0.380424 0.917824 0.371643 0.898534
0 0.340909 0.915123 0.346849 0.926312 0.360021 0.906057
0 0.329287 0.912809 0.333936 0.923225 0.348657 0.899691
0 0.341942 0.886574 0.352273 0.886960 0.347108 0.864197
0 0.313533 0.912809 0.314308 0.896219 0.332903 0.904514
0 0.309143 0.917824 0.316374 0.927083 0.327221 0.906250
0 0.364153 0.695216 0.373967 0.696373 0.367898 0.718364
0 0.427428 0.633488 0.433368 0.632716 0.430398 0.608604
0 0.231147 0.669753 0.239669 0.677469 0.242768 0.647955
0 0.200671 0.569059 0.209452 0.572145 0.202479 0.594907
0 0.168130 0.697917 0.172262 0.707948 0.189566 0.686729
0 0.218750 0.764660 0.216942 0.781636 0.244964 0.773148
0 0.140238 0.647377 0.150568 0.635802 0.148115 0.655092
0 0.136880 0.646605 0.139721 0.632330 0.151601 0.651813
0 0.149019 0.677469 0.159349 0.671296 0.159350 0.702546
0 0.138946 0.699460 0.141529 0.682870 0.160511 0.701388
0 0.136880 0.604938 0.143337 0.589892 0.153280 0.618634
0 0.149793 0.597608 0.155992 0.586420 0.163223 0.612655
0 0.167872 0.582176 0.173295 0.572145 0.183497 0.582369
0 0.139721 0.583333 0.137913 0.582176 0.158575 0.583719
0 0.171746 0.567901 0.174845 0.552855 0.196927 0.561921
0 0.241477 0.498457 0.252324 0.494985 0.245868 0.474537
0 0.188533 0.466821 0.198089 0.476852 0.183626 0.496721
0 0.172521 0.542438 0.178461 0.528549 0.185047 0.547454
0 0.137913 0.531636 0.147986 0.527006 0.143595 0.550154
0 0.144112 0.534722 0.151601 0.525849 0.155217 0.552083
0 0.142045 0.496914 0.150052 0.488426 0.154700 0.513889
0 0.137913 0.503858 0.146694 0.496142 0.148631 0.520641
0 0.143079 0.484182 0.149793 0.498457 0.162061 0.483025
0 0.140238 0.469136 0.145919 0.484182 0.158833 0.474537
0 0.175103 0.458719 0.186983 0.459877 0.179365 0.487075
0 0.329029 0.411265 0.341942 0.409722 0.335357 0.381752
0 0.333936 0.329861 0.342975 0.321373 0.345299 0.353587
0 0.284349 0.354938 0.295455 0.350694 0.285899 0.326581
0 0.245610 0.388889 0.251550 0.375386 0.265367 0.385609
0 0.267820 0.412037 0.278151 0.414738 0.272985 0.390432
0 0.237862 0.420139 0.238378 0.402392 0.259815 0.411266
0 0.200671 0.368827 0.207903 0.359954 0.214617 0.386381
0 0.195764 0.423997 0.184659 0.420139 0.191115 0.393904
0 0.189824 0.418596 0.205062 0.412423 0.205062 0.436342
0 0.166064 0.427855 0.176395 0.408951 0.189437 0.431327
0 0.147469 0.434028 0.156250 0.423997 0.161932 0.440586
0 0.140754 0.397377 0.151601 0.390818 0.149793 0.422840
0 0.159607 0.374228 0.170455 0.368827 0.165418 0.393711
0 0.147211 0.376543 0.155217 0.365741 0.155346 0.394290
0 0.142820 0.366127 0.151601 0.354167 0.155475 0.385417
0 0.206612 0.317515 0.209194 0.334877 0.227015 0.324074
0 0.166581 0.319830 0.171488 0.328704 0.180140 0.308835
0 0.357438 0.268133 0.355888 0.281250 0.374741 0.275463
0 0.348657 0.224537 0.354081 0.232639 0.337810 0.245756
0 0.353306 0.212191 0.354081 0.228395 0.378487 0.220293
0 0.320248 0.216821 0.322314 0.231096 0.340521 0.219329
0 0.361054 0.175926 0.361570 0.193673 0.339230 0.185957
0 0.273760 0.158951 0.283316 0.146605 0.291193 0.174768
0 0.251808 0.180941 0.259556 0.168210 0.268853 0.191358
0 0.226498 0.201775 0.228564 0.216049 0.208677 0.212578
0 0.176653 0.249228 0.185176 0.255787 0.176524 0.271026
0 0.172262 0.246528 0.178202 0.258102 0.186466 0.238040
0 0.143337 0.268133 0.153409 0.260802 0.153538 0.287037
0 0.146436 0.322531 0.153667 0.305556 0.169680 0.329283
0 0.150826 0.334877 0.155733 0.316358 0.165548 0.338541
0 0.143337 0.311728 0.152634 0.302855 0.149277 0.334298
0 0.144112 0.219522 0.151860 0.216049 0.153022 0.239198
0 0.146694 0.208333 0.157541 0.199074 0.156637 0.222801
0 0.148502 0.197917 0.156250 0.184414 0.167743 0.211806
0 0.161932 0.199846 0.162448 0.199846 0.184013 0.191165
0 0.226498 0.199846 0.236829 0.192130 0.234246 0.223766
0 0.225465 0.196373 0.232438 0.184414 0.240573 0.206597
0 0.216426 0.177083 0.222366 0.162809 0.233213 0.183642
0 0.237862 0.150077 0.247417 0.150077 0.243931 0.177276
0 0.194990 0.177083 0.203254 0.189043 0.213327 0.168789
0 0.199897 0.143904 0.204287 0.161651 0.185304 0.158564
0 0.351498 0.148920 0.358471 0.161651 0.368802 0.141782
0 0.352014 0.090664 0.362862 0.086034 0.357696 0.112268
0 0.384039 0.088349 0.396436 0.086806 0.390238 0.113233
0 0.416581 0.081790 0.414514 0.095679 0.432980 0.088734
0 0.404184 0.114198 0.410640 0.128086 0.425878 0.110725
0 0.413998 0.120370 0.419163 0.134259 0.428331 0.118827
0 0.334969 0.092207 0.344783 0.085648 0.347495 0.112654
0 0.333161 0.093364 0.333419 0.089892 0.328900 0.106482
0 0.310950 0.123071 0.308368 0.137346 0.328512 0.130209
0 0.311725 0.086806 0.323605 0.093364 0.314307 0.114583
0 0.288481 0.130401 0.287707 0.146605 0.272469 0.140046
0 0.294421 0.103395 0.303202 0.111497 0.291193 0.121142
0 0.255682 0.116512 0.266012 0.111883 0.263817 0.141976
0 0.244576 0.104167 0.248192 0.114198 0.231017 0.122107
0 0.267820 0.087191 0.269628 0.099923 0.253228 0.097222
0 0.221591 0.126929 0.229081 0.138889 0.214102 0.149305
0 0.253357 0.137346 0.242769 0.131173 0.237474 0.119984
0 0.216942 0.109182 0.225981 0.115355 0.212552 0.132330
0 0.239411 0.146219 0.237087 0.144676 0.256327 0.155671
0 0.443182 0.118441 0.442665 0.103395 0.465134 0.110918
0 0.159607 0.148920 0.165548 0.149691 0.162577 0.168210
0 0.180269 0.128858 0.186209 0.128086 0.183239 0.143518
0 0.164256 0.123071 0.173554 0.126543 0.163869 0.146026
0 0.155475 0.108410 0.162965 0.111497 0.157542 0.137731
0 0.166322 0.107253 0.175878 0.107639 0.171100 0.127700
0 0.179494 0.097222 0.188533 0.099537 0.181818 0.125578
0 0.166322 0.102623 0.172262 0.109182 0.175878 0.099344
0 0.199380 0.116512 0.199897 0.104552 0.213068 0.110532
0 0.207645 0.086806 0.214876 0.090664 0.208161 0.107832
0 0.191374 0.099151 0.192407 0.099151 0.194989 0.124035
0 0.188533 0.092978 0.195248 0.094522 0.191891 0.116319
0 0.196798 0.086034 0.196023 0.098765 0.214747 0.093364
0 0.296746 0.857639 0.303461 0.863812 0.307722 0.843171
0 0.281767 0.915123 0.291322 0.911651 0.286544 0.890818
0 0.286674 0.909336 0.291839 0.921296 0.305269 0.893132
0 0.283833 0.922840 0.287707 0.931713 0.299071 0.919368
0 0.274019 0.916281 0.280217 0.923997 0.290419 0.898341
0 0.262138 0.925540 0.269112 0.930556 0.274147 0.903743
0 0.254907 0.920525 0.264721 0.924383 0.265883 0.900656
0 0.238120 0.869213 0.241994 0.854167 0.259297 0.869020
0 0.239153 0.908179 0.239669 0.922454 0.259039 0.907793
0 0.237087 0.894290 0.242252 0.894676 0.239669 0.881559
0 0.226240 0.924383 0.234504 0.920525 0.226498 0.899305
0 0.217459 0.924383 0.222107 0.919753 0.211647 0.903356
0 0.221591 0.930556 0.218750 0.915509 0.235925 0.914545
0 0.202479 0.890818 0.205837 0.897377 0.215263 0.876929
0 0.210744 0.883488 0.210227 0.902006 0.233858 0.892747
0 0.193182 0.907022 0.201963 0.907793 0.197572 0.892168
0 0.178977 0.912809 0.181818 0.926312 0.197443 0.911458
0 0.194990 0.834105 0.206353 0.835262 0.200672 0.805941
0 0.155992 0.820216 0.158316 0.804784 0.177815 0.815394
0 0.161932 0.828704 0.161932 0.844522 0.181818 0.836613
0 0.165031 0.864583 0.169421 0.878858 0.188533 0.863619
0 0.166064 0.893904 0.168388 0.907022 0.183885 0.884259
0 0.169421 0.917824 0.162190 0.908951 0.179235 0.895833
0 0.157800 0.909722 0.160124 0.923225 0.176137 0.911072
0 0.153926 0.903935 0.161415 0.911651 0.163224 0.891975
0 0.144370 0.904321 0.145403 0.890818 0.158575 0.897570
0 0.138946 0.876157 0.140496 0.891975 0.155733 0.882137
0 0.157541 0.890818 0.149535 0.895448 0.151601 0.874035
0 0.138430 0.843750 0.146952 0.836034 0.149018 0.857832
0 0.139463 0.823688 0.149277 0.814815 0.151860 0.844136
0 0.136364 0.779707 0.142820 0.774306 0.145661 0.800541
0 0.138430 0.768519 0.145403 0.761960 0.146565 0.786072
0 0.151860 0.755015 0.152376 0.754244 0.156637 0.785301
0 0.134556 0.746528 0.142820 0.738040 0.149665 0.770061
0 0.137913 0.737269 0.143337 0.726466 0.156508 0.750771
0 0.152376 0.714506 0.146694 0.727623 0.157541 0.738619
0 0.138688 0.724151 0.140496 0.712577 0.156250 0.726080
