0 0.397727 0.578704 0.405992 0.574846 0.398502 0.555170
0 0.448864 0.613812 0.450930 0.600309 0.434142 0.605324
0 0.584194 0.677855 0.582128 0.658951 0.561208 0.669175
0 0.712810 0.567130 0.706612 0.581404 0.696023 0.566165
0 0.528409 0.365741 0.538223 0.367284 0.533316 0.393133
0 0.496901 0.343364 0.504649 0.351080 0.493544 0.366127
0 0.592459 0.331019 0.588843 0.346451 0.574639 0.337191
0 0.411674 0.263117 0.413740 0.269290 0.401085 0.271605
0 0.424587 0.218364 0.417872 0.227623 0.411674 0.204475
0 0.425103 0.201389 0.413223 0.200617 0.419163 0.174768
0 0.452479 0.180556 0.453512 0.166667 0.472108 0.172839
0 0.429236 0.180556 0.428202 0.163580 0.448864 0.168982
0 0.428719 0.149691 0.421488 0.135802 0.436209 0.125578
0 0.398244 0.131173 0.392304 0.119599 0.383007 0.141204
0 0.373967 0.118056 0.373967 0.121914 0.397728 0.112847
0 0.390496 0.079861 0.391012 0.098380 0.370610 0.092399
0 0.338326 0.095293 0.345558 0.102238 0.334969 0.115933
0 0.398244 0.048225 0.400826 0.033565 0.416322 0.047454
0 0.361570 0.050926 0.366736 0.035108 0.379132 0.048226
0 0.333678 0.053627 0.338326 0.039738 0.352789 0.052855
0 0.460227 0.044753 0.466942 0.033565 0.475723 0.048225
0 0.503099 0.112654 0.507231 0.100309 0.516529 0.111497
0 0.501550 0.067515 0.495351 0.055170 0.507748 0.060185
0 0.523760 0.036651 0.517562 0.048997 0.535382 0.055941
0 0.534607 0.040509 0.543388 0.035108 0.550103 0.052083
0 0.551653 0.151235 0.547004 0.135802 0.563792 0.136188
0 0.551653 0.184414 0.553202 0.164352 0.572831 0.176312
0 0.643595 0.164352 0.641012 0.145833 0.618802 0.155092
0 0.682851 0.164352 0.688533 0.148148 0.670713 0.147763
0 0.739153 0.164352 0.732955 0.152778 0.722107 0.168210
0 0.669421 0.312500 0.682335 0.305556 0.681302 0.333720
0 0.742769 0.357253 0.749483 0.353395 0.744318 0.340664
0 0.622934 0.073688 0.625000 0.086806 0.603822 0.086999
0 0.584194 0.083719 0.578512 0.065972 0.604855 0.072916
0 0.575413 0.040509 0.583678 0.026620 0.595041 0.047840
0 0.596074 0.033565 0.602789 0.023534 0.608471 0.044367
0 0.611054 0.021219 0.601756 0.032022 0.614411 0.043596
0 0.636364 0.038194 0.642562 0.026620 0.656767 0.044753
0 0.691632 0.078318 0.693182 0.092207 0.674845 0.087192
0 0.684917 0.040509 0.692665 0.025849 0.705320 0.047454
0 0.704545 0.063272 0.703512 0.075231 0.721591 0.069251
0 0.712810 0.083719 0.703512 0.075231 0.702738 0.097029
0 0.735537 0.090664 0.731405 0.079090 0.722108 0.090278
0 0.718492 0.032793 0.717459 0.048225 0.736828 0.041281
0 0.764463 0.043596 0.754132 0.038966 0.759297 0.060957
0 0.778409 0.138117 0.772211 0.151235 0.759556 0.136188
0 0.793388 0.153549 0.786157 0.164352 0.775309 0.152006
0 0.782025 0.167438 0.790289 0.172840 0.780992 0.188272
0 0.809917 0.233025 0.799070 0.235340 0.801136 0.212191
0 0.776343 0.078318 0.784607 0.075231 0.782025 0.100887
0 0.770661 0.065201 0.759298 0.071373 0.770661 0.096258
0 0.778409 0.028935 0.787190 0.032793 0.781767 0.053627
0 0.751033 0.032022 0.752066 0.018904 0.768595 0.032793
0 0.815083 0.290895 0.805269 0.283179 0.805011 0.309800
0 0.830579 0.276235 0.821281 0.273148 0.824639 0.298997
0 0.818182 0.334877 0.808884 0.334105 0.814307 0.355517
0 0.844008 0.317130 0.834194 0.313272 0.838843 0.335263
0 0.865702 0.356481 0.867769 0.344136 0.851757 0.344135
0 0.850723 0.320988 0.854339 0.312500 0.841942 0.305748
0 0.865186 0.305170 0.858471 0.298997 0.852273 0.324267
0 0.864153 0.326389 0.864669 0.311728 0.850723 0.319059
0 0.861054 0.292824 0.862603 0.302469 0.845299 0.300926
0 0.859504 0.277006 0.861054 0.292824 0.847108 0.284915
0 0.846591 0.266975 0.844525 0.254630 0.826188 0.263504
0 0.851756 0.229167 0.858471 0.234568 0.850465 0.250772
0 0.861054 0.251543 0.858471 0.237654 0.840392 0.250000
0 0.844525 0.233025 0.845558 0.248457 0.823347 0.241513
0 0.808884 0.201389 0.818182 0.193673 0.825672 0.213734
0 0.797521 0.158179 0.798812 0.157407 0.801911 0.184028
0 0.794938 0.166667 0.786157 0.157407 0.799845 0.146991
0 0.800620 0.132716 0.810950 0.125772 0.810175 0.150849
0 0.830062 0.162809 0.827996 0.147377 0.814437 0.155093
0 0.762913 0.433642 0.766012 0.418981 0.745610 0.420525
0 0.760847 0.451389 0.758264 0.464506 0.740444 0.454861
0 0.784091 0.346451 0.791839 0.350309 0.784607 0.372107
0 0.799070 0.408179 0.798554 0.405478 0.801653 0.383102
0 0.803719 0.490741 0.794421 0.484182 0.795971 0.509452
0 0.808368 0.473765 0.807851 0.457562 0.789515 0.465664
0 0.801653 0.441358 0.807851 0.457562 0.788223 0.459877
0 0.798037 0.416667 0.806302 0.416667 0.804493 0.442902
0 0.813533 0.392747 0.822831 0.390432 0.820506 0.416281
0 0.836777 0.360340 0.835486 0.363426 0.831612 0.377315
0 0.867769 0.358025 0.869318 0.369599 0.846591 0.366127
0 0.858471 0.404321 0.856921 0.389660 0.838326 0.396991
0 0.830062 0.493056 0.818698 0.492670 0.824380 0.461034
0 0.848140 0.457562 0.853822 0.467593 0.841684 0.473380
0 0.871384 0.487654 0.867769 0.499228 0.858471 0.484954
0 0.870351 0.473765 0.864153 0.484182 0.858729 0.464313
0 0.855888 0.414352 0.869318 0.412037 0.862603 0.439043
0 0.861054 0.404321 0.865186 0.421296 0.856922 0.427855
0 0.869318 0.376543 0.860021 0.369599 0.863637 0.390432
0 0.875517 0.529707 0.866219 0.540895 0.860537 0.518711
0 0.841942 0.531636 0.839876 0.546296 0.823089 0.537037
0 0.772727 0.584105 0.782541 0.583333 0.777634 0.555941
0 0.806818 0.616127 0.805785 0.600694 0.784608 0.610532
0 0.822831 0.602238 0.823864 0.614969 0.840909 0.608604
0 0.818182 0.622299 0.830062 0.619213 0.822831 0.596644
0 0.852789 0.529321 0.861054 0.535494 0.850207 0.558256
0 0.879649 0.564815 0.872417 0.568673 0.871126 0.550540
0 0.876550 0.570216 0.869835 0.573302 0.866478 0.559799
0 0.877583 0.553241 0.881715 0.564043 0.864411 0.559800
0 0.865186 0.585262 0.869835 0.573302 0.858471 0.575810
0 0.877583 0.583333 0.869835 0.573302 0.867252 0.597994
0 0.874483 0.624228 0.867252 0.611111 0.852531 0.639081
0 0.873967 0.631944 0.878099 0.643133 0.860279 0.646605
0 0.878099 0.677855 0.871901 0.678241 0.871126 0.663966
0 0.878616 0.648534 0.872934 0.635417 0.864669 0.656636
0 0.863636 0.660108 0.871901 0.665123 0.861571 0.683835
0 0.882748 0.671682 0.874483 0.660880 0.866994 0.684221
0 0.883781 0.706404 0.877066 0.695216 0.869835 0.711998
0 0.883264 0.722994 0.878616 0.711420 0.864669 0.724923
0 0.888430 0.723765 0.880165 0.721451 0.881973 0.744792
0 0.772211 0.726080 0.771178 0.712577 0.752841 0.719329
0 0.791322 0.773148 0.779959 0.778549 0.779442 0.753086
0 0.785124 0.792052 0.785124 0.781636 0.767562 0.786844
0 0.854339 0.743827 0.854339 0.759645 0.833936 0.751736
0 0.850207 0.768519 0.850207 0.768519 0.828771 0.777971
0 0.861570 0.760417 0.867252 0.766204 0.853822 0.781250
0 0.869835 0.800540 0.858988 0.798225 0.864411 0.776620
0 0.890496 0.774691 0.883264 0.789352 0.872159 0.771991
0 0.878099 0.802855 0.883264 0.795139 0.867510 0.783757
0 0.872417 0.820602 0.875000 0.811343 0.855114 0.814044
0 0.874483 0.826003 0.879649 0.810571 0.864928 0.803820
0 0.611054 0.798225 0.608988 0.784336 0.629907 0.790895
0 0.581095 0.792824 0.585227 0.780864 0.572056 0.779321
0 0.590909 0.798225 0.586260 0.811343 0.571539 0.794754
0 0.553719 0.808256 0.553719 0.793596 0.533575 0.797840
0 0.602789 0.830633 0.612603 0.822145 0.599432 0.799961
0 0.817665 0.811343 0.816632 0.795139 0.797779 0.803241
0 0.865702 0.836034 0.865702 0.817515 0.845299 0.826774
0 0.874483 0.829861 0.860537 0.829861 0.863120 0.807098
0 0.860021 0.845293 0.863636 0.830633 0.840650 0.831018
0 0.797521 0.852238 0.802686 0.842207 0.787190 0.832947
0 0.808368 0.844522 0.815599 0.844522 0.811983 0.826775
0 0.812500 0.839120 0.809401 0.826003 0.797004 0.832947
0 0.819731 0.851466 0.829545 0.839120 0.817924 0.834105
0 0.733988 0.834491 0.727789 0.845293 0.720042 0.827160
0 0.720558 0.848380 0.710744 0.858410 0.704029 0.829861
0 0.696798 0.859954 0.705062 0.854552 0.689566 0.838349
0 0.670971 0.861497 0.681302 0.852238 0.666064 0.839120
0 0.647211 0.829861 0.646178 0.841435 0.628874 0.834105
0 0.649277 0.853009 0.639979 0.849923 0.645145 0.828704
0 0.650826 0.861497 0.653409 0.846836 0.633781 0.848766
0 0.636364 0.857639 0.625517 0.863812 0.628100 0.841050
0 0.617769 0.865355 0.627066 0.853009 0.608988 0.847994
0 0.598140 0.861497 0.597107 0.848380 0.588585 0.855325
0 0.579545 0.868441 0.584711 0.853781 0.565600 0.850309
0 0.591942 0.846836 0.590393 0.834491 0.577738 0.840664
0 0.548554 0.863040 0.536674 0.863812 0.542614 0.833719
0 0.532541 0.869213 0.524277 0.869213 0.528409 0.841821
0 0.522211 0.874614 0.528409 0.866898 0.513429 0.851852
0 0.506198 0.852238 0.502583 0.859954 0.488636 0.845293
0 0.502583 0.874614 0.508264 0.865355 0.489669 0.857253
0 0.258006 0.694059 0.257231 0.707948 0.239799 0.701004
0 0.335744 0.805941 0.325413 0.805941 0.330578 0.780093
0 0.456095 0.815972 0.456095 0.831404 0.433885 0.823688
0 0.485021 0.866127 0.485537 0.853781 0.465909 0.859954
0 0.426653 0.878472 0.431818 0.866898 0.411157 0.859182
0 0.416322 0.884645 0.410640 0.873843 0.429752 0.864583
0 0.436467 0.880015 0.443698 0.870756 0.423037 0.859954
0 0.363636 0.882330 0.366736 0.870756 0.348915 0.872685
0 0.368802 0.888503 0.372934 0.876157 0.354727 0.869213
0 0.375517 0.881559 0.384298 0.871528 0.363895 0.854167
0 0.394628 0.866898 0.397211 0.861497 0.380682 0.854553
0 0.396694 0.884645 0.404442 0.873071 0.389463 0.863426
0 0.410640 0.869985 0.403409 0.880015 0.393078 0.858024
0 0.302944 0.889275 0.311983 0.876929 0.296488 0.868442
0 0.280992 0.886960 0.286157 0.872299 0.266270 0.868827
0 0.246384 0.886188 0.246901 0.869213 0.228048 0.877700
0 0.214876 0.886188 0.225723 0.882330 0.213068 0.857639
0 0.197831 0.875386 0.191116 0.887731 0.175878 0.869212
0 0.142045 0.845293 0.153926 0.843750 0.147985 0.810956
0 0.129907 0.805941 0.138430 0.796682 0.127066 0.781250
0 0.115702 0.817515 0.106405 0.806713 0.121126 0.786265
0 0.102789 0.827546 0.090134 0.822145 0.099303 0.797454
0 0.168647 0.588349 0.180785 0.581404 0.175749 0.618056
0 0.118285 0.621528 0.128099 0.606096 0.112990 0.595293
0 0.091942 0.659336 0.104081 0.657793 0.098012 0.628472
0 0.083419 0.710262 0.093750 0.714120 0.096978 0.684028
0 0.088326 0.719522 0.095300 0.730324 0.103822 0.702546
0 0.083161 0.749614 0.091167 0.757330 0.097495 0.731481
0 0.105372 0.761960 0.095041 0.748843 0.112474 0.729553
0 0.090134 0.833719 0.095300 0.843750 0.111958 0.826389
0 0.138430 0.853781 0.139979 0.837577 0.119834 0.845679
0 0.164256 0.886960 0.151860 0.887731 0.158058 0.859954
0 0.116994 0.858410 0.111570 0.866127 0.107955 0.850309
0 0.142045 0.897762 0.149277 0.887731 0.131198 0.872299
0 0.123967 0.884645 0.128616 0.893904 0.143724 0.865741
0 0.118285 0.885417 0.111054 0.869985 0.130423 0.867670
0 0.120351 0.876929 0.111829 0.886960 0.108729 0.862654
0 0.105888 0.892361 0.115702 0.882330 0.102918 0.863040
0 0.238636 0.476080 0.229855 0.470679 0.227531 0.491320
0 0.230372 0.464506 0.233471 0.472994 0.216684 0.474151
0 0.207645 0.442130 0.211777 0.424383 0.193698 0.421104
0 0.274277 0.401235 0.264463 0.393519 0.275568 0.374228
0 0.251033 0.381173 0.243285 0.371914 0.254648 0.361883
0 0.232438 0.316358 0.242510 0.317130 0.237474 0.344907
0 0.146694 0.324074 0.156508 0.327160 0.148373 0.349537
0 0.097882 0.330247 0.086777 0.326389 0.094783 0.300154
0 0.079545 0.367284 0.089876 0.367284 0.084710 0.342592
0 0.100465 0.373457 0.089876 0.367284 0.099561 0.343750
0 0.124483 0.410494 0.114411 0.418596 0.112474 0.396027
0 0.082386 0.422068 0.082386 0.408951 0.102660 0.415509
0 0.092459 0.416667 0.082128 0.418981 0.087293 0.388888
0 0.101498 0.551698 0.101240 0.564043 0.124483 0.557870
0 0.088326 0.548997 0.099690 0.555170 0.100077 0.519483
0 0.082386 0.530864 0.090909 0.535494 0.091425 0.512346
0 0.311983 0.248457 0.308368 0.232253 0.327608 0.233025
0 0.282541 0.181327 0.289256 0.168210 0.300878 0.190200
0 0.306302 0.138117 0.311467 0.144290 0.316116 0.130787
0 0.287190 0.101466 0.289773 0.110340 0.271953 0.111690
0 0.315599 0.039738 0.309917 0.052083 0.328383 0.054784
0 0.295455 0.038966 0.289773 0.051312 0.305527 0.060957
0 0.279959 0.050540 0.285640 0.038966 0.296230 0.061535
0 0.266529 0.045139 0.274793 0.039738 0.275568 0.061729
0 0.242510 0.070602 0.247159 0.057485 0.263559 0.070602
0 0.239153 0.045910 0.251033 0.042824 0.251808 0.066937
0 0.188533 0.118827 0.180269 0.114969 0.187758 0.101273
0 0.196798 0.042824 0.191116 0.052855 0.208420 0.064043
0 0.180269 0.079861 0.187500 0.064429 0.203513 0.083334
0 0.176653 0.059028 0.182335 0.045910 0.195765 0.065586
0 0.152376 0.128086 0.163223 0.133488 0.166323 0.106675
0 0.153151 0.151235 0.153151 0.132716 0.172908 0.141976
0 0.097624 0.189043 0.110021 0.189043 0.103822 0.222415
0 0.095041 0.171296 0.090909 0.184414 0.107826 0.184799
0 0.111054 0.169753 0.121901 0.160494 0.126550 0.194058
0 0.134298 0.142747 0.144112 0.133488 0.129907 0.112848
0 0.109246 0.155864 0.120868 0.170525 0.128228 0.150078
0 0.089360 0.136574 0.084194 0.120370 0.099173 0.120756
0 0.082128 0.104938 0.092717 0.098380 0.089618 0.134838
0 0.144628 0.061343 0.138688 0.066744 0.151472 0.080054
0 0.135072 0.073302 0.140496 0.061728 0.153797 0.072530
0 0.139721 0.055170 0.137138 0.061728 0.155863 0.061921
0 0.134556 0.042438 0.133523 0.054012 0.153797 0.048804
0 0.123450 0.071759 0.120868 0.084105 0.142174 0.088348
0 0.105888 0.090664 0.112087 0.081790 0.115832 0.101659
0 0.106147 0.077160 0.110021 0.067901 0.123322 0.074267
0 0.086002 0.077932 0.092459 0.070216 0.102015 0.096450
0 0.098399 0.060957 0.092975 0.065201 0.102015 0.077739
0 0.109504 0.053627 0.104855 0.062500 0.121772 0.060186
0 0.098915 0.055170 0.107696 0.052083 0.106663 0.074267
0 0.794163 0.032022 0.796229 0.023534 0.808884 0.039352
0 0.807851 0.033179 0.816374 0.033951 0.813145 0.057099
0 0.788998 0.018133 0.797521 0.020448 0.791581 0.042052
0 0.838068 0.054398 0.833419 0.045139 0.825284 0.060764
0 0.831870 0.032022 0.822831 0.033565 0.828642 0.052662
0 0.822831 0.021219 0.816116 0.028935 0.830062 0.046875
0 0.809917 0.019290 0.802169 0.025463 0.815082 0.039159
0 0.835744 0.092978 0.833419 0.081019 0.821669 0.091436
0 0.826963 0.074846 0.830320 0.085262 0.814566 0.090085
0 0.795455 0.063657 0.802686 0.055556 0.810047 0.076968
0 0.839876 0.041667 0.847624 0.042052 0.841555 0.064044
0 0.850465 0.082948 0.844008 0.072531 0.836261 0.089892
0 0.843750 0.119599 0.845300 0.108410 0.828771 0.111690
0 0.852531 0.091049 0.846074 0.086806 0.847236 0.104552
0 0.851240 0.140046 0.854597 0.130401 0.838326 0.125579
0 0.834711 0.136188 0.832128 0.143519 0.815600 0.134260
0 0.855630 0.145448 0.851498 0.155093 0.838972 0.137153
0 0.859504 0.165123 0.854081 0.175540 0.843750 0.152199
0 0.838585 0.172840 0.845041 0.163194 0.835486 0.151813
0 0.848915 0.180941 0.852531 0.171682 0.837939 0.162230
0 0.833161 0.180170 0.840134 0.187886 0.824509 0.190779
0 0.854081 0.202546 0.856921 0.189043 0.840522 0.181905
0 0.857696 0.205633 0.853822 0.215278 0.841297 0.199267
0 0.858471 0.221451 0.860279 0.209491 0.839101 0.210841
0 0.850723 0.227238 0.853822 0.215278 0.835743 0.221258
