0 0.689824 0.261960 0.697572 0.276620 0.679493 0.279900
0 0.629649 0.204475 0.632748 0.213735 0.646178 0.197917
0 0.567149 0.158951 0.568698 0.173611 0.548296 0.167824
0 0.470558 0.191358 0.469525 0.205247 0.488378 0.198688
0 0.488120 0.178241 0.491736 0.163580 0.473399 0.166281
0 0.779442 0.337191 0.787707 0.331790 0.788482 0.362268
0 0.771694 0.214506 0.780475 0.215278 0.776085 0.239969
0 0.712810 0.170525 0.702996 0.168210 0.707645 0.194058
0 0.681818 0.150463 0.684917 0.169753 0.661932 0.160108
0 0.704029 0.156636 0.705579 0.175154 0.688017 0.165895
0 0.713326 0.134259 0.705062 0.145062 0.721332 0.152778
0 0.715393 0.111111 0.721074 0.128086 0.701446 0.121142
0 0.676653 0.146605 0.665806 0.152006 0.662965 0.127700
0 0.801653 0.129630 0.813533 0.128858 0.808626 0.158179
0 0.814566 0.098765 0.825930 0.100309 0.820248 0.129630
0 0.832128 0.131944 0.833678 0.112654 0.849432 0.122299
0 0.828512 0.271605 0.837810 0.260802 0.839618 0.287037
0 0.860021 0.261574 0.872934 0.263117 0.866478 0.292824
0 0.849690 0.239198 0.861054 0.246914 0.855372 0.214892
0 0.840393 0.188272 0.851756 0.196759 0.840134 0.216436
0 0.850207 0.157407 0.860021 0.152006 0.860021 0.179784
0 0.496384 0.065586 0.497934 0.075617 0.483213 0.076388
0 0.506715 0.036265 0.508781 0.050154 0.489153 0.047840
0 0.466426 0.031636 0.473657 0.034722 0.465135 0.048997
0 0.479855 0.033179 0.482438 0.048611 0.465651 0.040895
0 0.543388 0.059414 0.546488 0.076389 0.525052 0.070217
0 0.585744 0.105710 0.583678 0.122685 0.561467 0.111882
0 0.586777 0.082562 0.584194 0.098765 0.567924 0.084490
0 0.606921 0.092593 0.614153 0.104938 0.596074 0.110726
0 0.625000 0.089506 0.628099 0.104167 0.643854 0.093750
0 0.619318 0.041667 0.631715 0.041667 0.628358 0.067902
0 0.610021 0.048611 0.619835 0.049383 0.614928 0.072916
0 0.598140 0.037809 0.609504 0.044753 0.598399 0.069059
0 0.635847 0.047068 0.643079 0.037037 0.651860 0.058256
0 0.588843 0.064043 0.587293 0.050154 0.572831 0.057098
0 0.580062 0.036265 0.584194 0.052469 0.560692 0.046296
0 0.589360 0.033179 0.593492 0.046296 0.577221 0.050154
0 0.721074 0.062500 0.729339 0.064043 0.724948 0.089120
0 0.688017 0.043210 0.698864 0.039352 0.695248 0.064815
0 0.713843 0.040123 0.698864 0.039352 0.706095 0.065200
0 0.705579 0.051698 0.708161 0.038580 0.722107 0.050926
0 0.761364 0.065586 0.757748 0.079475 0.774277 0.078318
0 0.749483 0.060185 0.736570 0.060185 0.743027 0.088348
0 0.726240 0.050154 0.737603 0.040123 0.744318 0.061728
0 0.746901 0.048611 0.754649 0.039352 0.765754 0.057870
0 0.767562 0.037809 0.761364 0.049383 0.779959 0.055556
0 0.795971 0.037809 0.789773 0.050154 0.808368 0.055942
0 0.823347 0.050154 0.824380 0.065586 0.840134 0.057870
0 0.871901 0.052469 0.875517 0.040895 0.891012 0.059028
0 0.857438 0.057870 0.863120 0.044753 0.878099 0.065200
0 0.904442 0.101852 0.902893 0.086420 0.888688 0.094136
0 0.889463 0.122685 0.899793 0.124228 0.894628 0.147376
0 0.924070 0.060957 0.935950 0.068673 0.927685 0.087963
0 0.935434 0.090278 0.942665 0.098765 0.929235 0.114584
0 0.935434 0.118056 0.942149 0.125772 0.927944 0.136960
0 0.947314 0.135031 0.941632 0.121914 0.933626 0.144290
0 0.942665 0.168981 0.935434 0.160494 0.925103 0.183256
0 0.945764 0.179012 0.931818 0.175154 0.937758 0.202932
0 0.913223 0.214506 0.918905 0.202160 0.905217 0.196759
0 0.887397 0.227623 0.879649 0.223765 0.884556 0.212577
0 0.909091 0.225309 0.907541 0.206019 0.892304 0.215664
0 0.897727 0.251543 0.895145 0.231481 0.879390 0.241512
0 0.939050 0.242284 0.936467 0.225309 0.917872 0.234568
0 0.947314 0.250000 0.939050 0.242284 0.935692 0.260416
0 0.911157 0.272377 0.922521 0.275463 0.921488 0.260031
0 0.783574 0.440586 0.783316 0.442515 0.786674 0.469907
0 0.868802 0.362654 0.868802 0.362654 0.874742 0.391975
0 0.868802 0.435957 0.874483 0.417438 0.892562 0.433642
0 0.948864 0.456790 0.946281 0.435957 0.926137 0.449460
0 0.945248 0.424383 0.940599 0.442901 0.924328 0.429012
0 0.946798 0.405093 0.950930 0.415895 0.943440 0.413195
0 0.944731 0.399691 0.942149 0.417438 0.927169 0.408564
0 0.946798 0.372685 0.938533 0.359568 0.933885 0.378858
0 0.943182 0.322531 0.940083 0.310185 0.919938 0.317516
0 0.949897 0.301698 0.938533 0.296296 0.938533 0.329861
0 0.940599 0.284722 0.943698 0.300926 0.923037 0.296296
0 0.936983 0.271605 0.934917 0.290895 0.914256 0.281250
0 0.946798 0.483025 0.947831 0.502315 0.928203 0.491513
0 0.949380 0.509259 0.947831 0.495370 0.928203 0.506558
0 0.948864 0.527778 0.945248 0.508488 0.925104 0.522763
0 0.949897 0.546296 0.952996 0.532407 0.931560 0.539351
0 0.946281 0.552469 0.941116 0.537809 0.926137 0.557099
0 0.950413 0.556327 0.941116 0.542438 0.932851 0.569830
0 0.947314 0.577932 0.952479 0.562500 0.934659 0.560571
0 0.888430 0.546296 0.901343 0.554012 0.886622 0.577160
0 0.849690 0.625772 0.862603 0.617284 0.848399 0.593365
0 0.809917 0.682870 0.824380 0.679784 0.816890 0.652392
0 0.754649 0.737654 0.766529 0.733025 0.758006 0.710648
0 0.843492 0.632716 0.842459 0.651235 0.862603 0.641976
0 0.818698 0.731481 0.818957 0.731096 0.837293 0.726080
0 0.774277 0.807099 0.776860 0.790123 0.795454 0.798611
0 0.890496 0.722222 0.893079 0.705247 0.871385 0.706404
0 0.888946 0.654321 0.900310 0.652006 0.894628 0.680169
0 0.943698 0.629630 0.949380 0.645833 0.930010 0.651620
0 0.952996 0.658179 0.941632 0.667438 0.938533 0.638889
0 0.953512 0.681327 0.946281 0.663580 0.934917 0.680169
0 0.947831 0.743827 0.941632 0.726852 0.927944 0.743056
0 0.829545 0.853395 0.815083 0.851080 0.822314 0.821759
0 0.892562 0.800926 0.898760 0.785494 0.880940 0.776234
0 0.911674 0.885031 0.900310 0.890432 0.901860 0.859182
0 0.916322 0.817130 0.920455 0.829475 0.900568 0.836034
0 0.926653 0.859568 0.935434 0.847994 0.918647 0.829861
0 0.933884 0.872685 0.923554 0.869599 0.930011 0.850695
0 0.942665 0.836420 0.952479 0.844907 0.939824 0.857639
0 0.924587 0.883488 0.912190 0.881173 0.918389 0.850695
0 0.954029 0.806327 0.949380 0.792438 0.942407 0.814429
0 0.949380 0.819444 0.955579 0.802469 0.938017 0.790509
0 0.838843 0.890432 0.849690 0.886574 0.844267 0.859182
0 0.852273 0.901235 0.855372 0.885031 0.843233 0.890046
0 0.838326 0.875772 0.830579 0.888117 0.824897 0.862654
0 0.827479 0.895833 0.831095 0.878858 0.812500 0.881559
0 0.791839 0.894290 0.801136 0.881944 0.781767 0.868442
0 0.750000 0.897377 0.764463 0.888117 0.747159 0.866513
0 0.681302 0.888117 0.693698 0.888117 0.687500 0.854938
0 0.641012 0.874228 0.645145 0.893519 0.664515 0.880402
0 0.362087 0.120370 0.355114 0.105710 0.341167 0.122106
0 0.435692 0.047454 0.426911 0.040123 0.421230 0.059413
0 0.356921 0.047840 0.347366 0.042052 0.345299 0.070794
0 0.324897 0.072917 0.326188 0.088349 0.310304 0.080633
0 0.333161 0.040895 0.338326 0.050540 0.327995 0.061150
0 0.338326 0.033951 0.348140 0.039738 0.338326 0.060186
0 0.320764 0.062886 0.316374 0.050540 0.303977 0.065586
0 0.313017 0.043596 0.324122 0.037037 0.320765 0.061728
0 0.311725 0.034336 0.301653 0.043596 0.311338 0.054976
0 0.298812 0.033951 0.309917 0.037809 0.298554 0.057292
0 0.300362 0.041667 0.301653 0.053627 0.282283 0.049576
0 0.296488 0.057485 0.296229 0.069059 0.278926 0.063272
0 0.282283 0.076389 0.282283 0.090278 0.264205 0.083334
0 0.265238 0.109568 0.267304 0.130015 0.290806 0.117862
0 0.284091 0.149306 0.290031 0.136574 0.300233 0.155864
0 0.278409 0.215664 0.282283 0.236497 0.301266 0.224923
0 0.269370 0.222222 0.274277 0.205633 0.257619 0.209297
0 0.228048 0.148148 0.237087 0.132716 0.247676 0.160108
0 0.197572 0.158951 0.206095 0.143519 0.220170 0.159722
0 0.226498 0.065972 0.230630 0.055170 0.241348 0.067323
0 0.264205 0.049383 0.259039 0.032022 0.244060 0.049962
0 0.316890 0.282022 0.326188 0.291667 0.326705 0.271027
0 0.231663 0.048611 0.223399 0.047840 0.219396 0.069445
0 0.223915 0.032407 0.231921 0.044753 0.213842 0.053047
0 0.216167 0.032407 0.222107 0.043596 0.204933 0.050540
0 0.199380 0.033179 0.209711 0.037809 0.196927 0.059799
0 0.175620 0.059028 0.165806 0.049769 0.168130 0.076775
0 0.165806 0.078704 0.173554 0.071759 0.175491 0.093364
0 0.174329 0.087191 0.166581 0.072917 0.181818 0.061536
0 0.185434 0.126929 0.185434 0.126929 0.204675 0.125772
0 0.186467 0.109182 0.189050 0.125000 0.208548 0.113426
0 0.176136 0.105324 0.170971 0.118056 0.181948 0.126158
0 0.158833 0.136574 0.170455 0.141975 0.166581 0.117091
0 0.180785 0.152778 0.167872 0.155864 0.174328 0.138503
0 0.163998 0.148148 0.165806 0.159722 0.182464 0.153935
0 0.161932 0.173997 0.160124 0.162423 0.175362 0.164738
0 0.170971 0.163580 0.168647 0.172840 0.186338 0.178433
0 0.165806 0.192515 0.167355 0.182870 0.185951 0.194252
0 0.155733 0.188657 0.161932 0.197917 0.170842 0.178820
0 0.160899 0.206019 0.164773 0.189429 0.177686 0.207755
0 0.190341 0.206019 0.203512 0.209491 0.194344 0.239198
0 0.201446 0.253858 0.191890 0.248457 0.193052 0.274305
0 0.156767 0.278164 0.156767 0.278164 0.174845 0.282022
0 0.159607 0.254244 0.164773 0.239583 0.174974 0.251157
0 0.154959 0.224151 0.163998 0.227238 0.163094 0.212770
0 0.161932 0.237654 0.160899 0.221451 0.176265 0.229552
0 0.269886 0.353395 0.278926 0.350694 0.270791 0.329861
0 0.245868 0.322531 0.253099 0.317515 0.244964 0.300347
0 0.209194 0.344907 0.201446 0.332176 0.216297 0.317708
0 0.220816 0.362269 0.219525 0.361111 0.226885 0.339120
0 0.237087 0.367670 0.239669 0.345679 0.254778 0.365548
0 0.247159 0.402778 0.247159 0.402778 0.243415 0.387732
0 0.222882 0.392747 0.235537 0.388117 0.229984 0.422260
0 0.191890 0.397762 0.190341 0.385031 0.212035 0.391397
0 0.183368 0.372685 0.183368 0.353395 0.204029 0.363040
0 0.182076 0.445988 0.191632 0.452932 0.196281 0.426312
0 0.192407 0.484568 0.180010 0.481481 0.186467 0.461998
0 0.149793 0.471065 0.158058 0.460262 0.163094 0.490355
0 0.169938 0.342978 0.163481 0.331019 0.180914 0.328318
0 0.162707 0.359182 0.160124 0.347608 0.177815 0.350502
0 0.159607 0.370756 0.167872 0.359954 0.174070 0.380402
0 0.151860 0.342593 0.159607 0.337191 0.160253 0.365162
0 0.152376 0.323302 0.159349 0.317515 0.164256 0.341242
0 0.163998 0.303241 0.155733 0.316744 0.167613 0.326003
0 0.169938 0.432485 0.161415 0.412423 0.186208 0.410687
0 0.164773 0.426698 0.174845 0.422068 0.173424 0.442709
0 0.154959 0.437500 0.160899 0.429398 0.165677 0.461419
0 0.148502 0.426698 0.156250 0.424769 0.156895 0.452740
0 0.147986 0.409336 0.155475 0.396991 0.161158 0.427662
0 0.147727 0.378472 0.157541 0.371528 0.157541 0.394676
0 0.304236 0.572531 0.311983 0.559799 0.297779 0.553241
0 0.310692 0.682099 0.322314 0.681327 0.316503 0.649884
0 0.340134 0.597608 0.348657 0.586034 0.353177 0.611883
0 0.249225 0.633102 0.253874 0.646605 0.234504 0.649884
0 0.372417 0.734568 0.383523 0.734182 0.377970 0.761381
0 0.382231 0.694830 0.381457 0.713349 0.403797 0.704861
0 0.501033 0.664738 0.501808 0.679398 0.485538 0.672068
0 0.212293 0.775849 0.209969 0.764275 0.230243 0.764275
0 0.198864 0.761574 0.213585 0.768904 0.210873 0.735340
0 0.159607 0.749614 0.164514 0.734568 0.178848 0.743634
0 0.144628 0.731481 0.153667 0.719136 0.163352 0.745564
0 0.192924 0.663194 0.182076 0.658951 0.188920 0.635995
0 0.169938 0.663194 0.177428 0.649691 0.183497 0.679591
0 0.147211 0.678627 0.156250 0.672454 0.156896 0.696566
0 0.149793 0.663966 0.150568 0.665509 0.161673 0.681713
0 0.147211 0.633873 0.147727 0.632716 0.161028 0.638117
0 0.179494 0.598380 0.186467 0.611111 0.197314 0.591242
0 0.169938 0.626157 0.181302 0.636188 0.182464 0.617284
0 0.165289 0.577932 0.167097 0.563657 0.181689 0.572723
0 0.143337 0.560957 0.152893 0.553241 0.152635 0.579668
0 0.158833 0.543210 0.149277 0.552083 0.158962 0.574074
0 0.151085 0.541281 0.158833 0.528164 0.165289 0.539738
0 0.149277 0.530864 0.158058 0.520448 0.157542 0.543982
0 0.183884 0.535494 0.174329 0.547454 0.188146 0.554398
0 0.200671 0.563657 0.191632 0.555941 0.197830 0.535300
0 0.183884 0.546296 0.199638 0.544367 0.191115 0.515818
0 0.182851 0.550926 0.190599 0.539738 0.179235 0.537037
0 0.147986 0.516590 0.151085 0.502701 0.164128 0.518133
0 0.375000 0.819444 0.380940 0.806713 0.362862 0.799189
0 0.447572 0.823302 0.459194 0.829861 0.459840 0.799961
0 0.443440 0.885031 0.454545 0.880787 0.444602 0.857061
0 0.410640 0.891590 0.405475 0.876929 0.422908 0.873650
0 0.393337 0.886574 0.381715 0.881944 0.391917 0.861497
0 0.466684 0.888503 0.477273 0.891590 0.474432 0.861690
0 0.499225 0.854938 0.499742 0.838349 0.478823 0.846643
0 0.351240 0.855710 0.359504 0.851852 0.351239 0.828318
0 0.355630 0.883102 0.367252 0.884645 0.361441 0.850116
0 0.332645 0.893519 0.324638 0.885031 0.338326 0.872300
0 0.316890 0.892361 0.310434 0.881944 0.325930 0.868827
0 0.296488 0.878858 0.305269 0.883873 0.310305 0.864197
0 0.297779 0.885802 0.310434 0.886960 0.304494 0.858796
0 0.288481 0.801698 0.295713 0.790509 0.281121 0.783565
0 0.512138 0.894290 0.516529 0.878086 0.498708 0.879822
0 0.522986 0.888889 0.512138 0.881173 0.526988 0.858990
0 0.588843 0.886574 0.583161 0.898148 0.569086 0.879436
0 0.598399 0.893519 0.602531 0.880787 0.582515 0.879437
0 0.612087 0.895448 0.603048 0.883873 0.622030 0.877508
0 0.609504 0.883873 0.597882 0.883102 0.603693 0.855903
0 0.285899 0.849923 0.278926 0.843364 0.290289 0.823689
0 0.271694 0.841435 0.281767 0.843750 0.280733 0.824267
0 0.267562 0.867284 0.269886 0.855324 0.254520 0.860533
0 0.232955 0.847222 0.234246 0.830247 0.252453 0.839314
0 0.235537 0.876157 0.242252 0.884259 0.249225 0.865934
0 0.255165 0.887731 0.264979 0.878858 0.251937 0.867670
0 0.266529 0.885802 0.277118 0.881173 0.269370 0.859760
0 0.272986 0.875000 0.283574 0.870370 0.277634 0.847801
0 0.284091 0.888503 0.279700 0.875386 0.292355 0.869984
0 0.285640 0.881173 0.281767 0.873457 0.293260 0.861690
0 0.282800 0.889660 0.283058 0.891590 0.289643 0.854553
0 0.239669 0.829090 0.236570 0.816358 0.253228 0.816165
0 0.243027 0.806713 0.235279 0.817130 0.229080 0.797068
0 0.233988 0.882330 0.224948 0.878472 0.238766 0.834491
0 0.150310 0.787037 0.155733 0.775077 0.168001 0.788580
0 0.150310 0.802855 0.157025 0.810957 0.166968 0.798033
0 0.159091 0.832176 0.148244 0.829090 0.155604 0.800347
0 0.207128 0.817901 0.210486 0.831404 0.226627 0.818287
0 0.211519 0.837577 0.222366 0.836034 0.215651 0.816358
0 0.213843 0.872685 0.224948 0.876157 0.226756 0.843171
0 0.194990 0.880015 0.192149 0.866898 0.207257 0.873456
0 0.191890 0.872685 0.192665 0.860725 0.208161 0.861497
0 0.189050 0.854552 0.191374 0.866127 0.207774 0.851081
0 0.194990 0.840664 0.192407 0.852623 0.182335 0.845871
0 0.193440 0.822145 0.191890 0.837963 0.208419 0.833333
0 0.163740 0.823302 0.165031 0.841435 0.180527 0.832369
0 0.183368 0.876157 0.183110 0.875386 0.177686 0.858603
0 0.193182 0.882716 0.184143 0.878858 0.190212 0.857253
0 0.169421 0.875000 0.173812 0.864969 0.163869 0.859375
0 0.178461 0.880401 0.168647 0.868827 0.180398 0.850887
0 0.147469 0.859182 0.152893 0.846836 0.163094 0.864583
0 0.146952 0.841049 0.151085 0.826775 0.160511 0.842785
