0 0.701446 0.366127 0.711777 0.363426 0.716167 0.416281
0 0.666581 0.305556 0.66968 0.323688 0.629649 0.326775
0 0.506457 0.643133 0.488895 0.63233 0.505682 0.565972
0 0.489669 0.664352 0.492769 0.677855 0.463068 0.69213
0 0.337293 0.604552 0.344267 0.592978 0.360537 0.637346
0 0.274019 0.463735 0.2797 0.449074 0.242252 0.435571
0 0.273244 0.441358 0.28564 0.436728 0.265496 0.382716
0 0.22624 0.392361 0.213326 0.400077 0.232696 0.45216
0 0.213326 0.505015 0.215909 0.519676 0.249483 0.489583
0 0.760072 0.686343 0.747934 0.677855 0.767304 0.634259
0 0.398502 0.195602 0.400568 0.211806 0.439824 0.192515
0 0.489669 0.219522 0.490961 0.20216 0.534091 0.219522
0 0.551653 0.182099 0.549587 0.162809 0.503874 0.18287
0 0.65625 0.179012 0.658058 0.158951 0.707128 0.170525
0 0.651085 0.142361 0.651601 0.16088 0.610279 0.158951
0 0.725207 0.143519 0.720816 0.158951 0.685176 0.130787
0 0.66968 0.12037 0.669163 0.136574 0.62655 0.114583
0 0.647211 0.079861 0.659349 0.078704 0.657541 0.124228
0 0.456095 0.150077 0.452221 0.168596 0.41219 0.149306
0 0.385072 0.112654 0.388946 0.133873 0.435434 0.112654
0 0.36312 0.110725 0.369576 0.099151 0.345041 0.079861
0 0.370093 0.072145 0.359246 0.084491 0.385589 0.133873
0 0.82593 0.212963 0.821539 0.229167 0.785899 0.207176
0 0.817665 0.247685 0.811209 0.258102 0.839618 0.286265
0 0.781508 0.26196 0.785382 0.274691 0.818957 0.259259
0 0.77686 0.28125 0.784091 0.26196 0.8125 0.31713
0 0.779442 0.35571 0.788481 0.344907 0.803977 0.407793
0 0.831095 0.391204 0.841426 0.383488 0.850465 0.441358
0 0.840909 0.30054 0.840909 0.30054 0.851756 0.299769 0.848657 0.356481
0 0.862862 0.31713 0.873709 0.324846 0.849948 0.384645
0 0.895145 0.28125 0.905475 0.282407 0.899535 0.351852
0 0.848657 0.166667 0.860795 0.166667 0.857696 0.222608
0 0.847366 0.140432 0.856921 0.145448 0.83187 0.198302
0 0.829287 0.088349 0.839618 0.090278 0.834452 0.14159
0 0.726498 0.061343 0.732438 0.04591 0.762655 0.066358
0 0.689824 0.08642 0.688533 0.068287 0.727789 0.076003
0 0.663998 0.050926 0.673037 0.040123 0.689824 0.074074
0 0.623192 0.070988 0.625258 0.053627 0.654959 0.079861
0 0.632231 0.039352 0.629132 0.056713 0.663223 0.070988
0 0.608471 0.112654 0.60718 0.095293 0.56844 0.109568
0 0.613636 0.04321 0.62655 0.04591 0.61157 0.097994
0 0.604597 0.049769 0.614153 0.066358 0.576705 0.094136
0 0.590909 0.043981 0.594267 0.0625 0.555527 0.065201
0 0.541322 0.051698 0.547004 0.068287 0.501808 0.093364
0 0.5297 0.034336 0.536157 0.052855 0.502583 0.053627
0 0.497934 0.04591 0.50439 0.064429 0.463068 0.083719
0 0.473399 0.040123 0.466426 0.04591 0.481147 0.066358
0 0.46126 0.041281 0.470816 0.04784 0.458678 0.077932
0 0.453512 0.034336 0.461777 0.051698 0.426395 0.074074
0 0.454029 0.096065 0.45532 0.078704 0.419938 0.083719
0 0.418647 0.070216 0.416581 0.087577 0.375258 0.072145
0 0.807851 0.055556 0.819473 0.055941 0.816374 0.109568
0 0.825155 0.046296 0.815599 0.057485 0.842717 0.093364
0 0.834194 0.046296 0.82593 0.056713 0.856147 0.091049
0 0.848657 0.04591 0.840134 0.058256 0.864669 0.091049
0 0.9078 0.079861 0.910382 0.070216 0.877583 0.060185
0 0.897469 0.060571 0.903926 0.050926 0.926653 0.091435
0 0.864669 0.094522 0.862862 0.078704 0.896178 0.070988
0 0.860795 0.070216 0.860021 0.057485 0.892304 0.052855
0 0.866477 0.129244 0.866477 0.116512 0.902893 0.110725
0 0.876808 0.16358 0.864669 0.161651 0.875 0.096065
0 0.891012 0.176312 0.885847 0.188657 0.86157 0.152392
0 0.880165 0.15625 0.887397 0.144676 0.911932 0.190586
0 0.911157 0.115355 0.916322 0.114583 0.909349 0.08179
0 0.931302 0.126157 0.928719 0.109954 0.891787 0.125386
0 0.935692 0.096836 0.926653 0.091435 0.922262 0.143519
0 0.918905 0.131173 0.920196 0.144676 0.889205 0.145448
0 0.938791 0.14159 0.938275 0.155093 0.898244 0.15625
0 0.935692 0.173611 0.936983 0.157022 0.901343 0.161651
0 0.938275 0.188657 0.925878 0.188657 0.928719 0.154321
0 0.939308 0.195602 0.93311 0.181713 0.908316 0.217593
0 0.934659 0.207176 0.927944 0.21412 0.911932 0.179398
0 0.926136 0.223765 0.928977 0.208719 0.88249 0.208719
0 0.933368 0.217978 0.939308 0.225694 0.909349 0.263889
0 0.919163 0.268519 0.92407 0.280093 0.890754 0.290895
0 0.928719 0.287809 0.938017 0.289738 0.926395 0.33912
0 0.934659 0.344136 0.936983 0.355324 0.89282 0.363426
0 0.852014 0.504244 0.844008 0.51466 0.8125 0.472222
0 0.780992 0.505401 0.792355 0.496528 0.807335 0.555941
0 0.879132 0.479938 0.890496 0.472994 0.866736 0.423225
0 0.855888 0.533179 0.869576 0.532022 0.865961 0.586806
0 0.93905 0.365355 0.934659 0.353781 0.903151 0.387731
0 0.945506 0.555941 0.936209 0.542824 0.926653 0.589506
0 0.934401 0.599923 0.933884 0.58179 0.884556 0.597222
0 0.944731 0.532793 0.939566 0.521605 0.913223 0.551698
0 0.940341 0.51466 0.933884 0.501543 0.905217 0.545525
0 0.939824 0.494599 0.938791 0.506944 0.902634 0.491512
0 0.936983 0.490355 0.942407 0.480324 0.902376 0.459877
0 0.937758 0.463735 0.945764 0.478395 0.905992 0.516204
0 0.941374 0.459105 0.938017 0.442901 0.895919 0.469522
0 0.943957 0.440586 0.938791 0.428241 0.912707 0.456019
0 0.939566 0.423225 0.93595 0.411651 0.906767 0.444444
0 0.936983 0.395448 0.933884 0.380015 0.911932 0.419367
0 0.93001 0.371142 0.938533 0.383488 0.904442 0.41821
0 0.946281 0.399306 0.938533 0.383488 0.913998 0.448302
0 0.807851 0.623071 0.815857 0.628858 0.826705 0.577546
0 0.824897 0.706019 0.829287 0.690972 0.859504 0.726852
0 0.889463 0.708719 0.885589 0.725309 0.847366 0.69483
0 0.874225 0.673997 0.866477 0.663966 0.893079 0.632716
0 0.92562 0.613426 0.917097 0.603781 0.898502 0.658565
0 0.941116 0.643133 0.933368 0.630787 0.912965 0.682099
0 0.945764 0.697145 0.937242 0.707562 0.921488 0.654707
0 0.903667 0.70679 0.912965 0.697531 0.924329 0.756173
0 0.938533 0.724151 0.944731 0.733796 0.91813 0.774691
0 0.943698 0.773148 0.937758 0.777392 0.923554 0.718364
0 0.941374 0.755015 0.946281 0.76929 0.910124 0.792438
0 0.893079 0.773148 0.891271 0.756559 0.853822 0.768133 0.894112 0.774691
0 0.920971 0.833333 0.909607 0.830247 0.92407 0.779707
0 0.771694 0.809414 0.777118 0.797454 0.745093 0.765432
0 0.69938 0.887731 0.709711 0.891204 0.716684 0.829475
0 0.735537 0.896991 0.74406 0.887346 0.714876 0.834877
0 0.741736 0.893133 0.753616 0.892747 0.747417 0.821759
0 0.752841 0.906636 0.744835 0.893904 0.779442 0.86034
0 0.807335 0.872685 0.81844 0.870756 0.802169 0.815972
0 0.827738 0.829861 0.838326 0.833719 0.826963 0.885031
0 0.864669 0.832176 0.876808 0.838735 0.880424 0.776235
0 0.870868 0.900849 0.876808 0.89159 0.845816 0.862269
0 0.886105 0.90162 0.892562 0.888889 0.856921 0.858025
0 0.91219 0.895833 0.91813 0.884259 0.875 0.859182
0 0.912965 0.873843 0.918905 0.861111 0.877841 0.83642
0 0.926136 0.895062 0.933368 0.882716 0.894628 0.863426
0 0.941374 0.841435 0.942407 0.825617 0.902634 0.835262
0 0.92407 0.872685 0.936983 0.875 0.926653 0.80787
0 0.68311 0.891204 0.672521 0.890432 0.678202 0.831404
0 0.616219 0.896991 0.606405 0.887731 0.631198 0.845293
0 0.569731 0.88233 0.560176 0.888889 0.547779 0.837577
0 0.533316 0.895062 0.527893 0.878858 0.573089 0.857253
0 0.551136 0.806327 0.553977 0.786265 0.601498 0.806327
0 0.509298 0.826003 0.505682 0.808256 0.550362 0.809028
0 0.49561 0.89159 0.50594 0.887346 0.475465 0.831019
0 0.509039 0.903164 0.518595 0.89429 0.492252 0.847608
0 0.476756 0.893133 0.486829 0.885417 0.454029 0.846836
0 0.462035 0.900463 0.455837 0.883873 0.491994 0.866127
0 0.4375 0.874614 0.448347 0.865741 0.414773 0.821759
0 0.412965 0.80787 0.419421 0.795139 0.381198 0.76659
0 0.38843 0.889275 0.376808 0.881173 0.401601 0.826003
0 0.365702 0.893133 0.366219 0.875 0.409349 0.882716
0 0.353306 0.889275 0.365444 0.886574 0.356921 0.831019
0 0.335486 0.885031 0.336777 0.868827 0.361829 0.833719
0 0.347366 0.891975 0.332903 0.888117 0.353564 0.832562
0 0.25439 0.785108 0.261105 0.773534 0.229339 0.755015
0 0.326963 0.289352 0.320506 0.282022 0.33936 0.247685
0 0.248192 0.30787 0.237087 0.299769 0.262138 0.263117
0 0.210227 0.298611 0.20093 0.287037 0.228564 0.247685
0 0.213068 0.253858 0.220041 0.245756 0.194731 0.21412
0 0.227789 0.23804 0.2172 0.245756 0.206353 0.19946
0 0.231405 0.204861 0.232955 0.189815 0.197831 0.182099
0 0.218233 0.16088 0.228822 0.153549 0.240444 0.204861
0 0.23218 0.140818 0.243802 0.136574 0.246901 0.197145
0 0.252066 0.20216 0.243285 0.189429 0.271436 0.149306
0 0.312242 0.17554 0.314566 0.158565 0.275052 0.152006
0 0.322314 0.157407 0.316632 0.172454 0.347624 0.193287
0 0.302428 0.138889 0.29468 0.126157 0.334194 0.100694
0 0.289514 0.143519 0.290548 0.127315 0.336777 0.141975
0 0.204545 0.135031 0.203512 0.119985 0.25 0.127315
0 0.389721 0.052083 0.391271 0.041667 0.354081 0.048225
0 0.401601 0.06713 0.401601 0.050926 0.359246 0.056713
0 0.409607 0.048997 0.401343 0.037423 0.375 0.06713
0 0.342975 0.045525 0.33032 0.042438 0.330062 0.09838
0 0.322572 0.040123 0.332645 0.045525 0.320506 0.10108
0 0.316374 0.041281 0.327738 0.048225 0.30062 0.087963
0 0.302428 0.042438 0.311467 0.040123 0.310176 0.082948 0.301136 0.038966
0 0.295971 0.041281 0.303461 0.051698 0.273244 0.085648
0 0.262138 0.037809 0.271436 0.045139 0.24845 0.092593
0 0.243285 0.054784 0.247676 0.04321 0.272727 0.074074
0 0.237345 0.052083 0.247417 0.054784 0.228822 0.121142
0 0.183884 0.18017 0.17562 0.187114 0.195248 0.225309
0 0.169421 0.189815 0.162448 0.202546 0.196798 0.234954
0 0.159866 0.188657 0.153409 0.201389 0.193957 0.244213
0 0.176911 0.179012 0.166581 0.182099 0.172262 0.130787
0 0.165289 0.176312 0.167097 0.163194 0.196798 0.194059
0 0.158833 0.177469 0.162448 0.165895 0.198089 0.184414
0 0.162448 0.153935 0.162448 0.165895 0.187242 0.149306
0 0.158833 0.162809 0.154959 0.149691 0.181818 0.126543
0 0.1547 0.130401 0.160124 0.145833 0.184659 0.097994
0 0.162965 0.096065 0.167097 0.083719 0.194731 0.118441
0 0.190857 0.087963 0.197831 0.086806 0.196798 0.133102
0 0.216684 0.093364 0.20687 0.089892 0.203254 0.140046
0 0.241477 0.046296 0.234762 0.037809 0.2172 0.077932
0 0.22469 0.046296 0.233988 0.04591 0.21875 0.094522
0 0.220816 0.03858 0.228822 0.043981 0.211777 0.089506
0 0.208161 0.044367 0.217459 0.04591 0.204545 0.094522
0 0.204029 0.045139 0.192924 0.045139 0.201963 0.099923
0 0.209452 0.063272 0.199897 0.055556 0.183626 0.114969
0 0.170196 0.082176 0.173554 0.094522 0.203254 0.06713
0 0.176911 0.070602 0.176136 0.068673 0.172004 0.056713 0.213068 0.035494
0 0.160382 0.069059 0.16374 0.08642 0.202738 0.062886
0 0.230888 0.371142 0.232696 0.344907 0.266529 0.387346
0 0.214101 0.393519 0.203771 0.387731 0.231147 0.340664
0 0.191632 0.320216 0.202479 0.317515 0.205837 0.372299
0 0.189566 0.438657 0.187758 0.453318 0.225723 0.450617
0 0.161674 0.237269 0.15625 0.247685 0.192407 0.26929
0 0.153667 0.263889 0.161157 0.248071 0.197831 0.296296
0 0.181818 0.33179 0.174587 0.332562 0.173554 0.300926
0 0.167097 0.317515 0.177428 0.313272 0.161415 0.263503
0 0.150826 0.314043 0.155992 0.30054 0.1875 0.347994
0 0.159091 0.371914 0.153409 0.364198 0.168905 0.322917
0 0.156508 0.384645 0.155992 0.368441 0.200413 0.361883
0 0.148244 0.369213 0.152893 0.37963 0.1875 0.334877
0 0.148244 0.38966 0.151085 0.399306 0.18905 0.371528
0 0.154184 0.412809 0.152634 0.39892 0.201188 0.381559
0 0.165031 0.4375 0.168388 0.425154 0.203254 0.423611
0 0.150052 0.423225 0.1547 0.408179 0.19499 0.440972
0 0.161674 0.451389 0.159349 0.461034 0.197314 0.474151
0 0.156767 0.431327 0.155992 0.446759 0.185176 0.464892
0 0.148244 0.433256 0.149019 0.447145 0.194731 0.431327
0 0.147469 0.461034 0.151343 0.445216 0.183368 0.478395
0 0.155475 0.494985 0.147211 0.489198 0.166581 0.448688
0 0.148244 0.478009 0.147727 0.494599 0.19499 0.477238
0 0.206612 0.533565 0.196539 0.528164 0.208161 0.471836
0 0.218233 0.599151 0.204029 0.592978 0.22624 0.526235
0 0.150826 0.597222 0.160124 0.587577 0.179494 0.652778
0 0.142304 0.630401 0.147727 0.617284 0.178202 0.66821
0 0.193957 0.555556 0.184401 0.551698 0.198089 0.491127
0 0.141787 0.576003 0.145661 0.563272 0.171746 0.589892
0 0.147469 0.554398 0.152376 0.545139 0.173554 0.58912
0 0.147211 0.545139 0.152118 0.535108 0.169163 0.575617
0 0.155217 0.512731 0.164256 0.509259 0.174845 0.557099
0 0.151343 0.506944 0.151601 0.506559 0.16064 0.494599 0.177944 0.558256
0 0.168905 0.490741 0.1578 0.498843 0.183884 0.557485
0 0.142304 0.529707 0.147469 0.536265 0.16064 0.494599
0 0.14437 0.520448 0.1547 0.508102 0.171746 0.565201
0 0.137397 0.734954 0.143595 0.726466 0.158833 0.768904
0 0.144628 0.71142 0.141012 0.722994 0.174587 0.747685
0 0.161157 0.720293 0.164256 0.703704 0.201963 0.738426
0 0.143595 0.686343 0.150826 0.682099 0.161932 0.733796
0 0.139979 0.670525 0.149535 0.655864 0.170455 0.707948
0 0.147727 0.67091 0.148244 0.669367 0.151085 0.658565 0.186467 0.704861
0 0.145919 0.647377 0.141271 0.663194 0.181818 0.680941
0 0.299329 0.864969 0.308368 0.863426 0.304752 0.817901
0 0.293388 0.864583 0.302169 0.872299 0.321539 0.820216
0 0.315083 0.889275 0.309659 0.875386 0.344267 0.841821
0 0.304752 0.884259 0.313791 0.885417 0.31405 0.833333
0 0.292614 0.881559 0.296488 0.88966 0.324897 0.86034
0 0.290806 0.891975 0.302169 0.89159 0.28564 0.841435
0 0.27531 0.879244 0.281767 0.878472 0.274019 0.827546
0 0.272986 0.885031 0.283833 0.884259 0.280992 0.822145
0 0.260847 0.889275 0.25439 0.877701 0.2797 0.851466
0 0.238378 0.842207 0.239153 0.854938 0.26782 0.83642
0 0.253099 0.880015 0.245093 0.884645 0.232696 0.836034
0 0.248192 0.890432 0.240702 0.88233 0.264721 0.837191
0 0.225465 0.817515 0.222624 0.806327 0.264205 0.793981
0 0.207645 0.827932 0.202738 0.816358 0.235279 0.784336
0 0.200413 0.829475 0.190599 0.826775 0.202996 0.76929
0 0.205579 0.847994 0.197572 0.842593 0.224432 0.80054
0 0.178719 0.818287 0.18595 0.808256 0.199122 0.845293
0 0.217975 0.84838 0.212293 0.837963 0.255424 0.816744
0 0.217459 0.854167 0.2172 0.853781 0.210227 0.842207 0.227014 0.806713
0 0.229339 0.867284 0.21875 0.861111 0.240186 0.818673
0 0.212293 0.881559 0.218492 0.86767 0.188533 0.83912
0 0.232696 0.883873 0.225723 0.892361 0.202738 0.860725
0 0.228822 0.893904 0.220041 0.880401 0.249742 0.849151
0 0.204804 0.88696 0.20093 0.871528 0.229855 0.869213
0 0.193698 0.886188 0.190599 0.873457 0.224432 0.870756
0 0.184659 0.878472 0.192149 0.88696 0.206612 0.847608
0 0.165031 0.792438 0.163223 0.806713 0.201705 0.821759
0 0.161157 0.819059 0.158058 0.806327 0.186983 0.78858
0 0.149019 0.81713 0.143079 0.801312 0.177428 0.770833
0 0.137913 0.804012 0.146178 0.79321 0.160899 0.844136
0 0.155733 0.847994 0.145403 0.83912 0.155992 0.802083 0.155733 0.846451
0 0.151343 0.855324 0.141529 0.84838 0.155733 0.810571
0 0.166839 0.85841 0.1578 0.862269 0.158833 0.815972
0 0.155217 0.868441 0.149019 0.858025 0.181302 0.829475
0 0.167614 0.854552 0.158574 0.856481 0.169938 0.814043
0 0.174329 0.869213 0.167097 0.861111 0.185434 0.820602
0 0.165289 0.871142 0.159349 0.861883 0.178461 0.829475
0 0.161674 0.880401 0.155217 0.868441 0.19344 0.841049
0 0.183626 0.880401 0.175103 0.883102 0.164773 0.853009
0 0.170971 0.885417 0.166581 0.874228 0.202996 0.850309