0 0.359504 0.471836 0.372934 0.472994 0.366219 0.499421
0 0.362087 0.415123 0.351756 0.408951 0.363378 0.393904
0 0.463843 0.476080 0.457128 0.466821 0.454029 0.477623
0 0.487087 0.533179 0.484504 0.515432 0.507490 0.524305
0 0.372417 0.580633 0.371384 0.562500 0.396952 0.569444
0 0.380165 0.547840 0.380165 0.531636 0.402376 0.539738
0 0.439050 0.624228 0.443698 0.608025 0.422779 0.608024
0 0.487603 0.643133 0.481405 0.631173 0.471074 0.642940
0 0.512397 0.678241 0.515496 0.662037 0.536157 0.672646
0 0.581095 0.679398 0.594008 0.671682 0.582645 0.651042
0 0.355372 0.636960 0.343492 0.640046 0.349432 0.615934
0 0.327996 0.615741 0.318182 0.608025 0.327480 0.587963
0 0.285124 0.597994 0.295971 0.589506 0.299845 0.619598
0 0.639979 0.317130 0.647727 0.311728 0.649018 0.336805
0 0.652376 0.517747 0.647727 0.510802 0.655475 0.500771
0 0.810434 0.283179 0.801136 0.275463 0.809142 0.255787
0 0.878099 0.143519 0.870868 0.129630 0.884814 0.119985
0 0.727789 0.160494 0.734504 0.148148 0.716684 0.141590
0 0.726240 0.050540 0.735537 0.046682 0.734505 0.072145
0 0.759814 0.052083 0.763430 0.040509 0.776085 0.055170
0 0.547004 0.336034 0.542872 0.319444 0.561725 0.318866
0 0.500000 0.237654 0.488636 0.230710 0.498450 0.204090
0 0.532025 0.171296 0.521178 0.168210 0.530217 0.142747
0 0.509298 0.152006 0.508781 0.137346 0.489928 0.145062
0 0.534091 0.104552 0.532025 0.086034 0.514204 0.097029
0 0.592975 0.033565 0.587293 0.043596 0.603306 0.054784
0 0.576446 0.050540 0.585744 0.042824 0.590650 0.060957
0 0.573347 0.039738 0.565083 0.044367 0.573605 0.067130
0 0.555269 0.040509 0.564566 0.038194 0.559918 0.069444
0 0.550103 0.036651 0.553719 0.048225 0.539515 0.052469
0 0.508781 0.083719 0.503616 0.069059 0.489411 0.085648
0 0.452996 0.048225 0.458678 0.033565 0.472624 0.049576
0 0.894628 0.422840 0.887397 0.429784 0.877841 0.410494
0 0.917872 0.435957 0.907541 0.439815 0.905733 0.410880
0 0.913740 0.460648 0.918388 0.445602 0.894370 0.442130
0 0.912190 0.486111 0.910640 0.469136 0.892303 0.479552
0 0.896178 0.585262 0.885847 0.579861 0.894370 0.555362
0 0.917872 0.607253 0.917872 0.590278 0.902376 0.595486
0 0.869835 0.619213 0.877583 0.603781 0.891787 0.628858
0 0.923037 0.696373 0.914256 0.687500 0.909349 0.711612
0 0.861054 0.688657 0.872934 0.679012 0.874483 0.711998
0 0.831095 0.516204 0.821281 0.523148 0.830837 0.543789
0 0.795455 0.522377 0.806302 0.530478 0.809143 0.504822
0 0.799587 0.532407 0.808368 0.534722 0.802428 0.561342
0 0.740702 0.600309 0.743802 0.585262 0.764463 0.595100
0 0.775310 0.529321 0.776343 0.511574 0.751033 0.520447
0 0.744318 0.528549 0.736054 0.523148 0.730372 0.545139
0 0.717975 0.521991 0.709711 0.510031 0.721333 0.502508
0 0.752583 0.714120 0.758264 0.692515 0.777892 0.711419
0 0.800103 0.703318 0.798554 0.720293 0.819215 0.712577
0 0.713326 0.678627 0.716426 0.693673 0.695248 0.688657
0 0.641012 0.682485 0.630682 0.687114 0.642304 0.711613
0 0.599174 0.717207 0.598657 0.695602 0.619318 0.706405
0 0.716942 0.751157 0.717975 0.732639 0.698347 0.741898
0 0.513430 0.686343 0.519112 0.678627 0.528668 0.695409
0 0.501033 0.721065 0.512397 0.717207 0.503358 0.694444
0 0.866219 0.795910 0.862603 0.782022 0.880940 0.780864
0 0.851240 0.793596 0.858988 0.785108 0.844008 0.770447
0 0.829029 0.758873 0.830579 0.762731 0.803719 0.751543
0 0.800103 0.785108 0.804752 0.771219 0.816890 0.787037
0 0.773244 0.770448 0.783058 0.761188 0.783316 0.790123
0 0.763946 0.806713 0.770145 0.795910 0.776601 0.815972
0 0.802169 0.866127 0.811467 0.863812 0.806302 0.839506
0 0.735537 0.853009 0.744318 0.844522 0.735279 0.823688
0 0.754132 0.775077 0.757231 0.761188 0.737603 0.766975
0 0.736054 0.739583 0.734504 0.755787 0.754390 0.748071
0 0.825930 0.822145 0.834711 0.822145 0.830321 0.846065
0 0.845041 0.836806 0.849174 0.821373 0.828255 0.823303
0 0.845558 0.866127 0.853822 0.866127 0.852015 0.829090
0 0.836260 0.900849 0.846074 0.892361 0.832902 0.876157
0 0.909607 0.759645 0.901343 0.754244 0.896694 0.781250
0 0.924070 0.765818 0.915806 0.755015 0.907541 0.785494
0 0.923554 0.805941 0.913740 0.792052 0.906767 0.820216
0 0.885331 0.830633 0.891012 0.840664 0.878357 0.847994
0 0.897211 0.858410 0.897727 0.845293 0.879649 0.855710
0 0.861570 0.885417 0.860021 0.869213 0.881457 0.877315
0 0.919421 0.879244 0.918388 0.865355 0.902376 0.875000
0 0.883264 0.902392 0.886880 0.914738 0.900568 0.900849
0 0.917872 0.902392 0.915806 0.919367 0.896178 0.910880
0 0.883781 0.929398 0.873967 0.934799 0.871126 0.903935
0 0.864153 0.934028 0.872417 0.925540 0.857954 0.913580
0 0.864153 0.942515 0.871384 0.929398 0.843492 0.919753
0 0.794938 0.927855 0.804752 0.927083 0.799328 0.891590
0 0.793905 0.940201 0.790806 0.926312 0.811725 0.929013
0 0.773760 0.910880 0.777376 0.922454 0.794422 0.916667
0 0.753616 0.925540 0.747417 0.913966 0.763172 0.907408
0 0.776343 0.939429 0.783058 0.926312 0.762914 0.917439
0 0.738120 0.937114 0.751550 0.937114 0.744835 0.908564
0 0.716426 0.926312 0.726240 0.933256 0.725207 0.907407
0 0.711777 0.934028 0.715393 0.921682 0.698089 0.919753
0 0.704029 0.941744 0.696281 0.930170 0.712294 0.916667
0 0.768595 0.874614 0.770661 0.853781 0.747934 0.863040
0 0.787190 0.893133 0.792355 0.876157 0.779700 0.879244
0 0.704545 0.900077 0.717459 0.893904 0.702221 0.866898
0 0.678719 0.819059 0.675620 0.799769 0.659349 0.812500
0 0.613120 0.754244 0.613120 0.772762 0.636622 0.763503
0 0.623450 0.829861 0.637397 0.823688 0.628100 0.802469
0 0.631715 0.877701 0.639463 0.866127 0.622934 0.859954
0 0.688533 0.937114 0.676136 0.934799 0.682334 0.908950
0 0.666322 0.938657 0.676653 0.937886 0.671488 0.910493
0 0.662190 0.929398 0.650826 0.929398 0.656508 0.896219
0 0.641529 0.939429 0.648760 0.921682 0.627841 0.919368
0 0.618285 0.937114 0.628616 0.932485 0.618286 0.909722
0 0.594008 0.939429 0.604855 0.936343 0.596333 0.908950
0 0.580579 0.893904 0.583678 0.878472 0.561725 0.879244
0 0.549587 0.938657 0.560434 0.939429 0.555011 0.913966
0 0.525826 0.875386 0.522727 0.856096 0.545196 0.863040
0 0.535640 0.789738 0.542355 0.775077 0.555527 0.798611
0 0.567149 0.759645 0.568698 0.744213 0.585744 0.761960
0 0.541839 0.745756 0.551653 0.732639 0.559659 0.760031
0 0.408058 0.697917 0.403926 0.684028 0.416064 0.677083
0 0.376550 0.701003 0.365702 0.691744 0.376549 0.672840
0 0.389463 0.760417 0.385331 0.746528 0.403409 0.746528
0 0.473657 0.779707 0.480888 0.767361 0.467200 0.755402
0 0.491736 0.856096 0.480888 0.846065 0.493285 0.827546
0 0.490702 0.943287 0.482955 0.934028 0.496127 0.915895
0 0.475723 0.943287 0.469525 0.934799 0.481922 0.915895
0 0.469525 0.944830 0.478306 0.934799 0.462810 0.921296
0 0.440083 0.941744 0.432851 0.933256 0.450672 0.920525
0 0.441632 0.915509 0.435434 0.929398 0.422521 0.912423
0 0.426653 0.928627 0.418388 0.916281 0.434917 0.910880
0 0.400826 0.908565 0.392045 0.890818 0.411415 0.884645
0 0.388946 0.823688 0.393079 0.807485 0.412448 0.827546
0 0.381715 0.824460 0.375000 0.836034 0.394628 0.847222
0 0.372417 0.869985 0.372417 0.851466 0.347365 0.860726
0 0.389721 0.895448 0.390496 0.878472 0.366735 0.886960
0 0.310950 0.791281 0.307335 0.769676 0.328255 0.775849
0 0.316632 0.741898 0.318698 0.721836 0.337294 0.735340
0 0.285640 0.753472 0.293905 0.744985 0.296745 0.761960
0 0.293905 0.808256 0.289256 0.824460 0.275956 0.810571
0 0.257231 0.781250 0.247159 0.771991 0.259168 0.761574
0 0.274793 0.684028 0.264463 0.671682 0.276860 0.660880
0 0.212293 0.680170 0.211260 0.660880 0.233342 0.670525
0 0.226240 0.626543 0.226240 0.612269 0.242123 0.619406
0 0.167872 0.662423 0.161674 0.643133 0.181302 0.646219
0 0.135072 0.615355 0.134814 0.600694 0.157799 0.608024
0 0.164773 0.731096 0.155475 0.719522 0.167613 0.705247
0 0.178719 0.742670 0.170971 0.731867 0.183110 0.718365
0 0.139979 0.805170 0.129132 0.801312 0.135976 0.774692
0 0.198864 0.814429 0.198864 0.798997 0.180269 0.806713
0 0.209711 0.839120 0.207645 0.820602 0.228306 0.829861
0 0.215393 0.882330 0.222624 0.893133 0.230243 0.870756
0 0.321798 0.905478 0.318698 0.888503 0.339359 0.896991
0 0.327996 0.914738 0.332645 0.923997 0.345558 0.909336
0 0.354855 0.947145 0.360537 0.932485 0.347882 0.928241
0 0.332645 0.943287 0.327996 0.927855 0.346075 0.928627
0 0.324897 0.947917 0.316632 0.935571 0.336002 0.926312
0 0.324380 0.915509 0.318182 0.927855 0.306044 0.908565
0 0.315083 0.941744 0.303202 0.939429 0.314308 0.913195
0 0.293388 0.933256 0.303202 0.939429 0.304493 0.909336
0 0.282541 0.927855 0.293388 0.933256 0.289515 0.900463
0 0.279442 0.939429 0.291322 0.941744 0.285382 0.912423
0 0.272211 0.939429 0.260589 0.937114 0.271823 0.908950
0 0.254907 0.930941 0.262397 0.923225 0.251549 0.913195
0 0.251033 0.933256 0.267045 0.936343 0.262138 0.907794
0 0.235537 0.932485 0.243802 0.942515 0.252582 0.915123
0 0.217459 0.935571 0.227273 0.936343 0.228693 0.912809
0 0.213843 0.934028 0.223140 0.939429 0.224432 0.914352
0 0.216942 0.911651 0.216942 0.924769 0.202479 0.918210
0 0.184401 0.933256 0.194215 0.937114 0.197056 0.913195
0 0.173037 0.904707 0.184401 0.915509 0.188533 0.880787
0 0.158316 0.892361 0.169938 0.899306 0.170583 0.866899
0 0.173037 0.940201 0.168647 0.930170 0.185305 0.918596
0 0.161674 0.937114 0.167872 0.926312 0.156637 0.914737
0 0.131715 0.903164 0.136364 0.915509 0.153151 0.905864
0 0.137397 0.944830 0.131715 0.937886 0.148502 0.925540
0 0.126550 0.937114 0.133781 0.944830 0.137138 0.916667
0 0.132490 0.644676 0.120868 0.655478 0.134814 0.675154
0 0.135072 0.623843 0.139463 0.642361 0.119835 0.645062
0 0.089876 0.643904 0.100207 0.638503 0.095042 0.667824
0 0.086777 0.631559 0.095041 0.623071 0.097883 0.650463
0 0.089876 0.703318 0.086002 0.717207 0.107050 0.716435
0 0.087293 0.736497 0.088326 0.722608 0.103048 0.731482
0 0.090134 0.765818 0.086777 0.749614 0.107955 0.752700
0 0.103822 0.823688 0.096074 0.812886 0.107825 0.793982
0 0.090134 0.772762 0.086777 0.786651 0.109504 0.779706
0 0.091942 0.816744 0.087552 0.827546 0.105501 0.834877
0 0.090909 0.845293 0.084194 0.830633 0.109633 0.829861
0 0.076446 0.785880 0.086777 0.769676 0.100464 0.803627
0 0.077996 0.836806 0.083161 0.820602 0.098399 0.836034
0 0.080837 0.848380 0.083419 0.833719 0.104468 0.847608
0 0.088585 0.876929 0.090134 0.890046 0.111699 0.883487
0 0.080579 0.855324 0.083161 0.873071 0.107697 0.864197
0 0.080579 0.906250 0.091942 0.914738 0.091426 0.886960
0 0.098915 0.926312 0.089876 0.920139 0.099173 0.897377
0 0.103822 0.914738 0.097882 0.898534 0.113765 0.901621
0 0.109246 0.927855 0.098915 0.921682 0.107050 0.902778
0 0.120351 0.933256 0.111829 0.927855 0.123322 0.907021
0 0.123967 0.945602 0.116736 0.934028 0.125258 0.917824
0 0.263946 0.603009 0.273244 0.597994 0.268207 0.576774
0 0.198864 0.562114 0.206095 0.543596 0.219138 0.566551
0 0.185434 0.507330 0.189566 0.489198 0.208161 0.505016
0 0.189566 0.542824 0.175620 0.538580 0.182852 0.512153
0 0.132231 0.588735 0.137655 0.599151 0.148244 0.578125
0 0.107438 0.583719 0.115186 0.583719 0.111312 0.609954
0 0.108471 0.573688 0.110537 0.588735 0.135073 0.581211
0 0.083419 0.613040 0.080837 0.594907 0.101498 0.603973
0 0.081612 0.574074 0.089876 0.560957 0.095816 0.581018
0 0.084711 0.552855 0.085744 0.540509 0.101498 0.554205
0 0.104081 0.511960 0.100465 0.520062 0.115573 0.532986
0 0.091167 0.533179 0.092459 0.519676 0.106018 0.529128
0 0.078254 0.550540 0.077996 0.536651 0.098399 0.541859
0 0.084711 0.521991 0.088326 0.507716 0.106922 0.514853
0 0.095041 0.481481 0.087293 0.488812 0.098657 0.502893
0 0.079029 0.498457 0.080837 0.483796 0.091038 0.494984
0 0.097107 0.465278 0.092459 0.480710 0.114928 0.480132
0 0.075671 0.462577 0.080837 0.455247 0.084065 0.467979
0 0.087293 0.442130 0.080837 0.455247 0.101886 0.461034
0 0.083161 0.435957 0.081612 0.439043 0.100207 0.449074
0 0.090134 0.410494 0.084711 0.425540 0.102014 0.430555
0 0.082386 0.402006 0.090909 0.391204 0.097107 0.414738
0 0.169421 0.422840 0.167872 0.406250 0.189049 0.414545
0 0.348140 0.265432 0.337293 0.260031 0.340134 0.287809
0 0.228306 0.274691 0.231405 0.258488 0.250775 0.270062
0 0.177686 0.324074 0.169938 0.317130 0.166323 0.334877
0 0.088326 0.375772 0.094525 0.361111 0.100077 0.373071
0 0.297004 0.199074 0.308110 0.195988 0.305268 0.229938
0 0.340393 0.146605 0.351756 0.146605 0.348915 0.175926
0 0.423554 0.129630 0.423037 0.111883 0.446797 0.122686
0 0.476756 0.087191 0.470041 0.102238 0.455062 0.082176
0 0.386364 0.054398 0.386880 0.039738 0.408574 0.047068
0 0.381198 0.032022 0.384814 0.047454 0.366735 0.042825
0 0.343492 0.047454 0.352789 0.041281 0.353306 0.070988
0 0.332645 0.047454 0.327479 0.033565 0.314825 0.048997
0 0.316632 0.095293 0.319731 0.112654 0.299586 0.106289
0 0.291839 0.052855 0.284091 0.040509 0.269757 0.060571
0 0.232438 0.055941 0.220558 0.060571 0.226498 0.083912
0 0.205062 0.090664 0.195764 0.096065 0.202479 0.117477
0 0.212810 0.041281 0.199897 0.037423 0.205062 0.068287
0 0.183884 0.052855 0.193182 0.045139 0.198863 0.078125
0 0.159091 0.035880 0.152376 0.048225 0.173295 0.060957
0 0.168647 0.093364 0.160899 0.079861 0.151859 0.099730
0 0.224690 0.198302 0.229339 0.182870 0.211518 0.183256
0 0.159091 0.271219 0.169421 0.273920 0.162965 0.298418
0 0.172004 0.229167 0.170971 0.246142 0.191374 0.238426
0 0.167355 0.245370 0.176653 0.246914 0.172004 0.273148
0 0.124742 0.246914 0.132490 0.233796 0.141400 0.260802
0 0.129649 0.147377 0.121384 0.148920 0.125517 0.177855
0 0.103048 0.192901 0.093492 0.185957 0.107180 0.163580
0 0.084194 0.192130 0.092717 0.197531 0.097365 0.173611
0 0.095300 0.216821 0.097624 0.203704 0.114799 0.213734
0 0.092717 0.206019 0.096333 0.190586 0.115831 0.203317
0 0.079029 0.210648 0.088585 0.198302 0.098399 0.227623
0 0.082386 0.239198 0.089876 0.226080 0.103177 0.249228
0 0.101240 0.285494 0.112603 0.283565 0.107825 0.311922
0 0.087552 0.267747 0.092459 0.255401 0.106018 0.275655
0 0.087293 0.283951 0.092717 0.273920 0.099432 0.296296
0 0.078254 0.281636 0.087552 0.274691 0.088068 0.290123
0 0.085744 0.310185 0.091167 0.299383 0.100077 0.310186
0 0.084969 0.328704 0.093750 0.314043 0.100077 0.341435
0 0.082386 0.336420 0.083161 0.316744 0.103177 0.328125
0 0.146178 0.044367 0.155733 0.052083 0.143982 0.071952
0 0.087293 0.103009 0.092717 0.096836 0.098140 0.114390
0 0.105888 0.071373 0.098657 0.084491 0.114282 0.084876
0 0.085744 0.076775 0.095041 0.072145 0.097882 0.106675
0 0.102273 0.066744 0.093750 0.076003 0.107825 0.098572
0 0.122934 0.035108 0.123967 0.048225 0.139980 0.041666
0 0.123967 0.054398 0.131715 0.042052 0.142433 0.060956
0 0.116219 0.058256 0.129132 0.049769 0.135589 0.068480
0 0.105372 0.062114 0.112603 0.050154 0.122675 0.070023
0 0.120351 0.040509 0.128099 0.042824 0.121255 0.064429
0 0.113120 0.035880 0.123967 0.038966 0.111828 0.054013
