0 0.176653 0.267361 0.186209 0.273148 0.188920 0.241705
0 0.347624 0.248071 0.358729 0.252701 0.348011 0.270255
0 0.367769 0.106867 0.374742 0.093364 0.386881 0.119020
0 0.356663 0.031636 0.360537 0.044367 0.341167 0.047647
0 0.388430 0.028935 0.396178 0.032793 0.388688 0.047261
0 0.458161 0.088735 0.460227 0.103009 0.443052 0.096451
0 0.451705 0.197917 0.451188 0.207562 0.465005 0.203125
0 0.404700 0.324074 0.405992 0.334877 0.421745 0.329475
0 0.349690 0.381173 0.357438 0.382330 0.353564 0.362847
0 0.301136 0.429398 0.307076 0.438272 0.293130 0.444830
0 0.248967 0.329090 0.246901 0.340664 0.233729 0.334877
0 0.218492 0.281636 0.224432 0.290509 0.209581 0.298033
0 0.152118 0.158179 0.157283 0.156250 0.154701 0.182870
0 0.188791 0.165123 0.190857 0.174769 0.176266 0.175733
0 0.199897 0.161265 0.206353 0.157407 0.207645 0.180941
0 0.192665 0.144676 0.194731 0.154321 0.179881 0.153357
0 0.113895 0.129244 0.118543 0.118827 0.133006 0.138503
0 0.110795 0.141975 0.119835 0.136188 0.120093 0.163195
0 0.112087 0.185185 0.121643 0.178627 0.122675 0.207948
0 0.127583 0.106096 0.126808 0.112654 0.123967 0.112269
0 0.110795 0.088735 0.115961 0.093364 0.123321 0.075617
0 0.117769 0.068287 0.126808 0.062500 0.126163 0.088156
0 0.117769 0.054012 0.121643 0.063657 0.133652 0.047647
0 0.137138 0.052083 0.143079 0.042438 0.154958 0.052469
0 0.143079 0.060571 0.134556 0.064429 0.138818 0.080825
0 0.148244 0.090664 0.154700 0.090664 0.151085 0.113426
0 0.162965 0.120756 0.166322 0.108796 0.181431 0.119985
0 0.141012 0.133102 0.146178 0.145833 0.155216 0.137153
0 0.199897 0.136960 0.197314 0.148534 0.181818 0.136960
0 0.193440 0.111883 0.192149 0.122685 0.210873 0.116705
0 0.176653 0.097222 0.172004 0.106096 0.161415 0.089699
0 0.176653 0.081019 0.181043 0.089506 0.168776 0.089699
0 0.175362 0.069444 0.172004 0.077932 0.160512 0.067901
0 0.399277 0.518904 0.405992 0.516204 0.406767 0.542053
0 0.367252 0.642361 0.368285 0.660880 0.392691 0.651620
0 0.205579 0.148534 0.207645 0.162037 0.219525 0.149112
0 0.308368 0.606096 0.317149 0.616512 0.302557 0.630402
0 0.167614 0.046296 0.175362 0.040509 0.177299 0.066937
0 0.174587 0.027006 0.175362 0.040509 0.191762 0.038966
0 0.575930 0.484182 0.576705 0.498457 0.557980 0.491320
0 0.526601 0.646219 0.539256 0.642361 0.534091 0.675347
0 0.178461 0.042438 0.186983 0.040509 0.183626 0.059799
0 0.257231 0.659722 0.255424 0.677469 0.279313 0.673804
0 0.208161 0.039352 0.214618 0.046296 0.203383 0.058642
0 0.583936 0.421682 0.589360 0.435957 0.570119 0.441165
0 0.207645 0.035494 0.217200 0.029707 0.217975 0.057292
0 0.574638 0.577932 0.576188 0.591049 0.592329 0.583140
0 0.229597 0.052083 0.237345 0.059799 0.219525 0.074652
0 0.543905 0.712577 0.543905 0.730324 0.570119 0.721450
0 0.248967 0.025849 0.252841 0.038580 0.236700 0.039931
0 0.254132 0.030864 0.243027 0.041281 0.253099 0.050154
0 0.405217 0.676312 0.417614 0.674769 0.411415 0.707369
0 0.263688 0.040509 0.249483 0.041281 0.253358 0.066937
0 0.374483 0.694830 0.373967 0.714506 0.393724 0.704668
0 0.268337 0.034722 0.277893 0.035494 0.271436 0.061150
0 0.349690 0.716821 0.350465 0.733796 0.370351 0.725309
0 0.239411 0.606867 0.239928 0.628086 0.259814 0.617476
0 0.255424 0.073302 0.254132 0.054784 0.270273 0.064043
0 0.277893 0.054784 0.290289 0.048997 0.292485 0.075618
0 0.230630 0.645448 0.234246 0.663966 0.250129 0.652970
0 0.110795 0.256559 0.119835 0.243056 0.131715 0.253279
0 0.200930 0.150077 0.205062 0.166281 0.220429 0.150270
0 0.478822 0.361883 0.483471 0.350309 0.473140 0.347415
0 0.112603 0.237654 0.110279 0.258488 0.131457 0.251157
0 0.420713 0.028935 0.431043 0.025849 0.425878 0.051890
0 0.126550 0.296682 0.130165 0.313272 0.149019 0.299576
0 0.163223 0.344136 0.156250 0.359954 0.178590 0.367091
0 0.420196 0.028935 0.425878 0.036651 0.412061 0.049576
0 0.138430 0.316744 0.150310 0.312500 0.146178 0.344136
0 0.436209 0.044367 0.429752 0.040509 0.424975 0.060764
0 0.126550 0.340664 0.137397 0.328318 0.141400 0.355131
0 0.491219 0.029707 0.496384 0.038580 0.478305 0.045139
0 0.145661 0.413580 0.154442 0.398534 0.165031 0.423226
0 0.486570 0.054784 0.494318 0.048997 0.494706 0.071760
0 0.127324 0.440972 0.137397 0.428627 0.144369 0.451968
0 0.498192 0.033565 0.502066 0.025077 0.515625 0.038580
0 0.108988 0.298225 0.119060 0.284336 0.125258 0.308835
0 0.104855 0.316744 0.115444 0.306327 0.120480 0.337191
0 0.100723 0.344907 0.113120 0.331019 0.116090 0.366127
0 0.127841 0.374228 0.138430 0.370370 0.136751 0.402585
0 0.107180 0.374228 0.119060 0.366898 0.122288 0.397763
0 0.103564 0.386188 0.115961 0.381944 0.111828 0.414158
0 0.099432 0.451775 0.110795 0.444830 0.111054 0.472993
0 0.124225 0.446373 0.111829 0.456019 0.121643 0.481289
0 0.143853 0.466049 0.155475 0.464120 0.149664 0.493248
0 0.173812 0.449846 0.183368 0.455247 0.177170 0.470101
0 0.184401 0.478395 0.191632 0.491512 0.203900 0.471643
0 0.181560 0.494985 0.176136 0.513503 0.196281 0.513118
0 0.210486 0.490355 0.205837 0.508873 0.227015 0.507716
0 0.170455 0.569059 0.162707 0.591049 0.189179 0.586227
0 0.134814 0.560957 0.120868 0.554012 0.129132 0.526235
0 0.107180 0.545910 0.119060 0.541667 0.115702 0.573881
0 0.124225 0.554012 0.118543 0.573302 0.136751 0.572917
0 0.135589 0.613812 0.150310 0.615741 0.142950 0.584877
0 0.158574 0.626157 0.166322 0.626157 0.162448 0.601080
0 0.216426 0.626929 0.215134 0.641204 0.229855 0.635417
0 0.200930 0.624614 0.212293 0.625386 0.206612 0.653550
0 0.336777 0.759259 0.345041 0.750386 0.331095 0.730710
0 0.155475 0.758488 0.167872 0.758488 0.161673 0.723187
0 0.159607 0.668596 0.163223 0.687886 0.182722 0.671682
0 0.150310 0.640432 0.153926 0.657793 0.173037 0.644290
0 0.128357 0.613812 0.125517 0.629630 0.147986 0.624807
0 0.142562 0.638503 0.131457 0.641975 0.141141 0.669367
0 0.121384 0.647377 0.131457 0.641975 0.129907 0.668403
0 0.111312 0.678241 0.118543 0.663194 0.128099 0.684799
0 0.098399 0.670139 0.109504 0.659722 0.111958 0.688272
0 0.100723 0.624614 0.110279 0.623457 0.105501 0.647763
0 0.099432 0.591049 0.107696 0.584105 0.108601 0.610918
0 0.120868 0.617284 0.130682 0.625386 0.119577 0.636381
0 0.102014 0.559414 0.110279 0.553241 0.111441 0.585263
0 0.119060 0.717978 0.133781 0.723380 0.126420 0.749807
0 0.102531 0.734954 0.113636 0.727623 0.115444 0.766010
0 0.100723 0.770833 0.113120 0.766590 0.110408 0.807870
0 0.107180 0.815972 0.099432 0.824846 0.106922 0.841050
0 0.100207 0.856481 0.111829 0.848380 0.114928 0.881366
0 0.120868 0.833333 0.117252 0.851080 0.139979 0.855517
0 0.126033 0.878472 0.126033 0.858025 0.150181 0.868248
0 0.209969 0.755787 0.205062 0.772762 0.186854 0.755594
0 0.146178 0.769290 0.137913 0.783179 0.156767 0.793403
0 0.173295 0.800154 0.179236 0.810571 0.190340 0.788581
0 0.130682 0.783179 0.126033 0.798997 0.146694 0.801311
0 0.121384 0.777006 0.111312 0.790123 0.127582 0.806134
0 0.142045 0.819444 0.142045 0.836806 0.159994 0.830825
0 0.162707 0.847608 0.154959 0.835262 0.171230 0.829090
0 0.176136 0.866898 0.164514 0.854552 0.180656 0.835263
0 0.202221 0.789352 0.205062 0.766590 0.224561 0.777971
0 0.239411 0.769290 0.240444 0.786651 0.260589 0.777971
0 0.234504 0.773534 0.243543 0.771605 0.239023 0.759452
0 0.261880 0.814043 0.267562 0.824846 0.276860 0.805363
0 0.280733 0.823688 0.277118 0.809799 0.296617 0.810956
0 0.207386 0.832562 0.216426 0.847608 0.229855 0.819445
0 0.200413 0.805170 0.208678 0.787809 0.227531 0.805363
0 0.221591 0.845679 0.222882 0.827160 0.242898 0.840085
0 0.258781 0.841435 0.266529 0.858025 0.282670 0.840471
0 0.248192 0.867670 0.258781 0.848380 0.268595 0.873071
0 0.235795 0.937500 0.248709 0.940972 0.248837 0.906636
0 0.255165 0.896991 0.261105 0.879244 0.274922 0.899884
0 0.253616 0.930556 0.255940 0.913580 0.278926 0.922454
0 0.286415 0.926698 0.300620 0.932870 0.300103 0.896412
0 0.302944 0.947145 0.298295 0.934028 0.318310 0.925926
0 0.337293 0.944444 0.332645 0.932099 0.352402 0.928241
0 0.239411 0.888117 0.250000 0.879244 0.236441 0.861689
0 0.221591 0.886188 0.223915 0.903935 0.244318 0.890239
0 0.200413 0.944444 0.196281 0.930556 0.217846 0.929976
0 0.162190 0.820988 0.173812 0.820216 0.167613 0.791088
0 0.173295 0.880015 0.180269 0.891590 0.192794 0.862461
0 0.198605 0.903164 0.194473 0.881944 0.216942 0.884259
0 0.165031 0.946373 0.158574 0.930556 0.181559 0.930362
0 0.141529 0.944444 0.138946 0.927855 0.166193 0.929012
0 0.126033 0.925926 0.134814 0.940972 0.153797 0.913195
0 0.133264 0.896991 0.133264 0.878472 0.157928 0.886767
0 0.133264 0.900463 0.137397 0.914352 0.153280 0.897184
0 0.183884 0.896991 0.182593 0.876543 0.209194 0.876736
0 0.192149 0.905864 0.200930 0.890046 0.213972 0.913773
0 0.148502 0.936728 0.143079 0.918210 0.169422 0.917631
0 0.117252 0.910880 0.108471 0.896991 0.121126 0.878279
0 0.359246 0.787809 0.359246 0.807099 0.386363 0.797454
0 0.388688 0.822145 0.394628 0.838735 0.410512 0.823689
0 0.369835 0.890818 0.380424 0.902006 0.385718 0.868634
0 0.396952 0.896219 0.394112 0.913580 0.375129 0.902970
0 0.388688 0.935571 0.399277 0.935571 0.394628 0.907022
0 0.426395 0.856481 0.430010 0.871528 0.445377 0.852430
0 0.432335 0.934799 0.419421 0.928627 0.427944 0.900463
0 0.414773 0.939043 0.425362 0.936728 0.420068 0.910879
0 0.457645 0.859954 0.458419 0.877701 0.485667 0.868827
0 0.516787 0.928627 0.510331 0.941744 0.490186 0.920139
0 0.504390 0.912809 0.516787 0.928627 0.524406 0.898727
0 0.519628 0.794753 0.508006 0.805170 0.522469 0.821181
0 0.477273 0.775463 0.474948 0.793981 0.499354 0.786844
0 0.469525 0.734954 0.464360 0.752315 0.486700 0.754630
0 0.531508 0.757716 0.532025 0.779707 0.555656 0.768711
0 0.611054 0.726080 0.614153 0.748843 0.587552 0.737847
0 0.629390 0.673225 0.641271 0.680941 0.629390 0.701388
0 0.595300 0.788580 0.603564 0.800154 0.613508 0.776234
0 0.568698 0.918210 0.579287 0.931327 0.588972 0.901813
0 0.631715 0.829090 0.638946 0.844136 0.654701 0.821180
0 0.621126 0.886188 0.634814 0.893519 0.631198 0.861690
0 0.603564 0.918981 0.612862 0.931327 0.621771 0.903935
0 0.621126 0.939043 0.615186 0.923225 0.633265 0.913966
0 0.633006 0.937500 0.629390 0.921682 0.650309 0.925154
0 0.655992 0.886188 0.668905 0.887346 0.662448 0.855131
0 0.626550 0.648534 0.637913 0.660880 0.641659 0.637925
0 0.659607 0.644676 0.657800 0.658951 0.678848 0.652199
0 0.647986 0.579475 0.642045 0.597222 0.659349 0.598958
0 0.756457 0.681713 0.763946 0.692515 0.775052 0.671296
0 0.832386 0.674769 0.831353 0.694059 0.807980 0.684414
0 0.727531 0.722222 0.733988 0.735725 0.746643 0.716242
0 0.765754 0.726080 0.763946 0.743441 0.782541 0.736111
0 0.724432 0.757716 0.735279 0.745370 0.740961 0.769097
0 0.719783 0.770062 0.732696 0.770833 0.726239 0.800926
0 0.730372 0.864969 0.716942 0.876543 0.716813 0.840857
0 0.683884 0.873843 0.670196 0.866898 0.677040 0.837770
0 0.732696 0.844136 0.729339 0.824460 0.752325 0.825618
0 0.760072 0.831790 0.758781 0.851080 0.779958 0.841435
0 0.803719 0.815972 0.790031 0.807099 0.801007 0.787230
0 0.819990 0.807099 0.815341 0.791281 0.833032 0.792439
0 0.831353 0.767361 0.842459 0.774306 0.840780 0.741706
0 0.802428 0.739198 0.813017 0.746142 0.815341 0.723766
0 0.806560 0.634259 0.818440 0.638889 0.815083 0.610147
0 0.742769 0.919753 0.739928 0.935571 0.718880 0.922840
0 0.758264 0.917052 0.749225 0.930170 0.737603 0.903357
0 0.772211 0.935571 0.763430 0.923225 0.780863 0.910494
0 0.752841 0.917824 0.765754 0.925926 0.764592 0.895062
0 0.875517 0.812114 0.875517 0.824460 0.856664 0.818287
0 0.875000 0.693287 0.888430 0.701389 0.874871 0.733796
0 0.871384 0.656250 0.881973 0.667052 0.870868 0.686149
0 0.864928 0.591049 0.876808 0.586806 0.872030 0.622493
0 0.836519 0.635031 0.849690 0.637731 0.843104 0.665509
0 0.894370 0.831790 0.906250 0.840278 0.905604 0.809607
0 0.925103 0.850309 0.938017 0.847608 0.931043 0.816358
0 0.954545 0.788580 0.952221 0.803627 0.930139 0.784529
0 0.951188 0.770833 0.947056 0.788580 0.927557 0.767747
0 0.946281 0.707562 0.955320 0.715278 0.943181 0.730324
0 0.942924 0.724923 0.948605 0.712577 0.929235 0.702932
0 0.951188 0.671296 0.952738 0.683642 0.932980 0.683256
0 0.952221 0.652006 0.949380 0.664352 0.935692 0.645833
0 0.947572 0.842978 0.956870 0.861497 0.931560 0.863811
0 0.947572 0.884645 0.942149 0.866898 0.922133 0.885417
0 0.945764 0.912809 0.944473 0.892361 0.921229 0.902585
0 0.895661 0.910880 0.887913 0.900463 0.903021 0.884453
0 0.899793 0.919753 0.887397 0.926698 0.888300 0.887925
0 0.873192 0.925926 0.882748 0.915509 0.866219 0.896412
0 0.827221 0.888117 0.827738 0.905478 0.849690 0.896798
0 0.703254 0.550540 0.705579 0.570602 0.725078 0.560571
0 0.754649 0.547840 0.742252 0.547840 0.748451 0.520448
0 0.722882 0.503858 0.717459 0.520448 0.700672 0.501544
0 0.647211 0.479938 0.643079 0.494985 0.667872 0.496335
0 0.658574 0.440201 0.670196 0.435957 0.661415 0.412037
0 0.673812 0.469522 0.685176 0.469522 0.679494 0.433835
0 0.690341 0.447531 0.697314 0.464120 0.710357 0.443866
0 0.702221 0.475694 0.705062 0.459491 0.719912 0.471065
0 0.756973 0.413966 0.767045 0.427855 0.747030 0.441165
0 0.744576 0.350309 0.754132 0.362654 0.735796 0.381559
0 0.651343 0.376929 0.646694 0.358410 0.668259 0.364584
0 0.797779 0.340664 0.810692 0.341435 0.804235 0.377315
0 0.777118 0.389275 0.781250 0.405093 0.796617 0.390625
0 0.858471 0.362654 0.856663 0.380401 0.836002 0.371528
0 0.827738 0.412037 0.838326 0.422840 0.841684 0.398920
0 0.877841 0.420910 0.866219 0.427083 0.866994 0.395833
0 0.855630 0.433256 0.864411 0.441358 0.849948 0.454861
0 0.849690 0.475694 0.839101 0.464892 0.835485 0.493055
0 0.813533 0.540895 0.802944 0.530093 0.815728 0.511381
0 0.825930 0.427855 0.837293 0.435185 0.826963 0.456983
0 0.786415 0.486111 0.795455 0.492284 0.797133 0.465471
0 0.775826 0.540895 0.785899 0.545910 0.787319 0.517361
0 0.757490 0.510802 0.752841 0.525849 0.771178 0.529706
0 0.752324 0.505401 0.762913 0.516204 0.765625 0.491513
0 0.829545 0.552083 0.842459 0.560185 0.843750 0.525849
0 0.800620 0.545139 0.798295 0.565586 0.826575 0.556134
0 0.867252 0.501929 0.884556 0.505401 0.875904 0.545910
0 0.862603 0.560957 0.865444 0.545910 0.880940 0.558256
0 0.940599 0.528549 0.945764 0.539738 0.922521 0.549575
0 0.925103 0.635031 0.936983 0.637731 0.931043 0.602045
0 0.862603 0.501929 0.875517 0.510031 0.872675 0.481289
0 0.916839 0.463349 0.918130 0.479167 0.897211 0.471258
0 0.883781 0.451003 0.897986 0.461420 0.899147 0.426119
0 0.910382 0.331790 0.919938 0.343364 0.901343 0.360146
0 0.946281 0.469522 0.952221 0.454475 0.933626 0.440393
0 0.946281 0.435185 0.933368 0.442130 0.935175 0.408179
0 0.950413 0.410494 0.945248 0.422840 0.935950 0.401620
0 0.942924 0.495756 0.950413 0.486883 0.935692 0.464892
0 0.943440 0.545910 0.954545 0.540895 0.946281 0.513310
0 0.915806 0.547840 0.925620 0.536265 0.907671 0.518326
0 0.902634 0.480710 0.891012 0.481867 0.896823 0.511574
0 0.939308 0.491512 0.947572 0.503858 0.929881 0.513503
0 0.918647 0.457948 0.919938 0.457948 0.935176 0.487461
0 0.949897 0.385802 0.940599 0.396991 0.933626 0.366706
0 0.876291 0.086806 0.886880 0.093750 0.873321 0.122492
0 0.894370 0.123843 0.880940 0.121142 0.887655 0.156443
0 0.938791 0.222608 0.942149 0.206790 0.919164 0.207948
0 0.908058 0.204861 0.896178 0.193287 0.888559 0.219714
0 0.947056 0.241127 0.938791 0.222608 0.922262 0.233024
0 0.939824 0.358025 0.949380 0.349151 0.934659 0.328125
0 0.927428 0.317515 0.917614 0.297454 0.905088 0.318480
0 0.887913 0.286651 0.898502 0.291281 0.893207 0.319830
0 0.869835 0.336806 0.877324 0.333333 0.869059 0.310957
0 0.903926 0.266590 0.904442 0.279707 0.887913 0.273149
0 0.829029 0.247299 0.839618 0.246142 0.834323 0.278357
0 0.763430 0.312500 0.774793 0.306327 0.762655 0.277199
0 0.740444 0.313272 0.751033 0.305170 0.751937 0.336998
0 0.723399 0.316744 0.713326 0.316744 0.718620 0.346643
0 0.736312 0.211806 0.739411 0.227623 0.759039 0.215278
0 0.712293 0.200617 0.707386 0.218750 0.728434 0.216821
0 0.725207 0.152778 0.727531 0.169753 0.706611 0.162423
0 0.694990 0.123071 0.701705 0.140432 0.717459 0.127700
0 0.685176 0.081404 0.693440 0.070988 0.701059 0.092014
0 0.729855 0.070988 0.727531 0.089506 0.751421 0.082369
0 0.791322 0.081404 0.783058 0.095679 0.800104 0.103009
0 0.863120 0.127315 0.866736 0.142361 0.844267 0.138696
0 0.817149 0.213735 0.831870 0.222608 0.820119 0.241899
0 0.857438 0.202932 0.861570 0.221451 0.836389 0.217979
0 0.865702 0.197917 0.881457 0.204090 0.869706 0.226081
0 0.849690 0.276235 0.859762 0.280478 0.861441 0.252700
0 0.936467 0.195988 0.941116 0.182870 0.916322 0.173997
0 0.941116 0.169753 0.934659 0.182870 0.925491 0.163387
0 0.938791 0.132716 0.932851 0.146605 0.917871 0.127315
0 0.909349 0.148534 0.925878 0.145062 0.916064 0.119406
0 0.930527 0.110725 0.933884 0.097222 0.909220 0.093557
0 0.935692 0.086034 0.936467 0.065586 0.906379 0.074074
0 0.915806 0.042824 0.922779 0.054012 0.904442 0.061343
0 0.903926 0.027006 0.911674 0.042824 0.887784 0.046682
0 0.857438 0.095679 0.848399 0.084877 0.864669 0.074460
0 0.884556 0.032022 0.891529 0.046296 0.869060 0.051891
0 0.869060 0.025077 0.880424 0.035494 0.858213 0.051505
0 0.844267 0.022377 0.853306 0.029321 0.839101 0.049383
0 0.840909 0.064043 0.840909 0.047840 0.821410 0.055942
0 0.814308 0.027778 0.806560 0.033179 0.819215 0.054205
0 0.803719 0.040123 0.814824 0.046296 0.802686 0.063464
0 0.798295 0.029321 0.807851 0.040895 0.788352 0.051890
0 0.760589 0.023534 0.750000 0.033951 0.765883 0.051698
0 0.746901 0.047068 0.743543 0.031250 0.723657 0.043981
0 0.658316 0.176698 0.655992 0.193287 0.679623 0.191165
0 0.665548 0.292824 0.661415 0.308642 0.677557 0.307484
0 0.622417 0.328318 0.631715 0.341435 0.640754 0.315779
0 0.603564 0.164352 0.618802 0.176698 0.604081 0.203511
0 0.592975 0.108796 0.588068 0.130015 0.609892 0.129437
0 0.622417 0.126543 0.621126 0.140432 0.640625 0.133487
0 0.670713 0.111497 0.662448 0.127315 0.649535 0.106096
0 0.615961 0.082176 0.628357 0.084877 0.622159 0.111304
0 0.679494 0.066358 0.676653 0.046296 0.651472 0.056327
0 0.652376 0.033951 0.650052 0.052469 0.675232 0.045332
0 0.645919 0.051312 0.643079 0.036651 0.625903 0.048033
0 0.645919 0.033951 0.640754 0.020833 0.624483 0.034336
0 0.596333 0.039352 0.589876 0.027778 0.571927 0.047647
0 0.587552 0.060185 0.579804 0.044367 0.568440 0.065200
0 0.582386 0.019676 0.585744 0.030478 0.569861 0.034336
0 0.555269 0.020833 0.564566 0.035494 0.542743 0.040509
0 0.505682 0.043596 0.497417 0.065586 0.522211 0.065587
0 0.499742 0.016975 0.494318 0.033951 0.516529 0.036844
0 0.493285 0.025077 0.500258 0.037423 0.476627 0.044367
0 0.496126 0.047068 0.485021 0.055170 0.495610 0.076582
0 0.418388 0.025849 0.435434 0.023148 0.426911 0.056327
0 0.430785 0.044367 0.422521 0.029321 0.413352 0.050154
0 0.477273 0.364969 0.484246 0.351852 0.469267 0.342592
0 0.287707 0.045525 0.279442 0.055170 0.292743 0.072338
0 0.268853 0.031250 0.279959 0.033951 0.270919 0.065972
0 0.261105 0.041667 0.252324 0.040123 0.251162 0.072723
0 0.252841 0.037423 0.245868 0.027778 0.230760 0.046682
0 0.237603 0.060185 0.230630 0.048997 0.217587 0.077160
0 0.215651 0.028549 0.206353 0.035494 0.218104 0.059414
0 0.175103 0.027006 0.175620 0.041667 0.196668 0.041860
0 0.188017 0.035494 0.177428 0.039352 0.183885 0.068094
0 0.166322 0.043596 0.177428 0.039352 0.178073 0.073688
0 0.173812 0.081404 0.177428 0.067515 0.157283 0.066743
0 0.613120 0.482253 0.607438 0.497299 0.632619 0.505401
0 0.616736 0.376543 0.611829 0.351852 0.633007 0.362847
