0 0.509556 0.211034 0.502583 0.200231 0.493414 0.218171
0 0.460486 0.276620 0.467717 0.263889 0.449897 0.254436
0 0.416581 0.344136 0.421229 0.325617 0.402505 0.331597
0 0.691116 0.427083 0.681302 0.413580 0.698735 0.399498
0 0.793130 0.277392 0.804752 0.267747 0.810175 0.301119
0 0.825930 0.315201 0.816890 0.312114 0.821410 0.290509
0 0.820764 0.233025 0.813791 0.216821 0.801395 0.238426
0 0.716942 0.248457 0.705837 0.232253 0.721333 0.217207
0 0.642562 0.207948 0.641271 0.190586 0.663223 0.199267
0 0.685176 0.101080 0.676911 0.085648 0.662578 0.107831
0 0.729855 0.157793 0.736829 0.146219 0.721720 0.137153
0 0.706612 0.057485 0.716167 0.056713 0.712036 0.084683
0 0.752324 0.134645 0.751808 0.116512 0.774406 0.125000
0 0.770403 0.139660 0.778151 0.121142 0.789514 0.145255
0 0.896436 0.197531 0.893853 0.180170 0.875775 0.192709
0 0.905992 0.257330 0.896436 0.263889 0.910640 0.287616
0 0.887397 0.287037 0.877066 0.286265 0.882232 0.260031
0 0.858213 0.272762 0.866736 0.265818 0.871126 0.286652
0 0.878357 0.064429 0.882231 0.076775 0.866348 0.080247
0 0.899019 0.062500 0.887397 0.072145 0.900956 0.095293
0 0.922779 0.048997 0.913223 0.047068 0.918001 0.074460
0 0.915806 0.030478 0.918388 0.045139 0.899277 0.043981
0 0.810434 0.048997 0.805269 0.038194 0.794680 0.051697
0 0.792355 0.030478 0.792872 0.030864 0.812758 0.038387
0 0.782025 0.042052 0.772469 0.030478 0.763300 0.059414
0 0.791839 0.022762 0.785899 0.010417 0.772081 0.026235
0 0.753099 0.023920 0.755682 0.011188 0.770532 0.022377
0 0.744060 0.013117 0.749225 0.024691 0.731793 0.033372
0 0.711777 0.013117 0.714876 0.025849 0.695893 0.022762
0 0.724690 0.010417 0.732438 0.020833 0.716942 0.026235
0 0.592200 0.106867 0.601240 0.108796 0.596720 0.080825
0 0.563275 0.021991 0.558110 0.005401 0.546100 0.021798
0 0.547004 0.010417 0.561209 0.007330 0.554107 0.043981
0 0.567149 0.001543 0.553461 0.012346 0.570893 0.029514
0 0.506457 0.036265 0.496126 0.045910 0.511622 0.065200
0 0.499225 0.080633 0.499225 0.060571 0.473786 0.070602
0 0.445764 0.035494 0.445764 0.016975 0.469267 0.026235
0 0.399277 0.055556 0.388946 0.050926 0.390238 0.083141
0 0.350723 0.236883 0.350723 0.217593 0.327221 0.227238
0 0.328771 0.213735 0.317149 0.226466 0.313662 0.200810
0 0.259039 0.215664 0.258523 0.196373 0.238120 0.206018
0 0.251291 0.270833 0.262397 0.267747 0.253616 0.247685
0 0.406250 0.020833 0.412190 0.036265 0.388300 0.042631
0 0.409607 0.012346 0.401860 0.001543 0.391787 0.024306
0 0.429494 0.005401 0.435434 0.015046 0.418647 0.025656
0 0.446281 0.009259 0.435950 0.001543 0.428848 0.030479
0 0.377841 0.014275 0.366219 0.013117 0.367252 0.038773
0 0.359762 0.022762 0.352014 0.018133 0.350465 0.044174
0 0.357180 0.004630 0.359762 0.022762 0.343620 0.013696
0 0.361054 0.000000 0.354081 0.009259 0.371126 0.017168
0 0.333419 0.028549 0.327479 0.016975 0.316891 0.031057
0 0.334711 0.007330 0.327479 0.000000 0.316632 0.016782
0 0.268853 0.011188 0.280992 0.009259 0.274923 0.034336
0 0.280992 0.000000 0.276601 0.009259 0.294679 0.013889
0 0.292614 0.095293 0.286932 0.079861 0.274277 0.096643
0 0.253357 0.051698 0.248709 0.064429 0.266529 0.068673
0 0.242252 0.076775 0.250775 0.059414 0.232309 0.056134
0 0.205579 0.002701 0.216426 0.003472 0.211003 0.023920
0 0.241736 0.002701 0.247417 0.013117 0.230630 0.019097
0 0.253874 0.005401 0.244318 0.005401 0.249096 0.029514
0 0.260331 0.000000 0.249483 0.006559 0.257231 0.030672
0 0.179752 0.009259 0.170713 0.007330 0.175233 0.033951
0 0.133781 0.021991 0.142304 0.016975 0.145145 0.043981
0 0.146178 0.000772 0.138946 0.013117 0.155733 0.023341
0 0.129907 0.000772 0.138946 0.013117 0.129907 0.022956
0 0.103564 0.053627 0.102273 0.037423 0.121901 0.042632
0 0.107438 0.016975 0.096333 0.028549 0.108342 0.051698
0 0.159607 0.099923 0.162190 0.114583 0.180656 0.103395
0 0.176395 0.201389 0.166064 0.199460 0.171229 0.175733
0 0.161674 0.165509 0.171229 0.159722 0.158316 0.138503
0 0.210744 0.347994 0.218492 0.358410 0.227531 0.336805
0 0.166064 0.423225 0.176395 0.423997 0.171229 0.401427
0 0.149277 0.226466 0.155217 0.245756 0.167743 0.227431
0 0.144886 0.194444 0.131973 0.188657 0.138429 0.220100
0 0.122159 0.192515 0.122159 0.180170 0.144112 0.178626
0 0.115702 0.180170 0.125517 0.182870 0.120609 0.147762
0 0.110537 0.094136 0.116477 0.079861 0.126033 0.099151
0 0.095041 0.096065 0.095041 0.092207 0.115185 0.105324
0 0.146694 0.359568 0.157025 0.359568 0.151859 0.336420
0 0.081612 0.398920 0.080837 0.380787 0.098012 0.389853
0 0.143595 0.328704 0.134556 0.319830 0.131327 0.345872
0 0.107438 0.346065 0.115702 0.347994 0.112862 0.325811
0 0.122934 0.287037 0.113895 0.298611 0.130682 0.315586
0 0.084194 0.349923 0.088068 0.333333 0.101627 0.352623
0 0.084194 0.317901 0.088068 0.333333 0.101240 0.318480
0 0.633006 0.625772 0.639979 0.607253 0.620996 0.597222
0 0.644628 0.649691 0.643337 0.666281 0.663998 0.657986
0 0.629649 0.765432 0.637397 0.770448 0.644499 0.741899
0 0.678202 0.695216 0.692407 0.705633 0.681689 0.729359
0 0.704029 0.738426 0.713585 0.751929 0.723399 0.721065
0 0.724690 0.775077 0.723915 0.797454 0.699767 0.786266
0 0.750517 0.732639 0.758781 0.735725 0.757232 0.706790
0 0.782800 0.740355 0.788481 0.753858 0.799200 0.731675
0 0.809917 0.686343 0.820764 0.680556 0.822184 0.715857
0 0.827996 0.770448 0.826705 0.786651 0.805010 0.778550
0 0.796229 0.542824 0.807335 0.535108 0.807593 0.569252
0 0.858988 0.457948 0.867252 0.463735 0.860796 0.484954
0 0.867252 0.489583 0.859504 0.504244 0.872804 0.515239
0 0.915806 0.462577 0.914773 0.462577 0.893466 0.467399
0 0.943440 0.417438 0.933884 0.409722 0.935434 0.440586
0 0.940341 0.553241 0.930010 0.553241 0.935175 0.576389
0 0.926653 0.531250 0.936467 0.538966 0.925490 0.558642
0 0.940857 0.650849 0.931818 0.664352 0.920842 0.634452
0 0.873192 0.633488 0.879649 0.618827 0.892562 0.641975
0 0.894370 0.676698 0.906767 0.673997 0.902118 0.709105
0 0.917614 0.809028 0.924845 0.799383 0.912578 0.783372
0 0.932593 0.826389 0.926136 0.834105 0.916710 0.813271
0 0.931818 0.840664 0.927428 0.821373 0.910253 0.842593
0 0.947314 0.873457 0.940341 0.888117 0.929881 0.868248
0 0.941632 0.899691 0.934401 0.886960 0.925103 0.902392
0 0.889205 0.921682 0.902893 0.928627 0.900568 0.894869
0 0.875000 0.923611 0.862862 0.928627 0.863765 0.895833
0 0.851756 0.932485 0.858988 0.917824 0.837293 0.903550
0 0.824638 0.925540 0.833161 0.935185 0.838585 0.914545
0 0.752324 0.864969 0.762138 0.861883 0.757231 0.835455
0 0.775568 0.873457 0.770403 0.857253 0.786932 0.853781
0 0.784091 0.888117 0.790548 0.899691 0.800878 0.874035
0 0.801395 0.927469 0.809143 0.910108 0.789514 0.900077
0 0.778151 0.922840 0.787190 0.934414 0.797908 0.912230
0 0.771694 0.932485 0.776860 0.917052 0.758523 0.913581
0 0.742769 0.930556 0.753616 0.924769 0.742639 0.904514
0 0.735021 0.913966 0.735537 0.892747 0.712681 0.903356
0 0.703254 0.937114 0.713585 0.925540 0.695893 0.913002
0 0.667872 0.928627 0.681302 0.928627 0.674587 0.894869
0 0.652376 0.935185 0.656767 0.917824 0.638688 0.918403
0 0.658833 0.907407 0.666581 0.893904 0.650697 0.884645
0 0.618027 0.870756 0.628357 0.858025 0.613249 0.837963
0 0.574897 0.787809 0.579287 0.775077 0.561854 0.767940
0 0.540548 0.780093 0.543130 0.766590 0.527376 0.769869
0 0.594267 0.892747 0.600723 0.875386 0.582645 0.866319
0 0.576188 0.880401 0.574122 0.861111 0.558110 0.870756
0 0.526343 0.890046 0.536157 0.893904 0.538353 0.872685
0 0.531508 0.904321 0.534866 0.886188 0.557335 0.895255
0 0.561983 0.928627 0.550878 0.942130 0.544163 0.916088
0 0.545713 0.831019 0.547004 0.848380 0.525439 0.841629
0 0.495351 0.809028 0.498709 0.831019 0.473528 0.828704
0 0.462552 0.881173 0.466426 0.865741 0.450930 0.864391
0 0.485795 0.875386 0.483729 0.859182 0.466425 0.867284
0 0.523760 0.933256 0.527634 0.921682 0.508910 0.912037
0 0.528926 0.940972 0.536157 0.931327 0.526085 0.915509
0 0.501808 0.942130 0.507748 0.927469 0.486699 0.918982
0 0.466942 0.937114 0.474174 0.928627 0.456353 0.915895
0 0.445764 0.936343 0.455320 0.928627 0.439825 0.918017
0 0.430269 0.938272 0.438017 0.925540 0.419551 0.917053
0 0.425103 0.827160 0.433368 0.836806 0.418905 0.858989
0 0.397211 0.876543 0.385589 0.874614 0.391400 0.850502
0 0.394628 0.926698 0.386364 0.922840 0.390496 0.899113
0 0.488378 0.755015 0.492252 0.733796 0.473141 0.739969
0 0.399793 0.772377 0.401860 0.755015 0.421488 0.763696
0 0.428977 0.712577 0.435950 0.699074 0.420196 0.696567
0 0.465134 0.672068 0.474690 0.673997 0.471203 0.646412
0 0.554236 0.596836 0.543130 0.606481 0.558368 0.630980
0 0.489669 0.557099 0.483213 0.542824 0.472882 0.556713
0 0.459969 0.623843 0.457386 0.603395 0.435692 0.617477
0 0.356663 0.622685 0.366994 0.631559 0.374354 0.603588
0 0.361829 0.445216 0.370868 0.447145 0.368544 0.422647
0 0.305527 0.530093 0.315857 0.530093 0.310692 0.494985
0 0.274535 0.533951 0.266271 0.515818 0.284608 0.509838
0 0.257748 0.497299 0.265496 0.508873 0.250387 0.520447
0 0.270661 0.459877 0.259039 0.462577 0.264850 0.491706
0 0.243027 0.483025 0.252583 0.466435 0.234892 0.450232
0 0.165548 0.476080 0.177169 0.486883 0.179752 0.458912
0 0.191890 0.505015 0.195248 0.520448 0.177815 0.521991
0 0.212552 0.584105 0.222366 0.584105 0.217459 0.552277
0 0.199122 0.589892 0.210744 0.595679 0.204933 0.625579
0 0.179752 0.652778 0.189308 0.645833 0.178332 0.624228
0 0.195764 0.643904 0.199122 0.658565 0.181947 0.663195
0 0.237862 0.715278 0.249483 0.709491 0.237216 0.682484
0 0.267562 0.714506 0.279700 0.712577 0.269112 0.683642
0 0.270145 0.769290 0.280992 0.772377 0.277506 0.739583
0 0.324380 0.743441 0.336002 0.737654 0.325284 0.716821
0 0.358471 0.741512 0.372159 0.737654 0.363766 0.711612
0 0.403667 0.702932 0.408316 0.717207 0.392820 0.719715
0 0.227531 0.788580 0.243027 0.788580 0.236183 0.757330
0 0.195248 0.766590 0.208678 0.760802 0.197443 0.731289
0 0.135847 0.681713 0.142820 0.672068 0.148114 0.700039
0 0.124225 0.631559 0.135072 0.630401 0.130036 0.656057
0 0.150052 0.622685 0.138946 0.628472 0.148631 0.655479
0 0.154442 0.796296 0.146178 0.780093 0.163224 0.767361
0 0.091167 0.801312 0.080837 0.788580 0.091813 0.771412
0 0.075671 0.742284 0.075671 0.724151 0.096978 0.734760
0 0.085486 0.709491 0.075155 0.709491 0.083548 0.737075
0 0.128616 0.697917 0.119060 0.703704 0.130036 0.725502
0 0.115186 0.684414 0.122159 0.684414 0.117381 0.712384
0 0.106147 0.686343 0.113895 0.673997 0.124483 0.700039
0 0.106147 0.676698 0.115186 0.684414 0.116735 0.657987
0 0.084711 0.695988 0.094525 0.685571 0.098657 0.712963
0 0.104855 0.689429 0.091167 0.687500 0.099303 0.662423
0 0.079545 0.674769 0.084711 0.657407 0.101498 0.678241
0 0.125517 0.589120 0.114411 0.599537 0.128615 0.619984
0 0.110021 0.602623 0.124225 0.602623 0.117123 0.632523
0 0.111312 0.593750 0.115186 0.616127 0.136105 0.603588
0 0.094525 0.648920 0.104081 0.645062 0.099303 0.620371
0 0.083419 0.632330 0.088585 0.645062 0.098915 0.626158
0 0.087293 0.609182 0.086777 0.613040 0.105371 0.596643
0 0.087293 0.562114 0.087293 0.574460 0.105759 0.561921
0 0.080320 0.562114 0.083419 0.582176 0.103822 0.572145
0 0.071281 0.574460 0.080320 0.562114 0.077996 0.593943
0 0.113895 0.537037 0.124225 0.549383 0.125775 0.518133
0 0.099690 0.528164 0.093233 0.515818 0.107050 0.500193
0 0.081612 0.499228 0.094525 0.498457 0.088068 0.531636
0 0.084194 0.486883 0.091942 0.494599 0.091297 0.467978
0 0.369576 0.826389 0.372676 0.809028 0.356534 0.809993
0 0.333936 0.858025 0.339101 0.871528 0.351756 0.851852
0 0.315341 0.847608 0.306302 0.851466 0.306302 0.823495
0 0.310692 0.870756 0.301653 0.880401 0.296488 0.857639
0 0.260331 0.841821 0.250000 0.825231 0.265496 0.814815
0 0.253357 0.802083 0.267562 0.801312 0.260460 0.772762
0 0.222882 0.841821 0.228822 0.836034 0.219783 0.817130
0 0.239153 0.876543 0.250775 0.869599 0.239799 0.844135
0 0.212552 0.925540 0.223657 0.930556 0.221333 0.891397
0 0.231921 0.907407 0.238378 0.915123 0.245867 0.891975
0 0.228822 0.930556 0.237087 0.934414 0.238766 0.913580
0 0.280992 0.927469 0.270661 0.926698 0.275826 0.897570
0 0.274535 0.938272 0.280992 0.927469 0.265496 0.920332
0 0.302428 0.932485 0.310176 0.923611 0.299458 0.912230
0 0.323605 0.919753 0.313275 0.927469 0.306559 0.894676
0 0.339876 0.936343 0.349432 0.927469 0.337810 0.913581
0 0.355372 0.937114 0.361054 0.922840 0.345558 0.906250
0 0.367510 0.935185 0.372676 0.926698 0.357180 0.903935
0 0.385072 0.927469 0.375258 0.935185 0.371514 0.900463
0 0.408833 0.926698 0.401860 0.940972 0.387267 0.923611
0 0.197831 0.890046 0.189308 0.871528 0.206095 0.865934
0 0.189308 0.912037 0.177169 0.915895 0.180011 0.882716
0 0.162965 0.927469 0.153151 0.921682 0.162190 0.900077
0 0.150568 0.883102 0.158316 0.890046 0.163482 0.860532
0 0.139721 0.841821 0.133264 0.849537 0.141916 0.862461
0 0.132490 0.789738 0.139721 0.778164 0.144112 0.801697
0 0.113120 0.817515 0.106663 0.807870 0.121513 0.794946
0 0.126808 0.836806 0.133264 0.842593 0.127066 0.861883
0 0.146178 0.918981 0.131973 0.920910 0.139076 0.890046
0 0.100981 0.831019 0.104855 0.817515 0.120997 0.827739
0 0.097107 0.817515 0.109246 0.822531 0.107696 0.796875
0 0.104081 0.852238 0.104081 0.832176 0.125775 0.842207
0 0.107955 0.881173 0.119576 0.879244 0.113765 0.858025
0 0.071798 0.817515 0.077738 0.831019 0.090522 0.807870
0 0.098399 0.120370 0.093750 0.131944 0.115444 0.132330
0 0.087035 0.128086 0.093750 0.115741 0.107438 0.137346
0 0.088843 0.162037 0.093233 0.149691 0.105501 0.164930
0 0.085486 0.148148 0.092200 0.136574 0.105114 0.158179
0 0.086260 0.178241 0.088068 0.168981 0.095816 0.181712
0 0.086260 0.203704 0.089618 0.191358 0.108342 0.198688
0 0.091167 0.211420 0.094783 0.222994 0.103434 0.201582
0 0.099948 0.290123 0.099948 0.290123 0.119835 0.273919
0 0.088585 0.284722 0.091167 0.271605 0.108471 0.278164
0 0.091167 0.295525 0.097624 0.284722 0.103305 0.310571
0 0.085486 0.291667 0.097624 0.284722 0.095300 0.312500
0 0.091426 0.265432 0.099174 0.273148 0.107051 0.257330
0 0.089618 0.251543 0.091167 0.271605 0.113637 0.258873
0 0.079287 0.260031 0.087293 0.252315 0.088843 0.275849
0 0.089876 0.246914 0.099948 0.260031 0.106018 0.226273
0 0.087035 0.242284 0.088843 0.229938 0.108730 0.236111
0 0.088068 0.216821 0.088843 0.224537 0.109504 0.220679
0 0.086002 0.234568 0.087035 0.219136 0.109246 0.226852
0 0.116477 0.932099 0.116994 0.935185 0.131973 0.918210
0 0.106147 0.928241 0.099948 0.912809 0.118802 0.909336
0 0.099174 0.925926 0.095816 0.912037 0.113507 0.905864
0 0.122676 0.941358 0.129907 0.930556 0.115832 0.917439
0 0.090651 0.898920 0.100207 0.891204 0.103564 0.911652
0 0.079545 0.888117 0.090651 0.898920 0.102402 0.875772
0 0.081870 0.862654 0.089618 0.848765 0.101369 0.867862
0 0.083678 0.848765 0.091426 0.859568 0.102144 0.836034
0 0.076705 0.903549 0.089618 0.911265 0.087035 0.880401
0 0.079545 0.836420 0.081870 0.817901 0.098011 0.834105
