0 0.511493 0.501929 0.014205 0.028550
0 0.522856 0.396605 0.013172 0.010802
0 0.586002 0.513310 0.011880 0.027392
0 0.709711 0.540991 0.011363 0.026813
0 0.475465 0.129051 0.020144 0.020447
0 0.389204 0.134645 0.029442 0.020834
0 0.393337 0.084008 0.009814 0.023727
0 0.389463 0.049576 0.010330 0.027392
0 0.406637 0.049190 0.004907 0.028164
0 0.428332 0.046682 0.012138 0.033951
0 0.441890 0.042438 0.018078 0.023920
0 0.560951 0.115934 0.020661 0.015817
0 0.550361 0.081887 0.016012 0.025656
0 0.546100 0.064815 0.012138 0.023919
0 0.575930 0.076003 0.025826 0.020062
0 0.610667 0.047357 0.014204 0.026042
0 0.651860 0.043017 0.012397 0.029707
0 0.658575 0.094039 0.009297 0.028356
0 0.651472 0.122106 0.019370 0.026620
0 0.613379 0.187500 0.026343 0.020062
0 0.685175 0.158565 0.020145 0.022376
0 0.680268 0.212577 0.018595 0.016204
0 0.696281 0.222222 0.019628 0.015432
0 0.750000 0.222222 0.020661 0.015432
0 0.772082 0.198110 0.019886 0.031250
0 0.689308 0.062500 0.020145 0.014660
0 0.774406 0.033950 0.015238 0.014660
0 0.744835 0.040123 0.008265 0.017747
0 0.766917 0.060571 0.014721 0.024691
0 0.738378 0.054881 0.013946 0.018711
0 0.733342 0.049768 0.016270 0.015432
0 0.722237 0.050540 0.010073 0.035494
0 0.716942 0.043982 0.012396 0.031636
0 0.818052 0.034432 0.018853 0.015625
0 0.849432 0.031829 0.017046 0.015046
0 0.863120 0.037616 0.021694 0.018904
0 0.841296 0.125964 0.020919 0.018904
0 0.856275 0.141397 0.018853 0.017361
0 0.812629 0.192901 0.020403 0.018518
0 0.762267 0.270062 0.018337 0.015432
0 0.798682 0.251157 0.012655 0.023919
0 0.833678 0.250964 0.010331 0.024305
0 0.821669 0.243056 0.013172 0.029321
0 0.823606 0.267651 0.017046 0.014467
0 0.808368 0.296875 0.015496 0.027392
0 0.798812 0.349152 0.023244 0.020833
0 0.865186 0.278935 0.010330 0.030093
0 0.878358 0.249614 0.016013 0.027006
0 0.896694 0.056521 0.013429 0.009645
0 0.897211 0.070216 0.023760 0.016204
0 0.898631 0.080247 0.015754 0.014660
0 0.909220 0.120467 0.014205 0.019868
0 0.907412 0.130015 0.014721 0.020834
0 0.887784 0.167438 0.014721 0.020062
0 0.912319 0.245370 0.018337 0.015432
0 0.912836 0.255401 0.016270 0.020062
0 0.912061 0.272376 0.016787 0.020062
0 0.907412 0.155865 0.014721 0.021605
0 0.893725 0.202161 0.022469 0.010802
0 0.907800 0.179977 0.016012 0.024306
0 0.904829 0.196180 0.022985 0.021219
0 0.908445 0.201389 0.018854 0.015432
0 0.916323 0.191937 0.012397 0.029706
0 0.909608 0.295139 0.022727 0.013118
0 0.909737 0.303048 0.016271 0.023534
0 0.906508 0.327161 0.018595 0.021605
0 0.783704 0.501350 0.022469 0.015818
0 0.818828 0.524595 0.025568 0.024498
0 0.855889 0.607928 0.009297 0.028742
0 0.906508 0.576003 0.008264 0.027006
0 0.816762 0.478781 0.016271 0.013118
0 0.855888 0.470583 0.016529 0.016011
0 0.852015 0.373553 0.011881 0.035687
0 0.876807 0.344907 0.008781 0.024692
0 0.865961 0.360918 0.011880 0.031250
0 0.914773 0.357060 0.017562 0.023534
0 0.913482 0.377700 0.018078 0.017747
0 0.912965 0.389853 0.019112 0.012731
0 0.905992 0.423611 0.021694 0.019290
0 0.922004 0.421392 0.010330 0.023727
0 0.910770 0.448978 0.012139 0.027199
0 0.918389 0.453221 0.010331 0.018711
0 0.911932 0.494406 0.019112 0.019676
0 0.922004 0.485050 0.013429 0.021412
0 0.316632 0.308063 0.012397 0.027392
0 0.317149 0.263695 0.020661 0.001929
0 0.272727 0.249808 0.012397 0.021219
0 0.337422 0.140818 0.013172 0.028550
0 0.331741 0.065008 0.021436 0.015046
0 0.297520 0.037616 0.020661 0.014275
0 0.276472 0.062500 0.024018 0.014660
0 0.307851 0.125000 0.011364 0.024692
0 0.267174 0.170718 0.014205 0.032793
0 0.281508 0.130401 0.021694 0.018518
0 0.291903 0.104359 0.020532 0.016589
0 0.244964 0.109857 0.013172 0.022955
0 0.244447 0.063272 0.018853 0.016203
0 0.218750 0.055170 0.013946 0.029321
0 0.215392 0.076678 0.016529 0.022955
0 0.187758 0.087288 0.013946 0.034915
0 0.187242 0.156636 0.013946 0.026234
0 0.187758 0.046489 0.010847 0.024306
0 0.171488 0.046875 0.011363 0.026620
0 0.134104 0.076775 0.016142 0.020834
0 0.100336 0.065683 0.013688 0.023341
0 0.091554 0.084201 0.011105 0.021027
0 0.119189 0.112944 0.013171 0.029128
0 0.110408 0.119406 0.015238 0.028936
0 0.102790 0.141204 0.012913 0.030864
0 0.087681 0.142168 0.012138 0.028164
0 0.118866 0.171104 0.017691 0.021219
0 0.150181 0.199074 0.010072 0.027778
0 0.146695 0.139660 0.010331 0.020061
0 0.155282 0.157794 0.019757 0.020833
0 0.229597 0.292438 0.012914 0.024691
0 0.165935 0.358218 0.015754 0.023534
0 0.136041 0.351852 0.022598 0.015432
0 0.142045 0.315201 0.012397 0.020834
0 0.096978 0.236883 0.016787 0.020062
0 0.093233 0.250579 0.018078 0.021990
0 0.103693 0.270448 0.020403 0.014661
0 0.109504 0.346451 0.021694 0.026234
0 0.083355 0.339313 0.010201 0.027392
0 0.085809 0.312693 0.010459 0.023534
0 0.103564 0.283950 0.025310 0.021605
0 0.089876 0.297454 0.010330 0.028550
0 0.263430 0.425540 0.013430 0.023920
0 0.216103 0.375386 0.013818 0.023919
0 0.205320 0.402585 0.011880 0.029706
0 0.228370 0.577257 0.022082 0.020254
0 0.088391 0.409529 0.017174 0.020448
0 0.093621 0.429398 0.018853 0.015432
0 0.146178 0.518518 0.019628 0.015433
0 0.126808 0.489873 0.020145 0.017168
0 0.088907 0.471547 0.018725 0.022955
0 0.093557 0.489777 0.025439 0.014275
0 0.115638 0.509838 0.021565 0.017362
0 0.120352 0.525656 0.022727 0.026620
0 0.083225 0.541474 0.015108 0.023534
0 0.117768 0.627797 0.013429 0.030671
0 0.084711 0.600019 0.015496 0.034529
0 0.089488 0.566165 0.010589 0.026620
0 0.085485 0.573109 0.012913 0.025077
0 0.348399 0.695698 0.022211 0.021026
0 0.478822 0.706790 0.023761 0.014660
0 0.478693 0.727237 0.018337 0.026235
0 0.416581 0.849344 0.012913 0.027392
0 0.399923 0.867863 0.012138 0.015046
0 0.317278 0.830632 0.022985 0.021605
0 0.284091 0.882523 0.016529 0.011960
0 0.257231 0.859182 0.017562 0.033950
0 0.215909 0.817516 0.012396 0.026234
0 0.176136 0.772377 0.021695 0.019291
0 0.128616 0.836227 0.007748 0.027392
0 0.121255 0.786458 0.012138 0.029707
0 0.281250 0.934220 0.020145 0.016590
0 0.251226 0.931713 0.013301 0.026235
0 0.227272 0.921296 0.009297 0.028550
0 0.239218 0.921682 0.010459 0.029321
0 0.251227 0.942901 0.017691 0.013118
0 0.229726 0.905864 0.013172 0.025463
0 0.193698 0.848572 0.008265 0.025077
0 0.190857 0.870756 0.020144 0.013889
0 0.197443 0.901813 0.016787 0.019676
0 0.196669 0.929205 0.013172 0.026620
0 0.191633 0.925154 0.014463 0.028550
0 0.329287 0.931906 0.021178 0.021219
0 0.345558 0.939621 0.012396 0.021219
0 0.100465 0.661073 0.008781 0.028935
0 0.082064 0.677372 0.016399 0.022569
0 0.087229 0.643133 0.012784 0.030864
0 0.083161 0.646412 0.018595 0.024305
0 0.084710 0.698110 0.018079 0.015818
0 0.084646 0.703704 0.017949 0.025463
0 0.082645 0.733025 0.016529 0.030092
0 0.085808 0.752122 0.020791 0.024306
0 0.099045 0.783565 0.013172 0.012346
0 0.088649 0.779321 0.012526 0.027006
0 0.077932 0.776621 0.009685 0.018518
0 0.085421 0.768904 0.021566 0.026234
0 0.087874 0.796296 0.019241 0.011574
0 0.091297 0.828125 0.018337 0.019676
0 0.088843 0.811342 0.023760 0.013889
0 0.085098 0.833140 0.022469 0.023534
0 0.116219 0.886188 0.013430 0.027778
0 0.088714 0.862268 0.024536 0.018519
0 0.462810 0.861980 0.009298 0.016011
0 0.468233 0.860340 0.023244 0.017747
0 0.171617 0.892843 0.006457 0.029899
0 0.167743 0.904610 0.010589 0.032600
0 0.162707 0.924672 0.011880 0.020254
0 0.167678 0.922840 0.012526 0.027007
0 0.165483 0.944831 0.014850 0.013889
0 0.150052 0.920525 0.008265 0.031636
0 0.129519 0.927180 0.018853 0.026042
0 0.139140 0.934896 0.012267 0.026042
0 0.134491 0.937403 0.010718 0.025656
0 0.127453 0.930556 0.016271 0.027006
0 0.105953 0.926891 0.018208 0.011189
0 0.092717 0.922839 0.011880 0.011575
0 0.102531 0.912230 0.012397 0.021220
0 0.095428 0.911651 0.022469 0.015432
0 0.089102 0.895351 0.016529 0.031442
0 0.517304 0.835262 0.024794 0.011574
0 0.506456 0.840471 0.019112 0.021990
0 0.658445 0.850405 0.011622 0.029899
0 0.669421 0.922068 0.013946 0.023148
0 0.662513 0.924383 0.022340 0.023920
0 0.640432 0.898630 0.017175 0.027585
0 0.643853 0.907215 0.023244 0.018133
0 0.600077 0.930652 0.013688 0.019868
0 0.578642 0.927662 0.012655 0.025077
0 0.547392 0.932291 0.017304 0.020447
0 0.514914 0.932870 0.017433 0.016976
0 0.511880 0.930362 0.024276 0.016589
0 0.491929 0.889275 0.020016 0.015432
0 0.479727 0.936149 0.020403 0.016589
0 0.475465 0.934799 0.023244 0.019290
0 0.445506 0.916667 0.015496 0.020833
0 0.410898 0.927855 0.010331 0.030864
0 0.451705 0.932581 0.014979 0.023726
0 0.439759 0.935571 0.019499 0.015432
0 0.426524 0.924768 0.013172 0.029321
0 0.419422 0.926794 0.009815 0.030672
0 0.359505 0.917053 0.010847 0.030865
0 0.349948 0.917535 0.007748 0.029900
0 0.353306 0.926601 0.011364 0.033372
0 0.377582 0.914641 0.007231 0.022570
0 0.372740 0.930170 0.006070 0.023920
0 0.377131 0.922646 0.010460 0.028164
0 0.381586 0.929591 0.011622 0.028936
0 0.386945 0.936921 0.019241 0.026620
0 0.522082 0.683642 0.009556 0.029321
0 0.685757 0.745370 0.018983 0.027006
0 0.782412 0.710841 0.021953 0.015046
0 0.768466 0.712963 0.019370 0.024691
0 0.779248 0.735725 0.017949 0.015432
0 0.819538 0.687210 0.018983 0.022183
0 0.750129 0.811149 0.021953 0.017361
0 0.721333 0.816936 0.019628 0.017361
0 0.735279 0.853684 0.018078 0.016011
0 0.727015 0.882234 0.012913 0.031829
0 0.826511 0.830729 0.016917 0.016782
0 0.735796 0.924769 0.017046 0.015432
0 0.723140 0.920139 0.010331 0.023148
0 0.753874 0.905961 0.013430 0.032214
0 0.773954 0.912423 0.014850 0.027006
0 0.796488 0.915992 0.014463 0.023727
0 0.809659 0.919560 0.012913 0.026620
0 0.835357 0.904321 0.020403 0.014660
0 0.828577 0.914545 0.018983 0.022763
0 0.846720 0.883777 0.018337 0.018325
0 0.834323 0.884452 0.024535 0.015818
0 0.880811 0.902488 0.010072 0.029899
0 0.838133 0.846064 0.020790 0.016975
0 0.837294 0.786844 0.012397 0.030478
0 0.842458 0.730517 0.016012 0.014274
0 0.909930 0.793789 0.018982 0.015047
0 0.930915 0.834877 0.011105 0.026235
0 0.929365 0.856192 0.011622 0.026042
0 0.929688 0.770255 0.009427 0.031250
0 0.932206 0.795814 0.013688 0.031058
0 0.890625 0.697917 0.011622 0.033950
0 0.914514 0.719521 0.023243 0.013889
0 0.930914 0.732638 0.018337 0.025463
0 0.927234 0.680170 0.013301 0.032407
0 0.924393 0.694830 0.014850 0.027778
0 0.910899 0.888310 0.009814 0.032794
0 0.899600 0.901814 0.014076 0.025077
0 0.897857 0.900849 0.012139 0.027006
