0 0.236874 0.805770 0.249695 0.811459 0.236569 0.840715
0 0.250305 0.922389 0.241758 0.938236 0.221917 0.911824
0 0.307082 0.940268 0.312271 0.926859 0.287699 0.920357
0 0.308608 0.913856 0.317155 0.930516 0.331654 0.907355
0 0.379731 0.727347 0.385226 0.752133 0.409188 0.735880
0 0.101648 0.829338 0.111111 0.813490 0.134768 0.842747
0 0.091270 0.759447 0.105922 0.761479 0.098596 0.793986
0 0.068987 0.822024 0.079670 0.837058 0.057692 0.853109
0 0.029915 0.911824 0.021368 0.889069 0.053725 0.880536
0 0.025641 0.891914 0.037851 0.887038 0.028236 0.853718
0 0.027167 0.785047 0.044872 0.781390 0.036020 0.817351
0 0.071123 0.652580 0.082723 0.655425 0.080128 0.619058
0 0.047009 0.542869 0.062576 0.547745 0.050519 0.578830
0 0.053419 0.369768 0.059829 0.385616 0.083639 0.363471
0 0.081807 0.501829 0.098901 0.501829 0.090354 0.468915
0 0.109585 0.522958 0.102564 0.503860 0.133089 0.499187
0 0.233211 0.425437 0.251221 0.425437 0.242216 0.465055
0 0.265873 0.518895 0.279609 0.520926 0.272741 0.491670
0 0.254579 0.341325 0.253053 0.361235 0.224359 0.351280
0 0.256716 0.298659 0.264652 0.285250 0.244353 0.275904
0 0.194139 0.247460 0.210623 0.252336 0.201771 0.290126
0 0.187729 0.224705 0.187729 0.247460 0.160104 0.236083
0 0.137973 0.271434 0.126068 0.282406 0.119200 0.257416
0 0.066239 0.261682 0.061355 0.284437 0.097985 0.280577
0 0.375458 0.240146 0.371184 0.258025 0.357295 0.247664
0 0.337912 0.252336 0.346154 0.238927 0.326313 0.237708
0 0.458486 0.263714 0.452076 0.280780 0.472680 0.285047
0 0.436508 0.263714 0.450855 0.255993 0.437271 0.227753
0 0.053419 0.235270 0.064713 0.244616 0.067003 0.211500
0 0.089133 0.173507 0.092491 0.189760 0.111111 0.175945
0 0.163004 0.199106 0.172772 0.184072 0.152931 0.164161
0 0.168498 0.164974 0.178571 0.179195 0.190171 0.151767
0 0.229853 0.143438 0.215507 0.153596 0.228938 0.179805
0 0.241148 0.170662 0.234127 0.187729 0.255036 0.186713
0 0.280830 0.184072 0.293651 0.184072 0.287241 0.222877
0 0.332723 0.228362 0.317155 0.227550 0.324939 0.191995
0 0.367521 0.186103 0.384005 0.186103 0.375763 0.227143
0 0.419414 0.147095 0.426435 0.163348 0.402778 0.164568
0 0.401099 0.126371 0.411783 0.142219 0.386142 0.150954
0 0.382479 0.132873 0.380342 0.153596 0.354396 0.138562
0 0.404457 0.108492 0.411783 0.120683 0.388278 0.125965
0 0.348291 0.072328 0.341270 0.091426 0.363706 0.090410
0 0.326313 0.102804 0.341270 0.107273 0.336997 0.082283
0 0.322039 0.039415 0.332112 0.026818 0.336997 0.054246
0 0.341270 0.036570 0.352564 0.020317 0.367216 0.047745
0 0.300061 0.026818 0.317766 0.026006 0.308914 0.060545
0 0.300672 0.132873 0.282357 0.123527 0.293651 0.095489
0 0.283883 0.138562 0.287241 0.117838 0.255953 0.125356
0 0.241758 0.139374 0.256716 0.146282 0.254884 0.117838
0 0.277473 0.026818 0.292125 0.034539 0.282204 0.066640
0 0.258242 0.066640 0.263736 0.081674 0.240690 0.082690
0 0.201160 0.030882 0.211844 0.021130 0.222527 0.050589
0 0.180098 0.023974 0.196276 0.023974 0.188187 0.060951
0 0.155067 0.075173 0.156593 0.093052 0.183150 0.082690
0 0.172772 0.028037 0.163004 0.020317 0.160715 0.045916
0 0.168498 0.115807 0.169414 0.100772 0.141636 0.108289
0 0.139499 0.095083 0.148657 0.081674 0.130952 0.070906
0 0.141636 0.051605 0.143773 0.071516 0.121795 0.061560
0 0.061355 0.040228 0.079060 0.026818 0.085165 0.061967
0 0.047009 0.084518 0.056166 0.104429 0.073718 0.079439
0 0.042735 0.122714 0.036325 0.105648 0.059829 0.104226
0 0.072039 0.123527 0.053419 0.117026 0.060592 0.151564
0 0.049145 0.230394 0.061355 0.219829 0.048840 0.191995
0 0.032051 0.195449 0.042735 0.196262 0.037393 0.223689
0 0.509158 0.235270 0.516178 0.243803 0.529151 0.222471
0 0.517094 0.297440 0.530525 0.308818 0.509920 0.329134
0 0.672772 0.340106 0.679182 0.353515 0.693376 0.334010
0 0.694750 0.277529 0.703907 0.261682 0.723443 0.286672
0 0.723138 0.263714 0.710928 0.269403 0.715964 0.242787
0 0.689866 0.223893 0.699023 0.225518 0.695513 0.196668
0 0.667582 0.194636 0.668498 0.212515 0.688949 0.203576
0 0.763736 0.301503 0.779304 0.308005 0.773657 0.280577
0 0.808303 0.290126 0.824786 0.286063 0.815476 0.257822
0 0.797619 0.218204 0.809219 0.232426 0.811508 0.209264
0 0.701160 0.161317 0.696886 0.179195 0.721764 0.176555
0 0.738095 0.119870 0.722527 0.129216 0.739469 0.150955
0 0.772283 0.088582 0.759463 0.103616 0.780678 0.124949
0 0.750916 0.059325 0.744505 0.075173 0.764042 0.073547
0 0.724664 0.097115 0.735348 0.112150 0.711081 0.122715
0 0.650488 0.082080 0.666361 0.078017 0.658424 0.117432
0 0.636447 0.117838 0.643468 0.129216 0.631105 0.135311
0 0.610195 0.132873 0.623016 0.134905 0.615538 0.161723
0 0.572344 0.099147 0.587302 0.097928 0.579823 0.131045
0 0.601648 0.110118 0.586691 0.117026 0.588828 0.090005
0 0.554029 0.053637 0.559524 0.069484 0.576007 0.054043
0 0.571734 0.041447 0.588828 0.034539 0.588828 0.067656
0 0.601648 0.049573 0.591575 0.056481 0.609432 0.076189
0 0.649267 0.083706 0.644994 0.101991 0.623321 0.092035
0 0.623626 0.077204 0.633700 0.063795 0.612027 0.059731
0 0.608059 0.044291 0.617827 0.032913 0.631868 0.059731
0 0.658425 0.028850 0.670635 0.034539 0.660562 0.055465
0 0.640110 0.045104 0.652625 0.031694 0.658578 0.061560
0 0.668498 0.104429 0.661172 0.087769 0.679639 0.085534
0 0.691087 0.028850 0.701160 0.042259 0.678419 0.052012
0 0.692613 0.062983 0.709707 0.054449 0.705739 0.080455
0 0.742369 0.044291 0.750916 0.059325 0.729548 0.063998
0 0.720391 0.028850 0.709707 0.045916 0.727106 0.052012
0 0.704518 0.030882 0.693834 0.038602 0.707418 0.054043
0 0.558303 0.106461 0.572344 0.099147 0.560287 0.078627
0 0.525641 0.030882 0.539072 0.025193 0.532357 0.058310
0 0.479243 0.055262 0.478022 0.071516 0.502900 0.063795
0 0.509158 0.169037 0.523504 0.161317 0.513583 0.134498
0 0.502137 0.117026 0.506410 0.100772 0.482295 0.103211
0 0.465201 0.204795 0.478022 0.214141 0.478327 0.186713
0 0.434676 0.154002 0.428266 0.136936 0.457417 0.132060
0 0.420940 0.120683 0.427350 0.140593 0.447649 0.126371
0 0.422466 0.115807 0.412698 0.108492 0.427503 0.096100
0 0.416667 0.067859 0.425214 0.084925 0.402168 0.084925
0 0.420940 0.027225 0.426740 0.046729 0.399420 0.047948
0 0.462149 0.035758 0.453907 0.018692 0.436966 0.036977
0 0.486569 0.036570 0.474969 0.026006 0.468101 0.055872
0 0.458181 0.050792 0.444444 0.045916 0.449176 0.070499
0 0.851954 0.045104 0.855617 0.066640 0.820666 0.062170
0 0.941392 0.044291 0.948718 0.060138 0.923077 0.063186
0 0.874542 0.053637 0.864774 0.042259 0.855769 0.072125
0 0.864774 0.068671 0.881868 0.076392 0.864011 0.109305
0 0.876068 0.119870 0.862027 0.110524 0.863706 0.142625
0 0.829976 0.106461 0.847680 0.110524 0.838370 0.146282
0 0.841270 0.242584 0.833333 0.263714 0.859738 0.270622
0 0.862637 0.240959 0.858364 0.255181 0.882173 0.257416
0 0.844933 0.230394 0.853480 0.243803 0.869047 0.223892
0 0.906593 0.178383 0.915751 0.194636 0.889804 0.207640
0 0.884005 0.186916 0.884615 0.204795 0.861874 0.195856
0 0.908730 0.130028 0.913614 0.143438 0.890567 0.148111
0 0.865995 0.161317 0.861111 0.146282 0.883852 0.141406
0 0.953602 0.154002 0.959096 0.165380 0.937423 0.174319
0 0.935897 0.199106 0.919414 0.184072 0.921245 0.214751
0 0.947802 0.186103 0.961233 0.199106 0.943223 0.213531
0 0.959096 0.178383 0.971306 0.176351 0.965201 0.146282
0 0.953602 0.110524 0.963370 0.122714 0.947497 0.137343
0 0.945055 0.119870 0.953602 0.128403 0.933608 0.141609
0 0.962149 0.085738 0.962759 0.067859 0.933608 0.076798
0 0.955739 0.104835 0.959096 0.090614 0.936050 0.095692
0 0.952991 0.120683 0.950855 0.104835 0.929792 0.113165
0 0.930098 0.065014 0.940171 0.080861 0.917735 0.087769
0 0.941392 0.071516 0.956960 0.078017 0.940019 0.109915
0 0.849206 0.298659 0.849206 0.316538 0.875457 0.307598
0 0.838523 0.340106 0.841880 0.357985 0.864469 0.340106
0 0.873321 0.402682 0.888278 0.396993 0.875152 0.363470
0 0.858364 0.360016 0.869658 0.372206 0.847986 0.388866
0 0.910867 0.399837 0.928571 0.403495 0.921245 0.361845
0 0.946581 0.273872 0.962149 0.273872 0.954365 0.306989
0 0.968559 0.296627 0.955739 0.282406 0.948565 0.319383
0 0.951465 0.293783 0.962759 0.288907 0.949939 0.263105
0 0.972833 0.328728 0.956960 0.327915 0.964897 0.364283
0 0.942308 0.401463 0.962759 0.403495 0.952534 0.436002
0 0.720391 0.463226 0.726190 0.480293 0.743895 0.457538
0 0.758852 0.453881 0.749695 0.438846 0.765568 0.440675
0 0.757326 0.520114 0.768620 0.528647 0.772284 0.502641
0 0.824176 0.463226 0.829976 0.478667 0.804335 0.483137
0 0.861111 0.453068 0.863248 0.434783 0.837607 0.443925
0 0.869048 0.439659 0.871184 0.456725 0.895300 0.447786
0 0.862637 0.542869 0.877595 0.542869 0.870116 0.507314
0 0.888889 0.547338 0.900794 0.539212 0.888126 0.517675
0 0.972833 0.492483 0.978327 0.509549 0.954212 0.511581
0 0.968559 0.566436 0.974969 0.577814 0.956502 0.588175
0 0.916667 0.637546 0.935897 0.635514 0.926282 0.665787
0 0.942002 0.676961 0.953602 0.682649 0.951313 0.648720
0 0.964896 0.713125 0.974969 0.705404 0.963217 0.685697
0 0.974969 0.722471 0.961233 0.711906 0.960317 0.744210
0 0.930708 0.756603 0.947802 0.757416 0.939255 0.717189
0 0.905067 0.711093 0.892247 0.704592 0.893010 0.738115
0 0.793651 0.503048 0.808608 0.503860 0.801130 0.545713
0 0.819902 0.428281 0.831197 0.438846 0.816240 0.453474
0 0.661477 0.547338 0.648657 0.539212 0.658883 0.520926
0 0.713370 0.676961 0.724664 0.661926 0.731074 0.691183
0 0.690476 0.698903 0.710317 0.687525 0.705739 0.726737
0 0.695665 0.756603 0.699023 0.734661 0.668803 0.743804
0 0.650794 0.655425 0.662088 0.665583 0.673229 0.638155
0 0.924298 0.514425 0.937118 0.503860 0.938950 0.532710
0 0.941392 0.554246 0.926435 0.553027 0.933914 0.523365
0 0.938645 0.491670 0.929487 0.482324 0.946428 0.466070
0 0.630647 0.626981 0.644383 0.617635 0.626984 0.589598
0 0.651404 0.771638 0.670635 0.774482 0.661019 0.810443
0 0.695360 0.760260 0.694139 0.777326 0.674451 0.767371
0 0.713980 0.829338 0.722527 0.850467 0.742674 0.834823
0 0.808608 0.823649 0.818987 0.806583 0.792736 0.796830
0 0.544872 0.911824 0.544872 0.935392 0.511447 0.923608
0 0.630037 0.874848 0.637057 0.894758 0.654914 0.880130
0 0.674908 0.940268 0.691087 0.934579 0.681166 0.908573
0 0.728938 0.865502 0.718254 0.884600 0.701923 0.855141
0 0.790598 0.896790 0.786325 0.913856 0.762973 0.899228
0 0.816239 0.943113 0.826313 0.935392 0.810593 0.923202
0 0.809829 0.948801 0.817766 0.935392 0.793956 0.928078
0 0.792735 0.942300 0.795788 0.925234 0.767705 0.931329
0 0.857448 0.946770 0.865995 0.931735 0.841881 0.921780
0 0.833944 0.938236 0.843407 0.952458 0.854243 0.936001
0 0.878816 0.947989 0.888889 0.937424 0.873474 0.913450
0 0.846154 0.886225 0.840354 0.903291 0.866301 0.904713
0 0.866606 0.883381 0.863248 0.910199 0.890262 0.901056
0 0.894383 0.948801 0.883700 0.941081 0.900489 0.923812
0 0.917888 0.930922 0.913004 0.943925 0.894078 0.929297
0 0.907814 0.862657 0.914225 0.851280 0.894078 0.839496
0 0.863858 0.778545 0.854701 0.795612 0.876679 0.804551
0 0.907204 0.822024 0.920635 0.814303 0.903693 0.785250
0 0.900183 0.889069 0.911477 0.901666 0.915445 0.874238
0 0.949328 0.933767 0.950855 0.916701 0.922772 0.924218
0 0.969170 0.890289 0.974969 0.903291 0.952533 0.905933
0 0.953602 0.915888 0.964896 0.906136 0.947191 0.889882
0 0.958486 0.833401 0.970696 0.827712 0.956502 0.803129
0 0.943529 0.286469 0.946276 0.304348 0.920025 0.299675
0 0.748779 0.263714 0.769536 0.259651 0.758089 0.227753
0 0.917277 0.522958 0.919109 0.529460 0.918040 0.536571
0 0.947497 0.506298 0.947497 0.498578 0.944292 0.494718
0 0.953602 0.561560 0.950855 0.563592 0.949329 0.562576
