0 0.512655 0.194059 0.512138 0.203704 0.479081 0.197145
0 0.546229 0.201775 0.552686 0.197145 0.528409 0.157407
0 0.574897 0.155478 0.583161 0.168596 0.603306 0.112654
0 0.662448 0.201003 0.660382 0.21412 0.625517 0.190586
0 0.472107 0.259645 0.473399 0.270833 0.50749 0.249228
0 0.491219 0.288194 0.489153 0.272762 0.522727 0.280478
0 0.457386 0.3125 0.465651 0.323302 0.486054 0.266204
0 0.43156 0.275849 0.437242 0.274691 0.445506 0.3125
0 0.418647 0.350694 0.41813 0.361111 0.453771 0.351466
0 0.471333 0.38966 0.475981 0.378858 0.511364 0.406636
0 0.513946 0.382716 0.514463 0.393133 0.551395 0.375386
0 0.544938 0.351466 0.547521 0.359954 0.565341 0.346836
0 0.383264 0.438657 0.390238 0.437886 0.394112 0.390432
0 0.322314 0.419753 0.324122 0.412037 0.359246 0.440586
0 0.284349 0.417052 0.287965 0.405478 0.312758 0.415895
0 0.323605 0.473765 0.330579 0.465278 0.320506 0.427469
0 0.341426 0.475694 0.348399 0.469907 0.368543 0.502315
0 0.34969 0.490741 0.355888 0.495756 0.381973 0.449074
0 0.374483 0.479552 0.373192 0.488812 0.403667 0.480324
0 0.445506 0.48804 0.450413 0.473765 0.415548 0.45679
0 0.283574 0.583719 0.284349 0.569444 0.327479 0.577932
0 0.248192 0.536265 0.25439 0.527778 0.276085 0.562114
0 0.267045 0.531636 0.273502 0.520448 0.293905 0.560185
0 0.279959 0.510031 0.279959 0.497685 0.317924 0.486111
0 0.25 0.440586 0.25439 0.432099 0.290548 0.462577
0 0.219008 0.439815 0.228564 0.433256 0.25 0.478395
0 0.222624 0.487269 0.228564 0.480324 0.25439 0.511574
0 0.218233 0.660494 0.226498 0.664352 0.234762 0.614969
0 0.280475 0.631173 0.283574 0.618056 0.321798 0.630401
0 0.286157 0.67091 0.28874 0.658565 0.321798 0.67284
0 0.544421 0.557099 0.549329 0.560957 0.524019 0.616898
0 0.51782 0.494599 0.524793 0.484182 0.544421 0.525849
0 0.472107 0.653935 0.479081 0.651235 0.477014 0.599923
0 0.619835 0.422454 0.625517 0.429398 0.600723 0.471836
0 0.670713 0.369599 0.687242 0.37037 0.683884 0.315586
0 0.23218 0.172454 0.232955 0.18287 0.279184 0.166667
0 0.236829 0.108796 0.239411 0.101466 0.283058 0.136574
0 0.29313 0.070988 0.302169 0.086034 0.269112 0.110725
0 0.225207 0.066358 0.232955 0.065201 0.226498 0.116512 0.225723 0.103009 0.22469 0.08912
0 0.222107 0.092978 0.225723 0.103009 0.197314 0.112654
0 0.188533 0.083333 0.196798 0.074074 0.21126 0.100309
0 0.183368 0.09375 0.193698 0.091821 0.201963 0.150849
0 0.18905 0.128858 0.200671 0.128858 0.188533 0.184799
0 0.173295 0.115741 0.180269 0.112654 0.182076 0.159336
0 0.28125 0.180941 0.283058 0.197917 0.236829 0.207562
0 0.208936 0.203704 0.21126 0.195216 0.239928 0.225694
0 0.239411 0.221836 0.239928 0.232253 0.203771 0.23804
0 0.223399 0.261574 0.229081 0.255015 0.256457 0.27662
0 0.259556 0.287037 0.25439 0.27392 0.290031 0.255015
0 0.279184 0.27392 0.286932 0.27392 0.28125 0.315586
0 0.169421 0.283565 0.177169 0.275849 0.191632 0.321373
0 0.199897 0.312886 0.208161 0.321373 0.225981 0.277778
0 0.169421 0.240741 0.175878 0.23804 0.18595 0.281636
0 0.171488 0.230324 0.175878 0.222608 0.198089 0.259645
0 0.170196 0.21412 0.178977 0.212191 0.192407 0.243441
0 0.178977 0.204861 0.181043 0.215278 0.213326 0.192515
0 0.168905 0.33642 0.175878 0.330633 0.184659 0.379244
0 0.186725 0.330633 0.178461 0.340278 0.198605 0.370756
0 0.212552 0.36304 0.204287 0.365741 0.213326 0.415123
0 0.170196 0.421682 0.174587 0.415123 0.204287 0.443673
0 0.171488 0.435185 0.179752 0.427469 0.191116 0.469136
0 0.300103 0.070216 0.30656 0.065201 0.315341 0.111883
0 0.331353 0.063657 0.339618 0.075617 0.309659 0.106096
0 0.339618 0.064429 0.347107 0.060571 0.368802 0.09838
0 0.331353 0.092978 0.337552 0.084491 0.362862 0.12037
0 0.317407 0.111883 0.321798 0.103395 0.352273 0.133488
0 0.34969 0.136574 0.359762 0.134645 0.356663 0.185571
0 0.327996 0.157407 0.332645 0.15162 0.34969 0.193287
0 0.310434 0.18017 0.319731 0.191358 0.331353 0.145833
0 0.338326 0.215278 0.340134 0.207562 0.320506 0.197917
0 0.343233 0.207562 0.341426 0.216049 0.373192 0.215278
0 0.359762 0.204861 0.365444 0.21142 0.387138 0.170525
0 0.442665 0.06713 0.44344 0.081019 0.403409 0.084105
0 0.438791 0.088735 0.443957 0.092978 0.420713 0.131944
0 0.450671 0.05517 0.459969 0.060957 0.441374 0.108025
0 0.450155 0.087963 0.458678 0.086034 0.473399 0.131944
0 0.481405 0.106867 0.483471 0.116898 0.522727 0.092978
0 0.530733 0.052083 0.534866 0.059799 0.508781 0.084877
0 0.546746 0.064043 0.554236 0.052855 0.587552 0.088735
0 0.60563 0.055941 0.606921 0.052083 0.627583 0.077932
0 0.649793 0.057099 0.653667 0.047068 0.683884 0.08179
0 0.307076 0.892747 0.317149 0.896991 0.319731 0.841821
0 0.277634 0.891975 0.285124 0.895833 0.310434 0.873843
0 0.280475 0.881944 0.283833 0.887731 0.301653 0.841049
0 0.260331 0.893904 0.269112 0.896991 0.283058 0.85108
0 0.293647 0.817901 0.298554 0.82716 0.329029 0.807099
0 0.389979 0.783951 0.391271 0.793981 0.353822 0.79321
0 0.321023 0.765046 0.323089 0.775077 0.358471 0.768133
0 0.27376 0.81713 0.277634 0.822917 0.303202 0.802083
0 0.258264 0.808256 0.263688 0.810957 0.2797 0.774306
0 0.240444 0.81713 0.250258 0.822145 0.2797 0.774306
0 0.208936 0.805941 0.216167 0.79321 0.240444 0.82716
0 0.252324 0.760031 0.259039 0.766975 0.275826 0.724151
0 0.292355 0.732253 0.297004 0.740355 0.322572 0.703318
0 0.180269 0.666281 0.176136 0.676312 0.213585 0.692515
0 0.20687 0.710262 0.176911 0.686343 0.184917 0.674383
0 0.190341 0.647377 0.163481 0.609568 0.173554 0.604552
0 0.199638 0.61767 0.174329 0.584491 0.168905 0.593364
0 0.192924 0.592593 0.170196 0.570602 0.176136 0.557485
0 0.191632 0.563657 0.165548 0.536651 0.174329 0.527778
0 0.200155 0.55054 0.172779 0.520833 0.174845 0.507716
0 0.205062 0.561728 0.188791 0.506559 0.199638 0.501929
0 0.20687 0.483796 0.176911 0.491898 0.180785 0.507716
0 0.654442 0.537809 0.64437 0.482639 0.654442 0.48071
0 0.687758 0.529707 0.654959 0.486883 0.662965 0.474923
0 0.6578 0.419753 0.643079 0.472994 0.654442 0.48071
0 0.614411 0.613426 0.627583 0.563657 0.633781 0.572531
0 0.587035 0.60571 0.563533 0.596451 0.570248 0.578704
0 0.556302 0.652392 0.533574 0.697145 0.544938 0.705247
0 0.587035 0.681327 0.606921 0.669367 0.626291 0.678241
0 0.673812 0.672454 0.643595 0.66358 0.642304 0.678241
0 0.680527 0.594522 0.694473 0.541667 0.704545 0.55054
0 0.741219 0.485725 0.709711 0.522762 0.721074 0.537809
0 0.695764 0.407022 0.730372 0.383102 0.734504 0.402006
0 0.224432 0.691358 0.20687 0.727238 0.196798 0.716435
0 0.213585 0.727238 0.173554 0.710262 0.17562 0.694444
0 0.210227 0.736111 0.170971 0.728395 0.173554 0.710262
0 0.202221 0.771219 0.170196 0.737269 0.180785 0.722222
0 0.237603 0.788966 0.205579 0.752315 0.214876 0.737269
0 0.259814 0.716435 0.210227 0.729167 0.213585 0.750386
0 0.401343 0.725309 0.367252 0.69946 0.36312 0.717207
0 0.401343 0.755015 0.361312 0.737269 0.369318 0.717207
0 0.424587 0.743056 0.390496 0.731096 0.390496 0.749228
0 0.4047 0.684414 0.440599 0.707176 0.433368 0.727238
0 0.466167 0.721451 0.440083 0.683256 0.433884 0.701389
0 0.456095 0.736111 0.420713 0.742284 0.422004 0.725309
0 0.365186 0.849923 0.394628 0.788194 0.40186 0.802083
0 0.454804 0.817901 0.428719 0.856096 0.422521 0.844907
0 0.497417 0.826003 0.464101 0.858796 0.458678 0.836034
0 0.504649 0.807099 0.469267 0.787037 0.466167 0.808256
0 0.520919 0.832176 0.491477 0.812886 0.502841 0.797068
0 0.534866 0.815972 0.50749 0.798225 0.502066 0.812886
0 0.520145 0.75733 0.518853 0.815972 0.50749 0.810957
0 0.528151 0.774306 0.527376 0.820216 0.537448 0.81713
0 0.564308 0.793981 0.5328 0.780093 0.536932 0.765046
0 0.580837 0.73804 0.562758 0.782022 0.548812 0.775077
0 0.622417 0.798997 0.581612 0.79321 0.584969 0.771991
0 0.625 0.824074 0.616994 0.88696 0.63094 0.88696
0 0.575671 0.856867 0.614411 0.885802 0.618285 0.870756
0 0.566116 0.881944 0.59814 0.853009 0.578254 0.88696
0 0.556818 0.864969 0.52686 0.893904 0.524019 0.880787
0 0.521436 0.861883 0.504649 0.902778 0.496126 0.893904
0 0.514205 0.85108 0.491477 0.89892 0.486054 0.890046
0 0.50155 0.842978 0.486054 0.890046 0.477273 0.883873
0 0.470816 0.863812 0.514721 0.885802 0.510072 0.903935
0 0.450671 0.866127 0.48218 0.881944 0.477273 0.896991
0 0.433368 0.866898 0.463326 0.885802 0.454804 0.899691
0 0.27376 0.841821 0.251033 0.812114 0.277634 0.822917
0 0.358471 0.861883 0.323864 0.846836 0.322572 0.86304
0 0.340393 0.873071 0.379907 0.86304 0.379132 0.880787
0 0.391271 0.844907 0.383781 0.900849 0.369835 0.891975
0 0.381973 0.846836 0.392562 0.897762 0.403151 0.891975
0 0.393337 0.841049 0.400052 0.902006 0.41064 0.900849
0 0.400052 0.829861 0.411415 0.888889 0.403151 0.891975
0 0.408058 0.856867 0.437242 0.890818 0.430527 0.899691
0 0.422004 0.834877 0.425878 0.88696 0.433884 0.887731
0 0.422004 0.89892 0.403151 0.863812 0.429236 0.890046
0 0.192924 0.814043 0.166839 0.774306 0.174845 0.766975
0 0.205579 0.805941 0.179494 0.774306 0.186209 0.762346
0 0.172262 0.762346 0.197572 0.771219 0.176911 0.752315
0 0.205579 0.812114 0.202996 0.861883 0.216942 0.861111
0 0.249742 0.863812 0.21436 0.837963 0.223657 0.820988
0 0.251033 0.839892 0.25439 0.896991 0.262397 0.890818
0 0.261105 0.837191 0.270403 0.885031 0.280475 0.881944
0 0.199638 0.810957 0.183626 0.846065 0.192924 0.854938
0 0.173554 0.864969 0.183626 0.812114 0.183626 0.86304
0 0.177686 0.880787 0.186983 0.832176 0.184917 0.881944
0 0.230114 0.869985 0.187758 0.890818 0.185176 0.875386
0 0.231663 0.854552 0.247676 0.885417 0.241477 0.890046
0 0.228048 0.896991 0.227531 0.883102 0.260072 0.888503
0 0.208419 0.884645 0.249742 0.880787 0.208419 0.896219
0 0.222366 0.900849 0.212035 0.864583 0.228048 0.896991
0 0.225465 0.83912 0.21875 0.88233 0.209452 0.874614
0 0.208419 0.865355 0.181043 0.883873 0.179494 0.866127
0 0.75439 0.623071 0.787448 0.645833 0.781508 0.663966
0 0.81405 0.622299 0.781508 0.660494 0.818957 0.637731
0 0.848915 0.692901 0.81405 0.662037 0.80811 0.682485
0 0.852273 0.706019 0.884298 0.692901 0.884814 0.707562
0 0.884298 0.713349 0.897469 0.67284 0.904959 0.680941
0 0.86312 0.739583 0.884814 0.707562 0.872417 0.753858
0 0.871126 0.762346 0.837552 0.770448 0.837552 0.752315
0 0.845041 0.805941 0.821281 0.760417 0.830579 0.75
0 0.842975 0.781636 0.876808 0.766204 0.877841 0.783179
0 0.85124 0.592978 0.875 0.550154 0.882748 0.564043
0 0.898502 0.512731 0.875517 0.546682 0.884298 0.555556
0 0.921746 0.54591 0.955579 0.520833 0.947831 0.50463
0 0.915289 0.57446 0.956612 0.558256 0.950155 0.542052
0 0.933884 0.602238 0.947314 0.652392 0.956612 0.643519
0 0.923554 0.615741 0.952738 0.669367 0.958936 0.656636
0 0.916322 0.637731 0.955579 0.682485 0.962035 0.667824
0 0.914773 0.660494 0.94189 0.70679 0.949638 0.694059
0 0.963068 0.677469 0.943698 0.697145 0.952738 0.669367
0 0.891271 0.655864 0.928461 0.69213 0.899535 0.638503
0 0.924587 0.711034 0.946281 0.762346 0.955579 0.753086
0 0.950671 0.737654 0.956612 0.803627 0.969267 0.798611
0 0.928977 0.725694 0.936467 0.783179 0.947314 0.780093
0 0.91968 0.744213 0.93156 0.798611 0.94189 0.789738
0 0.923037 0.766204 0.904959 0.801312 0.914773 0.80517
0 0.897986 0.789738 0.876808 0.827932 0.887655 0.836034
0 0.852273 0.806713 0.878874 0.849923 0.887655 0.836034
0 0.872417 0.790509 0.844008 0.814815 0.85124 0.825617
0 0.797262 0.821373 0.838068 0.791281 0.841426 0.811728
0 0.858213 0.840278 0.822314 0.806713 0.832645 0.79784
0 0.771694 0.775077 0.739669 0.818287 0.732438 0.801312
0 0.745093 0.824846 0.709711 0.849151 0.70687 0.827932
0 0.691632 0.792052 0.696023 0.84838 0.708161 0.843364
0 0.666064 0.821373 0.692924 0.86034 0.699897 0.844907
0 0.678202 0.856481 0.639979 0.843364 0.637913 0.86767
0 0.686209 0.86034 0.657025 0.888117 0.649793 0.880015
0 0.651085 0.871914 0.682593 0.861497 0.654184 0.881559
0 0.722882 0.850694 0.68905 0.888117 0.684659 0.87037
0 0.76343 0.82716 0.734246 0.849151 0.732438 0.832948
0 0.756973 0.840278 0.730372 0.884259 0.722882 0.871914
0 0.778667 0.843364 0.75439 0.86767 0.749483 0.854938
0 0.781508 0.85571 0.75594 0.888117 0.750517 0.871914
0 0.795196 0.833719 0.77376 0.86304 0.779959 0.873457
0 0.801653 0.830247 0.777118 0.879244 0.786415 0.883102
0 0.81405 0.842593 0.792355 0.873457 0.785899 0.863812
0 0.832645 0.842207 0.795455 0.878472 0.791064 0.866512
0 0.827479 0.854552 0.801653 0.880401 0.798554 0.869213
0 0.846849 0.865355 0.81689 0.882716 0.812242 0.869599
0 0.888946 0.856096 0.847366 0.885031 0.84375 0.866512
0 0.833419 0.849923 0.831353 0.864969 0.876033 0.871528
0 0.914514 0.820216 0.88688 0.86304 0.894628 0.871914
0 0.920455 0.824074 0.904959 0.873843 0.895661 0.864198
0 0.93001 0.817515 0.91064 0.86304 0.921229 0.869213
0 0.930785 0.826003 0.926911 0.872685 0.915031 0.86767
0 0.930785 0.866512 0.936983 0.866512 0.927428 0.830633
0 0.941632 0.868441 0.934917 0.823688 0.933626 0.870756
0 0.954029 0.805556 0.942924 0.864969 0.934401 0.860725
0 0.936983 0.823688 0.958936 0.853395 0.95093 0.860725
0 0.95093 0.780093 0.938533 0.830633 0.932851 0.824846
0 0.708936 0.162809 0.744576 0.148534 0.746126 0.164738
0 0.753099 0.170525 0.772469 0.12963 0.781767 0.142361
0 0.784607 0.193673 0.772986 0.244213 0.761622 0.233025
0 0.829804 0.277392 0.854339 0.249228 0.858471 0.263117
0 0.888171 0.256944 0.846333 0.254244 0.850465 0.241512
0 0.85563 0.241512 0.893337 0.228009 0.893337 0.245756
0 0.91064 0.200617 0.927686 0.257716 0.936209 0.249228
0 0.911157 0.246914 0.939824 0.293596 0.94938 0.278549
0 0.896694 0.339892 0.869835 0.287037 0.879132 0.279321
0 0.856663 0.415123 0.878357 0.367284 0.887655 0.385417
0 0.804494 0.323688 0.837293 0.283565 0.844783 0.296296
0 0.917872 0.342593 0.938017 0.373457 0.943182 0.364969
0 0.929494 0.322145 0.953512 0.363812 0.94189 0.372299
0 0.925362 0.363812 0.956353 0.391204 0.950671 0.403164
0 0.911674 0.391975 0.945506 0.380015 0.947056 0.391204
0 0.91968 0.45216 0.94499 0.397377 0.950671 0.403164
0 0.924329 0.411651 0.953512 0.411651 0.950671 0.427083
0 0.919163 0.443673 0.952221 0.4375 0.952221 0.452932
0 0.919163 0.516204 0.931043 0.463349 0.93905 0.469907
0 0.939824 0.51466 0.94499 0.458719 0.951705 0.463349
0 0.836002 0.161265 0.878357 0.146605 0.880682 0.170525
0 0.872159 0.121142 0.899019 0.096836 0.900826 0.115741
0 0.885847 0.133873 0.923037 0.125386 0.924845 0.142361
0 0.897986 0.154321 0.928202 0.179012 0.930527 0.161265
0 0.936209 0.170525 0.916322 0.136188 0.940857 0.161265
0 0.916839 0.113426 0.942665 0.131173 0.938017 0.147377
0 0.893337 0.062114 0.917355 0.044753 0.919163 0.055941
0 0.899019 0.06983 0.927686 0.057485 0.927686 0.072917
0 0.928202 0.100309 0.907541 0.06983 0.933884 0.088349
0 0.907541 0.07909 0.931818 0.126929 0.939824 0.109954
0 0.912707 0.121142 0.90186 0.06983 0.913481 0.06983