0 0.485021 0.478395 0.485537 0.465664 0.504390 0.472029
0 0.519628 0.559799 0.531508 0.549769 0.519886 0.529513
0 0.349174 0.623843 0.359504 0.617670 0.361312 0.641204
0 0.672004 0.337191 0.672004 0.356481 0.650568 0.346836
0 0.655992 0.165123 0.661674 0.178241 0.644629 0.184028
0 0.600723 0.119599 0.598657 0.135802 0.580836 0.127700
0 0.473657 0.175926 0.476756 0.195216 0.456353 0.190586
0 0.528926 0.089120 0.535124 0.108025 0.516787 0.104745
0 0.509814 0.099151 0.509298 0.083719 0.529959 0.091435
0 0.477273 0.076003 0.488120 0.063657 0.495868 0.085455
0 0.498967 0.118056 0.503099 0.100694 0.483729 0.108218
0 0.463326 0.121914 0.469008 0.141975 0.448347 0.139660
0 0.464360 0.152006 0.465909 0.172840 0.447056 0.162808
0 0.462293 0.062886 0.473657 0.076775 0.457128 0.079476
0 0.694215 0.089892 0.706612 0.086806 0.701704 0.115934
0 0.702479 0.065201 0.708161 0.082948 0.688275 0.080633
0 0.725723 0.073688 0.738120 0.066358 0.739153 0.094136
0 0.702996 0.173611 0.699897 0.188272 0.723399 0.180941
0 0.695764 0.157407 0.699380 0.172840 0.717200 0.162038
0 0.783574 0.104552 0.793388 0.114198 0.781767 0.127893
0 0.751033 0.078318 0.759298 0.066358 0.769628 0.086420
0 0.770661 0.063657 0.763430 0.078704 0.780217 0.079090
0 0.794938 0.147377 0.806302 0.151235 0.799587 0.176698
0 0.807851 0.172840 0.823347 0.173611 0.815599 0.199460
0 0.841942 0.127315 0.854855 0.129630 0.848399 0.159722
0 0.807851 0.269290 0.818698 0.281250 0.823347 0.255980
0 0.873450 0.250000 0.886364 0.260031 0.875775 0.277392
0 0.838326 0.399306 0.837293 0.422454 0.815857 0.410880
0 0.872934 0.346065 0.885847 0.350309 0.875258 0.378472
0 0.894112 0.336420 0.907541 0.334105 0.900826 0.364777
0 0.888946 0.422454 0.900826 0.429398 0.900826 0.403357
0 0.918905 0.324074 0.933368 0.324846 0.926136 0.349923
0 0.941632 0.340278 0.945764 0.324074 0.925878 0.319059
0 0.937500 0.289352 0.951963 0.290895 0.944732 0.317902
0 0.950413 0.419753 0.946281 0.402778 0.931043 0.415123
0 0.848657 0.427469 0.860021 0.415895 0.861570 0.443673
0 0.873450 0.250000 0.886364 0.260031 0.875775 0.277392
0 0.900310 0.226852 0.902893 0.241512 0.881973 0.237268
0 0.883781 0.174383 0.895661 0.169753 0.889721 0.198302
0 0.901860 0.172068 0.899793 0.173611 0.907799 0.201389
0 0.938533 0.160494 0.940599 0.179012 0.922520 0.169753
0 0.941116 0.144290 0.951963 0.149306 0.943956 0.170139
0 0.922004 0.141975 0.924070 0.158179 0.904700 0.151620
0 0.895145 0.119599 0.902893 0.135802 0.887397 0.140432
0 0.917872 0.226852 0.931302 0.234568 0.924071 0.258487
0 0.945248 0.254630 0.952479 0.240741 0.940857 0.228781
0 0.952479 0.273920 0.944731 0.289352 0.934142 0.269676
0 0.951963 0.266975 0.940599 0.278549 0.938792 0.242284
0 0.944215 0.365741 0.946281 0.380401 0.926653 0.383488
0 0.951963 0.405093 0.941632 0.376543 0.931302 0.396605
0 0.956095 0.393904 0.943698 0.396991 0.947314 0.369406
0 0.941116 0.112269 0.937758 0.126157 0.924716 0.112461
0 0.937758 0.092978 0.942665 0.110340 0.928589 0.101659
0 0.922262 0.087191 0.934401 0.082562 0.928332 0.117091
0 0.911674 0.081404 0.921488 0.079861 0.916839 0.105710
0 0.902893 0.075617 0.914256 0.076389 0.908574 0.104938
0 0.894628 0.078318 0.905733 0.077546 0.900181 0.102044
0 0.887397 0.078318 0.899535 0.080247 0.889333 0.107832
0 0.878099 0.073302 0.890238 0.081404 0.878745 0.100887
0 0.868802 0.073302 0.877324 0.084877 0.859117 0.095679
0 0.843750 0.078704 0.853048 0.069830 0.855372 0.094329
0 0.955062 0.440972 0.952996 0.452932 0.935950 0.446952
0 0.952996 0.469522 0.947314 0.482639 0.933368 0.468364
0 0.956612 0.494985 0.946281 0.503858 0.943569 0.478781
0 0.936725 0.487654 0.950413 0.492284 0.937500 0.511574
0 0.959194 0.512346 0.948089 0.498071 0.942020 0.528357
0 0.904959 0.576389 0.909866 0.587577 0.916193 0.564429
0 0.890496 0.546296 0.902376 0.536265 0.904958 0.565972
0 0.912448 0.627701 0.911674 0.625772 0.906767 0.596065
0 0.900310 0.599537 0.908058 0.616127 0.890496 0.626351
0 0.889205 0.606867 0.899793 0.595293 0.900826 0.625000
0 0.854855 0.527006 0.869835 0.523148 0.862733 0.557870
0 0.858471 0.507716 0.860795 0.490355 0.882877 0.499035
0 0.863636 0.473380 0.862862 0.493827 0.885201 0.483604
0 0.816116 0.609568 0.826705 0.618441 0.830062 0.587770
0 0.769628 0.639275 0.779184 0.650849 0.783832 0.625000
0 0.951446 0.547840 0.938533 0.541667 0.942794 0.571953
0 0.956612 0.563657 0.945248 0.554398 0.944861 0.586419
0 0.957128 0.628858 0.955062 0.611111 0.942924 0.630980
0 0.957645 0.614583 0.949380 0.606867 0.943440 0.623071
0 0.957128 0.598380 0.949380 0.586806 0.944215 0.610533
0 0.946281 0.642747 0.935176 0.635417 0.937500 0.668403
0 0.953771 0.671296 0.947056 0.655864 0.938921 0.675154
0 0.785382 0.774691 0.795713 0.766975 0.782671 0.744792
0 0.907541 0.720293 0.916839 0.708719 0.901988 0.689622
0 0.927944 0.703704 0.938791 0.710262 0.928461 0.731868
0 0.933110 0.764275 0.922004 0.757330 0.921100 0.783757
0 0.949897 0.759259 0.958419 0.768133 0.944731 0.781635
0 0.948089 0.807870 0.954287 0.822917 0.934918 0.823303
0 0.887913 0.842593 0.889463 0.863426 0.866607 0.853009
0 0.805010 0.828318 0.806043 0.844907 0.787578 0.836805
0 0.801653 0.810185 0.796488 0.799769 0.785640 0.814043
0 0.897469 0.919753 0.904959 0.910494 0.888301 0.894097
0 0.874742 0.922068 0.879132 0.903935 0.861570 0.911844
0 0.840393 0.916667 0.850981 0.910494 0.838843 0.894869
0 0.949897 0.898920 0.936209 0.903164 0.943053 0.872300
0 0.943957 0.905093 0.931560 0.906636 0.935693 0.873843
0 0.933626 0.895448 0.930527 0.910880 0.916581 0.889082
0 0.926395 0.918210 0.931043 0.899306 0.912835 0.892361
0 0.825930 0.908179 0.830062 0.893904 0.812371 0.894097
0 0.810176 0.908951 0.814308 0.925154 0.827479 0.917053
0 0.810434 0.919367 0.798812 0.919753 0.801653 0.889274
0 0.782541 0.901235 0.780733 0.885802 0.764979 0.893904
0 0.779959 0.921296 0.785899 0.908179 0.768854 0.904321
0 0.789773 0.924383 0.802428 0.912809 0.785640 0.895062
0 0.738120 0.917438 0.724432 0.913194 0.731276 0.886960
0 0.722624 0.858025 0.712035 0.864198 0.713198 0.836034
0 0.691374 0.916667 0.681302 0.905478 0.695377 0.891782
0 0.674845 0.922454 0.665548 0.920525 0.671100 0.899884
0 0.605114 0.924383 0.599174 0.908951 0.617640 0.907021
0 0.587293 0.926312 0.576705 0.919753 0.588585 0.901620
0 0.557335 0.918596 0.549329 0.905478 0.566504 0.901814
0 0.546229 0.920910 0.556560 0.910494 0.541839 0.902778
0 0.514721 0.884645 0.524277 0.889660 0.523761 0.858796
0 0.474432 0.914352 0.468233 0.896219 0.490315 0.897570
0 0.466684 0.905478 0.453254 0.913580 0.459969 0.883294
0 0.496126 0.707176 0.490186 0.695602 0.480113 0.710070
0 0.409866 0.819059 0.421229 0.812500 0.406120 0.789159
0 0.406508 0.912037 0.397727 0.903164 0.413352 0.887539
0 0.393595 0.915509 0.393595 0.920910 0.392562 0.891975
0 0.357696 0.909722 0.344525 0.905093 0.356664 0.877893
0 0.324122 0.896605 0.326188 0.905478 0.347366 0.888696
0 0.336519 0.906636 0.324638 0.912037 0.330578 0.892168
0 0.310176 0.908179 0.321023 0.915509 0.320119 0.891010
0 0.331870 0.851080 0.334452 0.867284 0.353693 0.852817
0 0.329029 0.844907 0.330062 0.844907 0.336390 0.813465
0 0.309401 0.845293 0.322314 0.843364 0.315858 0.820023
0 0.288740 0.859568 0.300362 0.860725 0.294551 0.835648
0 0.256457 0.770062 0.268079 0.767747 0.261622 0.741127
0 0.241219 0.833333 0.238895 0.815586 0.262784 0.823881
0 0.180269 0.714892 0.190341 0.722222 0.180915 0.737847
0 0.156250 0.738040 0.159866 0.721836 0.172004 0.743634
0 0.158316 0.711034 0.167614 0.705247 0.164902 0.733024
0 0.156767 0.777006 0.165289 0.766204 0.171875 0.790895
0 0.154700 0.765046 0.163740 0.754630 0.167485 0.776042
0 0.181302 0.816358 0.175103 0.803241 0.194473 0.795718
0 0.195506 0.811728 0.190857 0.800154 0.208419 0.796103
0 0.161157 0.823302 0.160899 0.811343 0.178202 0.817322
0 0.158833 0.841821 0.153151 0.828704 0.174328 0.826774
0 0.161932 0.847994 0.155733 0.833719 0.172650 0.840857
0 0.193698 0.855324 0.185950 0.841821 0.204545 0.831018
0 0.167872 0.858025 0.157541 0.844522 0.181302 0.837192
0 0.160124 0.854167 0.161932 0.839892 0.175233 0.847029
0 0.153409 0.849537 0.154700 0.864969 0.180268 0.857253
0 0.165806 0.866512 0.167872 0.880401 0.190729 0.873456
0 0.171488 0.899306 0.180269 0.899691 0.175878 0.879822
0 0.180010 0.905478 0.190599 0.902006 0.184400 0.883294
0 0.181818 0.890432 0.180527 0.873457 0.198605 0.881945
0 0.185692 0.899306 0.188017 0.883873 0.209065 0.891590
0 0.196798 0.905478 0.193698 0.892747 0.213327 0.899112
0 0.202479 0.909722 0.214876 0.900463 0.204287 0.882523
0 0.222882 0.904321 0.233471 0.900463 0.226498 0.881173
0 0.233213 0.890432 0.223399 0.888503 0.228435 0.864005
0 0.234246 0.909336 0.245351 0.905093 0.234245 0.884259
0 0.243543 0.909336 0.232955 0.898148 0.238249 0.877700
0 0.244576 0.861497 0.242252 0.846065 0.263559 0.852623
0 0.254390 0.899306 0.261364 0.897377 0.254003 0.878086
0 0.258006 0.902392 0.265238 0.907793 0.264979 0.888117
0 0.248709 0.907793 0.259556 0.911265 0.255166 0.886188
0 0.299070 0.890818 0.293388 0.880015 0.311725 0.873071
0 0.309917 0.903164 0.309917 0.903164 0.309142 0.875965
0 0.297521 0.904707 0.291322 0.900849 0.301395 0.882524
0 0.292872 0.917438 0.290289 0.906250 0.309142 0.901813
0 0.290031 0.910494 0.283833 0.903549 0.294164 0.885995
0 0.290031 0.900077 0.282283 0.899306 0.290289 0.881366
0 0.279959 0.911265 0.291839 0.906636 0.281767 0.883680
0 0.271952 0.912809 0.265754 0.899306 0.278151 0.890240
0 0.271952 0.899691 0.278926 0.908951 0.283445 0.887539
0 0.368027 0.238040 0.376808 0.244985 0.379520 0.226852
0 0.349174 0.184414 0.355114 0.173611 0.361828 0.192709
0 0.349690 0.160494 0.352273 0.177083 0.334195 0.173804
0 0.342459 0.115355 0.339618 0.098765 0.320765 0.110147
0 0.372676 0.064429 0.376808 0.076775 0.357696 0.076967
0 0.395661 0.109182 0.389979 0.122685 0.376808 0.103588
0 0.394112 0.092593 0.392304 0.107253 0.411286 0.099923
0 0.428719 0.119213 0.435434 0.115741 0.426137 0.103010
0 0.438791 0.123843 0.436725 0.137346 0.420326 0.129630
0 0.425103 0.137731 0.426911 0.150077 0.408703 0.147955
0 0.452996 0.070216 0.453512 0.085262 0.433497 0.077739
0 0.400568 0.070216 0.408833 0.064043 0.408187 0.089120
0 0.384298 0.109182 0.382231 0.109182 0.391916 0.087577
0 0.384814 0.062500 0.392820 0.070216 0.380552 0.087770
0 0.269370 0.191744 0.277893 0.184414 0.278280 0.210842
0 0.240444 0.185185 0.248450 0.191358 0.236699 0.207562
0 0.230114 0.228009 0.232180 0.214892 0.248709 0.222994
0 0.254390 0.234954 0.245093 0.225694 0.240961 0.247492
0 0.261622 0.130787 0.263430 0.118056 0.281121 0.125964
0 0.244060 0.113812 0.250775 0.106096 0.251808 0.128858
0 0.241477 0.121914 0.248709 0.133873 0.232309 0.145448
0 0.222107 0.189429 0.223140 0.173611 0.244705 0.181520
0 0.225465 0.168981 0.230372 0.157407 0.240702 0.170524
0 0.299070 0.071373 0.303719 0.074074 0.295455 0.082369
0 0.294421 0.071373 0.303461 0.064429 0.308368 0.087192
0 0.275826 0.082948 0.283058 0.074074 0.288481 0.091242
0 0.295455 0.064815 0.299845 0.077546 0.286157 0.081211
0 0.286415 0.065586 0.290806 0.077546 0.276602 0.077353
0 0.251808 0.101466 0.254649 0.089892 0.270661 0.099344
0 0.260589 0.077160 0.267562 0.081790 0.259169 0.091628
0 0.248450 0.081790 0.254390 0.084105 0.247934 0.101852
0 0.238895 0.091821 0.247417 0.102238 0.230372 0.117284
0 0.252066 0.078318 0.251808 0.087577 0.233342 0.085069
0 0.269628 0.062886 0.272211 0.077546 0.254778 0.071953
0 0.256457 0.060185 0.262138 0.070602 0.245093 0.072531
0 0.238120 0.064043 0.239669 0.075617 0.222624 0.070216
0 0.201446 0.079861 0.195248 0.069059 0.188791 0.086227
0 0.204029 0.069830 0.196023 0.074074 0.206741 0.097029
0 0.191890 0.106867 0.190857 0.093750 0.213714 0.100308
0 0.178202 0.112654 0.182851 0.099537 0.200542 0.110147
0 0.173037 0.098765 0.181818 0.089120 0.186467 0.118249
0 0.173295 0.149691 0.172779 0.147377 0.189437 0.133101
0 0.178719 0.156636 0.187500 0.150463 0.195506 0.144483
0 0.195764 0.154707 0.196798 0.153935 0.201833 0.170717
0 0.185434 0.167052 0.193182 0.153935 0.201705 0.169367
0 0.193957 0.160108 0.185950 0.148920 0.183368 0.166667
0 0.168647 0.174769 0.173554 0.181713 0.177428 0.167824
0 0.168647 0.189043 0.175620 0.196373 0.179623 0.179398
0 0.173295 0.209491 0.171488 0.199074 0.190728 0.197917
0 0.178202 0.227238 0.186209 0.233410 0.188275 0.204861
0 0.201963 0.260802 0.212035 0.251543 0.197960 0.234182
0 0.212810 0.236111 0.203512 0.243441 0.200543 0.219328
0 0.166064 0.227238 0.171229 0.215278 0.182851 0.241127
0 0.167355 0.257716 0.174587 0.247299 0.183110 0.274112
0 0.199380 0.276235 0.206870 0.275849 0.203125 0.296682
0 0.214876 0.286651 0.206870 0.289352 0.214359 0.307677
0 0.237087 0.311728 0.225981 0.313272 0.231534 0.343364
0 0.211260 0.309799 0.204804 0.317515 0.216039 0.333719
0 0.179236 0.307099 0.176395 0.319444 0.194086 0.319059
0 0.170713 0.301312 0.175362 0.312500 0.188017 0.297454
0 0.171488 0.293981 0.176136 0.304784 0.184530 0.292631
0 0.168647 0.286265 0.170455 0.299769 0.186725 0.281250
0 0.163481 0.295910 0.171488 0.284336 0.172133 0.316165
0 0.162448 0.353395 0.170713 0.361111 0.173166 0.337384
0 0.166322 0.366127 0.169421 0.380015 0.189178 0.364583
0 0.246643 0.365741 0.245868 0.395833 0.260331 0.389275
0 0.217200 0.474537 0.210486 0.461806 0.229985 0.445602
0 0.193440 0.459105 0.185950 0.449846 0.198993 0.430555
0 0.164773 0.419753 0.165031 0.419753 0.180398 0.427084
0 0.170455 0.369985 0.168130 0.384645 0.184530 0.391783
0 0.164256 0.397377 0.165806 0.380787 0.185563 0.389082
0 0.161674 0.438657 0.168647 0.447917 0.178073 0.425540
0 0.207645 0.500386 0.218233 0.503472 0.212939 0.535301
0 0.196539 0.496528 0.199380 0.482253 0.216038 0.495756
0 0.202738 0.467978 0.193182 0.473765 0.200155 0.486304
0 0.198347 0.459491 0.189050 0.459105 0.193698 0.483797
0 0.179494 0.444444 0.188533 0.444059 0.184013 0.465085
0 0.166581 0.473765 0.159091 0.462577 0.173554 0.449653
0 0.166322 0.479552 0.163481 0.466821 0.181173 0.467013
0 0.180785 0.472994 0.171746 0.474923 0.181302 0.492284
0 0.162448 0.493056 0.169938 0.477238 0.173425 0.498843
0 0.162965 0.488040 0.162190 0.486497 0.182335 0.485147
0 0.178461 0.508102 0.185950 0.500000 0.192278 0.521412
0 0.162965 0.519676 0.171229 0.520448 0.169809 0.543789
0 0.164773 0.514275 0.169163 0.502701 0.179107 0.524691
0 0.160124 0.547068 0.162448 0.535108 0.175490 0.548611
0 0.189824 0.679398 0.192407 0.668210 0.207645 0.678627
0 0.154959 0.685185 0.160382 0.672454 0.171100 0.700232
0 0.155475 0.664738 0.159866 0.654321 0.172779 0.677469
0 0.154959 0.655478 0.158833 0.641204 0.170197 0.660108
0 0.158316 0.618441 0.167355 0.609954 0.169550 0.637346
0 0.163481 0.604167 0.160640 0.619985 0.177169 0.626737
0 0.167872 0.604938 0.166322 0.603009 0.178202 0.623071
0 0.158058 0.573688 0.168647 0.565586 0.170455 0.592978
0 0.191632 0.576003 0.202738 0.576003 0.197185 0.607832
0 0.301653 0.284722 0.306818 0.292438 0.315212 0.275270
