0 0.353564 0.471065 0.362862 0.470679 0.358213 0.495949
0 0.261622 0.465664 0.268337 0.463735 0.264980 0.444638
0 0.288740 0.635031 0.294938 0.642361 0.280604 0.657601
0 0.247159 0.561343 0.255424 0.557099 0.246901 0.530479
0 0.181043 0.536651 0.183368 0.524306 0.201317 0.535301
0 0.220558 0.569059 0.226498 0.567130 0.223528 0.590278
0 0.402634 0.571759 0.391787 0.569444 0.397211 0.592206
0 0.250517 0.593750 0.252324 0.610340 0.270015 0.598766
0 0.230888 0.626929 0.233471 0.613426 0.245868 0.623457
0 0.231663 0.655093 0.238378 0.645833 0.227531 0.638311
0 0.344783 0.672840 0.347882 0.657793 0.365444 0.670910
0 0.395145 0.656636 0.407541 0.668981 0.394628 0.684607
0 0.502841 0.677083 0.504907 0.659722 0.519628 0.670718
0 0.487862 0.713349 0.495351 0.702546 0.482696 0.690586
0 0.490186 0.518133 0.500517 0.517361 0.495352 0.538580
0 0.536157 0.427469 0.544421 0.436728 0.548167 0.415509
0 0.548812 0.395062 0.548812 0.382716 0.529313 0.388889
0 0.276343 0.307485 0.286157 0.320988 0.269112 0.333720
0 0.263430 0.303241 0.271436 0.312114 0.260847 0.325618
0 0.230372 0.372299 0.241219 0.378472 0.241219 0.349344
0 0.172779 0.415895 0.185434 0.413580 0.179107 0.384259
0 0.145145 0.416667 0.159866 0.425540 0.154055 0.398919
0 0.132748 0.400463 0.146178 0.406250 0.139463 0.377122
0 0.105630 0.346065 0.113636 0.340664 0.116477 0.364584
0 0.506198 0.317130 0.512138 0.301698 0.494834 0.302084
0 0.521436 0.708333 0.533833 0.712577 0.525697 0.737461
0 0.334194 0.719136 0.340134 0.734182 0.318569 0.737847
0 0.293388 0.736111 0.294680 0.717207 0.274535 0.726659
0 0.235795 0.675926 0.238636 0.655093 0.218492 0.663002
0 0.150310 0.587191 0.159349 0.602238 0.167743 0.583912
0 0.143079 0.517747 0.155217 0.528549 0.158446 0.495949
0 0.176136 0.483025 0.185950 0.495370 0.170583 0.508102
0 0.148502 0.491898 0.161157 0.481867 0.151214 0.467592
0 0.095816 0.514275 0.107180 0.505401 0.109633 0.545718
0 0.135331 0.615741 0.146178 0.610340 0.139334 0.589699
0 0.090134 0.680941 0.093492 0.667052 0.109375 0.685956
0 0.084711 0.697917 0.089618 0.683642 0.103952 0.701389
0 0.083936 0.711034 0.090651 0.701775 0.098399 0.722416
0 0.082903 0.745370 0.089360 0.732253 0.097883 0.752700
0 0.117510 0.740355 0.125775 0.745370 0.125387 0.716049
0 0.089360 0.785108 0.089618 0.771219 0.105630 0.778164
0 0.080579 0.795525 0.087293 0.783179 0.097366 0.801697
0 0.137655 0.845679 0.145403 0.854167 0.149406 0.824846
0 0.156767 0.884645 0.165548 0.886574 0.162320 0.857832
0 0.171488 0.875386 0.181560 0.877315 0.177816 0.849730
0 0.191116 0.852238 0.201188 0.855710 0.198089 0.829476
0 0.249483 0.819444 0.259298 0.830247 0.244835 0.844907
0 0.288998 0.810571 0.296488 0.792438 0.275310 0.789931
0 0.322056 0.748843 0.326705 0.761188 0.308885 0.765432
0 0.106405 0.634645 0.114153 0.629630 0.115832 0.655285
0 0.086260 0.663966 0.088326 0.651620 0.105759 0.666281
0 0.104339 0.596451 0.111570 0.591821 0.101885 0.573881
0 0.082645 0.616898 0.092717 0.622685 0.088327 0.594715
0 0.082128 0.637731 0.089618 0.645062 0.095300 0.607832
0 0.081612 0.648534 0.089360 0.656636 0.092976 0.635803
0 0.098140 0.613812 0.098140 0.623457 0.112862 0.618634
0 0.095041 0.642747 0.102273 0.648920 0.108083 0.625772
0 0.118802 0.596836 0.127583 0.593750 0.123193 0.621528
0 0.096849 0.454475 0.096849 0.465664 0.116477 0.460070
0 0.095816 0.477623 0.096849 0.486883 0.108083 0.479552
0 0.089618 0.489583 0.092717 0.504244 0.112345 0.488426
0 0.085744 0.431713 0.092975 0.429398 0.090780 0.453511
0 0.196539 0.518904 0.204545 0.518519 0.200542 0.500386
0 0.115702 0.436343 0.127066 0.431327 0.119577 0.407794
0 0.317924 0.850309 0.319215 0.830247 0.298167 0.840278
0 0.349174 0.157022 0.353306 0.167052 0.337552 0.171683
0 0.372159 0.169753 0.380940 0.169367 0.376549 0.195023
0 0.361054 0.202546 0.365702 0.193287 0.353822 0.188078
0 0.341167 0.149306 0.341942 0.156250 0.330836 0.155285
0 0.358988 0.221451 0.353048 0.233796 0.343104 0.213541
0 0.303202 0.279707 0.295713 0.289352 0.291581 0.273534
0 0.298812 0.252701 0.295971 0.240355 0.279313 0.254630
0 0.198605 0.229552 0.196798 0.223765 0.192277 0.255401
0 0.162190 0.257716 0.169163 0.250772 0.174070 0.266783
0 0.153667 0.242670 0.162448 0.243441 0.161027 0.219907
0 0.196539 0.179398 0.191374 0.164352 0.182464 0.180362
0 0.102014 0.273534 0.102789 0.258488 0.125517 0.267554
0 0.093233 0.329090 0.097366 0.311728 0.116735 0.325232
0 0.457903 0.183256 0.458161 0.191744 0.440987 0.190393
0 0.259298 0.150463 0.260589 0.140432 0.240057 0.145448
0 0.407025 0.163580 0.403409 0.171682 0.392433 0.156636
0 0.408833 0.178627 0.403409 0.171682 0.397469 0.193673
0 0.162190 0.184799 0.171746 0.185571 0.166968 0.166088
0 0.419163 0.113426 0.426911 0.096065 0.444473 0.117670
0 0.719525 0.156636 0.732955 0.155478 0.726240 0.189043
0 0.743802 0.065586 0.753099 0.071759 0.745738 0.088155
0 0.759814 0.084491 0.763688 0.071759 0.777118 0.087384
0 0.802686 0.110340 0.814824 0.108025 0.808755 0.138118
0 0.814824 0.023920 0.827221 0.024306 0.821022 0.050926
0 0.835486 0.034722 0.845816 0.039352 0.839230 0.057870
0 0.842200 0.028935 0.851498 0.019676 0.857567 0.048804
0 0.872676 0.042824 0.876550 0.052083 0.859375 0.064236
0 0.858471 0.087191 0.866219 0.093750 0.854597 0.107831
0 0.759556 0.135802 0.760331 0.126157 0.772598 0.135030
0 0.688533 0.108025 0.687500 0.092978 0.703254 0.100501
0 0.659866 0.121914 0.663998 0.110725 0.674845 0.124035
0 0.693182 0.135802 0.689824 0.123457 0.702867 0.127121
0 0.773244 0.182099 0.782800 0.187886 0.775698 0.208141
0 0.806818 0.204475 0.818957 0.205247 0.812887 0.229552
0 0.844267 0.139275 0.855372 0.140432 0.849819 0.161652
0 0.845041 0.189429 0.852273 0.189815 0.843750 0.209876
0 0.648760 0.079090 0.658058 0.082562 0.652118 0.099923
0 0.665548 0.055556 0.671746 0.044753 0.680656 0.059799
0 0.588843 0.016975 0.600465 0.012346 0.594654 0.037230
0 0.705062 0.266975 0.720300 0.272762 0.711519 0.292053
0 0.746901 0.290123 0.759814 0.288580 0.753358 0.310185
0 0.770145 0.297068 0.766787 0.286651 0.783832 0.284915
0 0.819731 0.228009 0.832903 0.230324 0.824767 0.251350
0 0.865444 0.193287 0.879907 0.210648 0.860537 0.218364
0 0.884814 0.221836 0.896436 0.216435 0.894628 0.248456
0 0.906767 0.060185 0.917097 0.067130 0.908187 0.085455
0 0.327221 0.006173 0.332128 0.016204 0.314049 0.023148
0 0.345041 0.010802 0.352014 0.019676 0.337680 0.030671
0 0.327479 0.052083 0.326705 0.045139 0.311725 0.052855
0 0.340134 0.057485 0.341942 0.070216 0.316245 0.067130
0 0.367769 0.064043 0.369576 0.079861 0.348141 0.072531
0 0.358729 0.043596 0.365444 0.034336 0.375517 0.050347
0 0.377841 0.017747 0.382231 0.006559 0.398373 0.020255
0 0.360795 0.023920 0.368027 0.011188 0.376807 0.027584
0 0.269370 0.010031 0.278409 0.013117 0.273373 0.036651
0 0.248967 0.008873 0.258264 0.012346 0.252970 0.034915
0 0.279184 0.016204 0.283574 0.010031 0.290419 0.025849
0 0.559917 0.523148 0.563791 0.507716 0.577479 0.517554
0 0.631198 0.572531 0.637913 0.589120 0.617768 0.592014
0 0.661674 0.548225 0.665548 0.533565 0.641787 0.534336
0 0.639463 0.404707 0.648244 0.406636 0.643854 0.434993
0 0.592717 0.393519 0.597107 0.406636 0.609117 0.393518
0 0.678719 0.310185 0.686209 0.318673 0.675749 0.333912
0 0.676653 0.397377 0.677944 0.415123 0.694086 0.403742
0 0.679752 0.431327 0.676136 0.444444 0.694473 0.446952
0 0.717200 0.514275 0.719783 0.534336 0.737474 0.521991
0 0.698089 0.619213 0.707645 0.628858 0.693182 0.647184
0 0.657025 0.671296 0.662707 0.658951 0.642562 0.658564
0 0.623709 0.719522 0.624225 0.739198 0.601110 0.729360
0 0.624225 0.694830 0.629907 0.707948 0.641658 0.687693
0 0.691374 0.673997 0.694990 0.690201 0.708419 0.682099
0 0.723399 0.666667 0.730372 0.672068 0.732954 0.652199
0 0.732438 0.576003 0.741736 0.567130 0.744060 0.595101
0 0.758264 0.560571 0.772211 0.559799 0.765238 0.594715
0 0.729855 0.719522 0.731147 0.699460 0.710873 0.709491
0 0.699380 0.765818 0.708936 0.780093 0.716168 0.754051
0 0.628099 0.780093 0.638688 0.780093 0.633393 0.758681
0 0.558368 0.776235 0.561725 0.761960 0.579287 0.780478
0 0.600723 0.837577 0.608988 0.818673 0.587552 0.818287
0 0.547004 0.850694 0.550878 0.836420 0.531250 0.840856
0 0.502066 0.806327 0.501033 0.823302 0.479081 0.814814
0 0.429494 0.806327 0.430010 0.787423 0.405733 0.796875
0 0.362345 0.756173 0.368802 0.774306 0.380682 0.759645
0 0.397727 0.856481 0.403409 0.841435 0.387010 0.838542
0 0.422521 0.852623 0.427428 0.839506 0.414257 0.835069
0 0.848399 0.345679 0.856921 0.342593 0.852919 0.367670
0 0.889463 0.326775 0.896178 0.326003 0.892821 0.346065
0 0.880682 0.318673 0.886880 0.325231 0.875258 0.346065
0 0.909866 0.416281 0.915289 0.409336 0.903150 0.387925
0 0.913740 0.376157 0.921488 0.383488 0.913223 0.397955
0 0.885072 0.393904 0.890496 0.405093 0.877712 0.406828
0 0.920455 0.362269 0.926653 0.347222 0.909866 0.338927
0 0.920455 0.353781 0.916064 0.345293 0.907412 0.364776
0 0.909091 0.283179 0.916581 0.279707 0.915289 0.306906
0 0.900568 0.324074 0.907800 0.318287 0.899148 0.296103
0 0.868802 0.308256 0.881715 0.304398 0.872418 0.278164
0 0.834452 0.298225 0.840651 0.304398 0.844395 0.283564
0 0.845816 0.307099 0.844525 0.318673 0.862603 0.312886
0 0.838843 0.305556 0.842200 0.314043 0.829674 0.323110
0 0.802944 0.347222 0.810950 0.339892 0.803719 0.327160
0 0.787448 0.294367 0.779184 0.295139 0.783316 0.319445
0 0.806560 0.398148 0.817149 0.405864 0.805915 0.424382
0 0.893595 0.446759 0.892562 0.464120 0.872547 0.455439
0 0.922779 0.445988 0.922779 0.456019 0.906121 0.451004
0 0.922779 0.432870 0.923037 0.421682 0.903668 0.427276
0 0.879390 0.421682 0.887397 0.423611 0.879390 0.447531
0 0.888946 0.472994 0.898244 0.477238 0.885460 0.503086
0 0.882490 0.516204 0.889979 0.519290 0.884814 0.542439
0 0.829287 0.548611 0.840651 0.556713 0.831225 0.572917
0 0.790031 0.540895 0.801911 0.540123 0.795971 0.507523
0 0.763171 0.492284 0.769370 0.505401 0.772986 0.492091
0 0.928977 0.486111 0.926395 0.500000 0.912578 0.491705
0 0.921229 0.475694 0.924329 0.484568 0.909220 0.493248
0 0.923812 0.505401 0.918905 0.493827 0.906121 0.515818
0 0.921229 0.518519 0.911157 0.510802 0.912061 0.539737
0 0.921229 0.550926 0.928977 0.562500 0.912578 0.572531
0 0.922262 0.581019 0.930010 0.596451 0.912964 0.605517
0 0.859504 0.602238 0.859504 0.615355 0.841942 0.608796
0 0.790806 0.553241 0.795971 0.565586 0.782542 0.569638
0 0.558626 0.028935 0.566890 0.023148 0.569085 0.050540
0 0.528926 0.025077 0.534091 0.017361 0.544293 0.039159
0 0.557335 0.077546 0.565857 0.082948 0.558626 0.101466
0 0.519112 0.104552 0.524277 0.092978 0.536674 0.113425
0 0.574380 0.118827 0.573089 0.131173 0.589618 0.125000
0 0.541064 0.132716 0.540289 0.123457 0.526214 0.128472
0 0.520919 0.020062 0.528926 0.025077 0.520790 0.045332
0 0.526085 0.027392 0.521952 0.035494 0.531379 0.048032
0 0.510589 0.024306 0.517045 0.022762 0.515496 0.043789
0 0.501291 0.018904 0.508781 0.018519 0.505036 0.044754
0 0.481147 0.024691 0.489928 0.019290 0.490573 0.047261
0 0.675362 0.023920 0.681302 0.031636 0.666710 0.040509
0 0.684659 0.023148 0.690599 0.027392 0.680140 0.039544
0 0.688017 0.032793 0.685176 0.041281 0.699251 0.039544
0 0.696539 0.028164 0.693440 0.037423 0.708032 0.042632
0 0.751033 0.032793 0.756973 0.042052 0.740186 0.050540
0 0.753874 0.025849 0.748709 0.033179 0.761105 0.038581
0 0.763946 0.033179 0.770403 0.025849 0.775568 0.040316
0 0.777893 0.033951 0.781508 0.020833 0.794680 0.033564
0 0.211777 0.018904 0.220558 0.016204 0.219395 0.041281
0 0.224174 0.019676 0.230630 0.018904 0.227402 0.041088
0 0.233729 0.018519 0.229597 0.021605 0.233083 0.037038
0 0.239928 0.021605 0.234246 0.024306 0.240315 0.043981
0 0.242769 0.015046 0.239928 0.021605 0.250387 0.030093
0 0.255424 0.031250 0.247676 0.037037 0.258911 0.054591
0 0.256715 0.018133 0.253616 0.026620 0.263301 0.039352
0 0.265496 0.016204 0.261880 0.025077 0.276730 0.030093
0 0.361829 0.118441 0.367510 0.135417 0.348140 0.134452
0 0.379132 0.093750 0.381457 0.106867 0.364411 0.100308
0 0.409866 0.091435 0.414773 0.101852 0.395274 0.106482
0 0.441890 0.062886 0.447056 0.068673 0.435434 0.077160
0 0.432076 0.027006 0.438017 0.020062 0.445377 0.038002
0 0.447314 0.018519 0.442665 0.026235 0.456611 0.037230
0 0.481921 0.010802 0.483729 0.020062 0.471203 0.015432
0 0.409866 0.023534 0.401343 0.022762 0.405217 0.047840
0 0.351756 0.031636 0.360537 0.030478 0.356147 0.055170
0 0.196281 0.068673 0.201963 0.055941 0.212294 0.070409
0 0.243802 0.080247 0.241219 0.097222 0.259943 0.088734
0 0.191374 0.131944 0.200155 0.125000 0.202221 0.150270
0 0.183884 0.158179 0.191374 0.153164 0.183238 0.138503
0 0.139721 0.090278 0.143853 0.106096 0.156896 0.086999
0 0.137138 0.126929 0.144370 0.120370 0.137010 0.098958
0 0.149793 0.110340 0.139721 0.115355 0.145661 0.144290
0 0.126808 0.136960 0.135072 0.137346 0.129390 0.111304
0 0.110795 0.137346 0.110021 0.125000 0.127841 0.131173
0 0.102014 0.130015 0.099174 0.143904 0.116736 0.145640
0 0.132231 0.010802 0.138171 0.018519 0.125517 0.038966
0 0.134814 0.049769 0.143595 0.052855 0.137267 0.063465
0 0.168647 0.016975 0.175878 0.025849 0.157154 0.042824
0 0.184659 0.032793 0.179236 0.023920 0.167613 0.048804
0 0.150310 0.065972 0.156508 0.059799 0.160124 0.081404
0 0.195506 0.011960 0.196798 0.021605 0.179236 0.016976
0 0.198605 0.017747 0.204287 0.013503 0.207516 0.035301
0 0.206870 0.016975 0.210744 0.024691 0.195765 0.034915
0 0.182851 0.020062 0.177169 0.028549 0.191761 0.038002
0 0.294938 0.011960 0.290289 0.023534 0.309142 0.027778
0 0.102789 0.036651 0.113378 0.036651 0.108083 0.065200
0 0.112603 0.057099 0.106921 0.064043 0.115573 0.080054
0 0.114928 0.045910 0.114153 0.055170 0.132619 0.050540
0 0.114153 0.037809 0.114153 0.050154 0.136235 0.038002
0 0.127583 0.038580 0.126291 0.047068 0.138429 0.042824
0 0.100207 0.072917 0.104855 0.067901 0.109633 0.093364
0 0.100723 0.109182 0.106921 0.103781 0.109504 0.123071
0 0.096849 0.092207 0.102014 0.087963 0.112216 0.117670
0 0.128874 0.180556 0.136880 0.187500 0.126808 0.201968
0 0.868285 0.680170 0.870093 0.696373 0.849561 0.690394
0 0.876808 0.704475 0.886622 0.694059 0.872159 0.670717
0 0.830062 0.710262 0.832128 0.726080 0.849948 0.716628
0 0.856921 0.791667 0.868027 0.790123 0.861312 0.760031
0 0.782800 0.779707 0.783574 0.765818 0.767046 0.772763
0 0.769370 0.788194 0.772986 0.804784 0.787319 0.795524
0 0.794163 0.840278 0.803977 0.848380 0.805397 0.821953
0 0.889205 0.742670 0.902893 0.752701 0.888946 0.776428
0 0.926136 0.761960 0.925362 0.778935 0.908703 0.765818
0 0.911157 0.799383 0.920455 0.802083 0.915806 0.828704
0 0.929236 0.788966 0.935950 0.798997 0.921229 0.810764
0 0.927169 0.791667 0.922262 0.805556 0.910124 0.783951
0 0.906767 0.905093 0.913998 0.905093 0.912061 0.880016
0 0.873192 0.908951 0.882490 0.908179 0.877841 0.885610
0 0.857696 0.906250 0.866994 0.914352 0.865703 0.896798
0 0.847624 0.904321 0.856405 0.910880 0.857567 0.880980
0 0.839618 0.849537 0.851240 0.851466 0.845429 0.819252
0 0.810950 0.853009 0.806043 0.839892 0.819731 0.838156
0 0.838843 0.909722 0.845816 0.901235 0.835485 0.882716
0 0.784091 0.901235 0.787965 0.915123 0.803331 0.892939
0 0.774793 0.898920 0.779184 0.908179 0.786286 0.890046
0 0.761622 0.884645 0.767304 0.896991 0.777505 0.878665
0 0.924845 0.694059 0.931560 0.709877 0.911286 0.710841
0 0.925362 0.662037 0.924845 0.675540 0.908575 0.668789
0 0.921746 0.657022 0.925362 0.645062 0.905217 0.641397
0 0.924587 0.613426 0.930785 0.623843 0.913739 0.632909
0 0.776085 0.826003 0.778409 0.810185 0.759169 0.815780
0 0.774793 0.832562 0.778409 0.820602 0.790031 0.838156
0 0.742510 0.903164 0.750517 0.910880 0.752453 0.887153
0 0.716942 0.908951 0.727014 0.910494 0.721978 0.885995
0 0.693182 0.910494 0.703771 0.910880 0.698476 0.881173
0 0.682076 0.908951 0.691374 0.904321 0.684272 0.878665
0 0.656767 0.908951 0.670971 0.912423 0.663869 0.882716
0 0.609246 0.871914 0.609246 0.854938 0.627970 0.863426
0 0.619318 0.914352 0.629907 0.907793 0.621514 0.888503
0 0.598140 0.909722 0.607438 0.911651 0.602789 0.880016
0 0.575671 0.907793 0.585227 0.914352 0.586002 0.882331
0 0.570764 0.895062 0.578254 0.903549 0.581095 0.879822
0 0.565341 0.910880 0.573347 0.909722 0.567665 0.879630
0 0.560176 0.878086 0.565857 0.890046 0.574510 0.871721
0 0.541064 0.909722 0.549070 0.914352 0.548424 0.887925
0 0.554494 0.908179 0.561467 0.905093 0.557980 0.883487
0 0.531508 0.910880 0.539773 0.916281 0.538998 0.889275
0 0.533574 0.906250 0.522211 0.912423 0.526601 0.884066
0 0.503616 0.913580 0.512655 0.904707 0.500000 0.881944
0 0.418905 0.899691 0.425878 0.916667 0.439566 0.891590
0 0.392820 0.897377 0.402634 0.913580 0.412061 0.885609
0 0.377324 0.889275 0.382748 0.903935 0.394112 0.877894
0 0.354855 0.904707 0.367510 0.910108 0.363378 0.874614
0 0.361570 0.855324 0.358729 0.874614 0.343620 0.861304
0 0.336519 0.885031 0.347882 0.883488 0.336002 0.851466
0 0.350207 0.831790 0.361054 0.829090 0.354210 0.807098
0 0.342459 0.920139 0.349432 0.910880 0.335098 0.899884
0 0.353306 0.912037 0.358213 0.902006 0.342201 0.895833
0 0.301911 0.910880 0.309401 0.918210 0.308368 0.892361
0 0.292097 0.910880 0.301911 0.910880 0.297004 0.886575
0 0.274277 0.907022 0.283316 0.918210 0.284220 0.892361
0 0.268853 0.915895 0.274277 0.898920 0.258523 0.890818
0 0.249742 0.917438 0.255165 0.899691 0.234633 0.898534
0 0.180785 0.915895 0.189308 0.905093 0.176782 0.894097
0 0.162448 0.905093 0.163740 0.892361 0.146565 0.896412
0 0.138430 0.912037 0.143337 0.907793 0.136751 0.896219
0 0.130682 0.909722 0.136364 0.903164 0.127325 0.886188
0 0.100207 0.877315 0.104339 0.886574 0.116735 0.864969
0 0.112603 0.908951 0.122417 0.903164 0.112474 0.879630
0 0.104597 0.907407 0.112087 0.900077 0.098399 0.876157
0 0.083419 0.851852 0.089101 0.857253 0.096203 0.832947
0 0.080837 0.866127 0.087293 0.875386 0.093233 0.855131
0 0.086002 0.882330 0.092200 0.890432 0.099173 0.867669
0 0.095816 0.422454 0.093233 0.433256 0.111699 0.438465
0 0.103564 0.426312 0.111312 0.423225 0.107438 0.406250
0 0.103564 0.429398 0.107438 0.441358 0.118285 0.432291
0 0.094525 0.372299 0.091167 0.385417 0.107438 0.386381
0 0.099948 0.368441 0.101240 0.378086 0.118802 0.371721
0 0.088585 0.366512 0.097366 0.375000 0.098399 0.353202
0 0.094525 0.303241 0.103306 0.315972 0.106018 0.293596
0 0.092459 0.243827 0.097882 0.261188 0.108988 0.243441
0 0.094783 0.194830 0.101498 0.189429 0.102531 0.216243
0 0.110279 0.229552 0.105888 0.221065 0.123837 0.216242
0 0.106921 0.183642 0.101498 0.189429 0.111183 0.204668
0 0.102014 0.167824 0.102789 0.178627 0.118543 0.173226
0 0.096591 0.180556 0.098657 0.192515 0.113378 0.179205
0 0.097624 0.145448 0.105114 0.139660 0.108213 0.156635
0 0.110795 0.158179 0.106663 0.147762 0.125258 0.152971
0 0.626291 0.177469 0.635589 0.181327 0.629003 0.200810
0 0.601756 0.222994 0.603822 0.241898 0.585485 0.232446
0 0.575671 0.156250 0.571798 0.138503 0.554106 0.149498
0 0.824122 0.192130 0.834711 0.204090 0.833032 0.181713
0 0.880682 0.182485 0.887913 0.198302 0.895015 0.182870
0 0.794938 0.027392 0.797521 0.016590 0.813404 0.025077
0 0.886364 0.045525 0.895145 0.041667 0.894629 0.069445
0 0.890496 0.094522 0.896436 0.104167 0.882748 0.108025
0 0.888946 0.116127 0.884814 0.107639 0.876162 0.125000
0 0.894628 0.116898 0.896694 0.128472 0.884943 0.123649
0 0.911932 0.137731 0.918388 0.145833 0.907541 0.157793
0 0.917097 0.192130 0.923037 0.184028 0.912319 0.169561
0 0.914256 0.195216 0.921488 0.195216 0.917743 0.171875
0 0.914256 0.195216 0.916581 0.206790 0.899922 0.206597
0 0.919680 0.234568 0.915806 0.241512 0.900310 0.220293
0 0.923812 0.239969 0.920455 0.251543 0.911544 0.239969
0 0.698347 0.238040 0.702738 0.224923 0.685434 0.223573
0 0.745351 0.240355 0.756973 0.248071 0.747030 0.263503
0 0.870868 0.035880 0.878616 0.027392 0.882877 0.052855
0 0.874483 0.040509 0.883523 0.042824 0.878874 0.059606
