0 0.436467 0.227623 0.446281 0.226466 0.449638 0.280478
0 0.456095 0.285494 0.463068 0.29784 0.490186 0.25733
0 0.489669 0.289352 0.497934 0.300154 0.516529 0.256559
0 0.490961 0.224923 0.495351 0.209491 0.454029 0.200617
0 0.487603 0.178627 0.492252 0.166667 0.522469 0.202546
0 0.449122 0.165123 0.453512 0.15162 0.488378 0.167824
0 0.362345 0.176698 0.360537 0.157407 0.40625 0.154321
0 0.518595 0.162809 0.518595 0.148534 0.563017 0.153549
0 0.583678 0.202546 0.576705 0.190201 0.60124 0.171682
0 0.614153 0.185957 0.610795 0.173611 0.645145 0.158179
0 0.604597 0.221065 0.604339 0.205247 0.642045 0.207176
0 0.66064 0.163966 0.673554 0.167824 0.66374 0.226852
0 0.631715 0.277006 0.641787 0.278935 0.638171 0.221836
0 0.5953 0.303627 0.5922 0.290509 0.622676 0.281636
0 0.599174 0.315586 0.591426 0.328704 0.559401 0.28858
0 0.55811 0.347994 0.553461 0.334877 0.580062 0.321373
0 0.493285 0.43287 0.493543 0.416667 0.532283 0.420525
0 0.580579 0.362654 0.592717 0.346451 0.616219 0.41088
0 0.627066 0.419367 0.616219 0.41088 0.638688 0.360725
0 0.646436 0.32909 0.642562 0.315586 0.607696 0.345293
0 0.653667 0.365355 0.666581 0.365355 0.658058 0.315201
0 0.665806 0.304784 0.657283 0.295139 0.686983 0.257716
0 0.694731 0.252701 0.700155 0.247685 0.710227 0.280864
0 0.717975 0.263117 0.727273 0.253858 0.741219 0.309799
0 0.707903 0.195988 0.712293 0.185957 0.735537 0.223765
0 0.678719 0.13696 0.685692 0.126543 0.714101 0.17554
0 0.481663 0.113812 0.481147 0.103009 0.51343 0.104938
0 0.524277 0.105324 0.514205 0.10108 0.5 0.148534
0 0.46436 0.089892 0.471333 0.085648 0.482438 0.134259
0 0.498709 0.092593 0.497159 0.07716 0.5328 0.067515
0 0.534607 0.122299 0.527118 0.114969 0.545196 0.07446
0 0.544938 0.090664 0.547521 0.078318 0.576705 0.097608 0.545971 0.091049
0 0.565083 0.103395 0.568957 0.086806 0.613378 0.121528
0 0.605888 0.08179 0.604597 0.068673 0.643853 0.07909
0 0.559401 0.032793 0.569473 0.01929 0.596591 0.069444
0 0.60718 0.021219 0.60124 0.033565 0.639979 0.052855
0 0.58781 0.027006 0.595558 0.017361 0.622676 0.065586
0 0.482955 0.048997 0.486312 0.037423 0.519886 0.049383
0 0.471333 0.027778 0.479339 0.025077 0.475981 0.076389
0 0.478048 0.013503 0.471591 0.02392 0.505682 0.066358
0 0.466167 0.01929 0.457386 0.024306 0.467717 0.070216
0 0.457128 0.013503 0.450155 0.02392 0.485795 0.065586
0 0.448864 0.017361 0.436467 0.01929 0.453254 0.073302
0 0.420455 0.025077 0.429494 0.017361 0.454029 0.077932
0 0.406767 0.025849 0.417097 0.026235 0.408058 0.082176
0 0.376033 0.009645 0.369576 0.020062 0.405475 0.054012
0 0.362862 0.016204 0.373192 0.01659 0.37345 0.076389
0 0.364153 0.056713 0.372159 0.066744 0.34814 0.107253
0 0.35718 0.041667 0.363636 0.052855 0.337035 0.077932
0 0.337293 0.018519 0.34814 0.01466 0.348915 0.065586
0 0.333419 0.017361 0.323605 0.01466 0.315083 0.084105
0 0.31405 0.011574 0.323605 0.018133 0.299587 0.057099
0 0.321798 0.116898 0.321798 0.099537 0.364928 0.122685
0 0.29907 0.146605 0.29907 0.133873 0.326705 0.133873
0 0.289256 0.189043 0.298295 0.194059 0.283574 0.23804
0 0.315857 0.255401 0.311209 0.237269 0.357955 0.217978
0 0.20532 0.241127 0.211777 0.232253 0.179752 0.196759
0 0.147986 0.189815 0.137655 0.180556 0.165289 0.129244
0 0.135589 0.112654 0.131715 0.095679 0.179752 0.08179
0 0.118285 0.091435 0.129907 0.089506 0.138171 0.158951
0 0.186209 0.080247 0.186209 0.064815 0.23063 0.070602
0 0.263688 0.143519 0.269628 0.129244 0.300362 0.168596
0 0.265496 0.024306 0.259298 0.012731 0.228048 0.039352
0 0.200413 0.018133 0.207386 0.008873 0.235795 0.050926
0 0.188017 0.010417 0.19499 0.020062 0.166064 0.05517
0 0.126808 0.043596 0.126808 0.027778 0.163998 0.037423
0 0.12345 0.069444 0.124742 0.050154 0.16813 0.068287
0 0.373967 0.360725 0.370868 0.371142 0.338585 0.352238
0 0.368802 0.412037 0.357696 0.404321 0.374483 0.369599
0 0.31844 0.469522 0.325413 0.457948 0.294421 0.420525
0 0.2797 0.382716 0.275826 0.36767 0.241736 0.397377
0 0.235021 0.462191 0.224948 0.452546 0.252583 0.408179
0 0.183626 0.433256 0.173037 0.427469 0.197831 0.382716
0 0.160382 0.445602 0.146694 0.44946 0.144628 0.384645
0 0.238378 0.358796 0.247417 0.35571 0.222107 0.308642
0 0.238636 0.319059 0.244318 0.30787 0.271952 0.347222
0 0.16219 0.34838 0.152634 0.341435 0.170455 0.297068
0 0.129907 0.302083 0.120351 0.294367 0.136364 0.25463
0 0.133781 0.400077 0.125517 0.397377 0.129907 0.371528
0 0.115702 0.378086 0.123967 0.38696 0.143337 0.335648
0 0.109246 0.361497 0.115702 0.373071 0.138171 0.32909
0 0.114928 0.55054 0.109246 0.540895 0.130424 0.525849
0 0.407025 0.569059 0.398502 0.560185 0.377324 0.614198
0 0.365186 0.832176 0.366477 0.812886 0.414256 0.833333
0 0.259298 0.842978 0.253874 0.826775 0.289514 0.792824
0 0.171488 0.830633 0.183626 0.825617 0.16374 0.760802
0 0.104339 0.711806 0.114669 0.702932 0.130165 0.769676
0 0.172521 0.684799 0.165548 0.671296 0.131198 0.719522
0 0.198605 0.695216 0.207386 0.68287 0.170713 0.650849
0 0.180269 0.627701 0.192665 0.623071 0.179752 0.570216
0 0.140238 0.601852 0.128874 0.597994 0.127324 0.665509
0 0.10563 0.574846 0.109504 0.559414 0.148244 0.594136
0 0.268079 0.85571 0.264205 0.842207 0.228048 0.876929
0 0.262913 0.890432 0.277376 0.893133 0.268079 0.837191
0 0.284349 0.88233 0.293388 0.890432 0.308884 0.842978
0 0.297262 0.896991 0.290289 0.886188 0.321281 0.85571
0 0.357955 0.896991 0.352789 0.880401 0.402634 0.861497
0 0.469783 0.899691 0.471074 0.886188 0.42562 0.875772
0 0.481405 0.891204 0.472882 0.899691 0.451446 0.850694
0 0.128874 0.884259 0.124742 0.871142 0.16219 0.86304
0 0.117252 0.875 0.114411 0.861497 0.155217 0.846836
0 0.107438 0.853781 0.115186 0.866898 0.144112 0.814043
0 0.596333 0.729167 0.59375 0.709877 0.640238 0.711034
0 0.492769 0.789738 0.490961 0.776235 0.459452 0.79784
0 0.441374 0.684028 0.441374 0.664352 0.481405 0.673225
0 0.655475 0.882716 0.656767 0.864969 0.607696 0.871914
0 0.70093 0.888503 0.69499 0.902006 0.663223 0.866898
0 0.722624 0.888117 0.725981 0.871142 0.684659 0.861111
0 0.752324 0.873843 0.763946 0.874614 0.750517 0.812886
0 0.770403 0.89429 0.776343 0.880401 0.732955 0.857253
0 0.74406 0.896219 0.750517 0.902778 0.777118 0.871914
0 0.802169 0.864198 0.794938 0.852623 0.775826 0.893133 0.801136 0.865355
0 0.673037 0.80054 0.667872 0.788966 0.697572 0.770833
0 0.698347 0.758873 0.69938 0.74537 0.732955 0.760802
0 0.761364 0.780093 0.75439 0.76659 0.785382 0.753472
0 0.743543 0.607639 0.751808 0.596065 0.781508 0.640432
0 0.826705 0.815972 0.827479 0.796682 0.785899 0.798611
0 0.8125 0.761188 0.820764 0.749614 0.842975 0.789738
0 0.850723 0.826775 0.858213 0.814043 0.829287 0.78125
0 0.778151 0.70216 0.771694 0.685957 0.814308 0.666281
0 0.831353 0.647377 0.824897 0.632716 0.791322 0.66821
0 0.860795 0.678241 0.872676 0.670525 0.850465 0.621142
0 0.889205 0.650077 0.895661 0.637346 0.862345 0.606481
0 0.922779 0.636574 0.922779 0.649306 0.886622 0.653935
0 0.915806 0.689815 0.917614 0.674383 0.875258 0.672454
0 0.916581 0.701389 0.917872 0.687886 0.883523 0.688657
0 0.882748 0.70409 0.879649 0.686728 0.838843 0.711034
0 0.864153 0.76659 0.872676 0.760031 0.858988 0.715664
0 0.932593 0.658951 0.926136 0.646219 0.893337 0.695216
0 0.892045 0.710648 0.883006 0.701003 0.871901 0.745756
0 0.911415 0.735725 0.915289 0.719522 0.883006 0.701003
0 0.921746 0.707948 0.922521 0.711034 0.924845 0.722222 0.877841 0.722222
0 0.92407 0.687886 0.927428 0.705247 0.878874 0.716821
0 0.901085 0.741898 0.898244 0.753472 0.86751 0.750386
0 0.912707 0.756173 0.909349 0.765818 0.878874 0.736111
0 0.89437 0.786265 0.90625 0.78588 0.898244 0.734182
0 0.879132 0.767747 0.886622 0.771605 0.87061 0.803241
0 0.884814 0.759259 0.874483 0.751157 0.868027 0.801312
0 0.871901 0.826389 0.862345 0.828318 0.865444 0.772377
0 0.879132 0.793981 0.879132 0.780093 0.911157 0.794753
0 0.931818 0.760031 0.927428 0.74537 0.900826 0.770833
0 0.924329 0.782407 0.918905 0.765818 0.888688 0.783951
0 0.927428 0.778164 0.923554 0.762731 0.886622 0.776235
0 0.917872 0.734182 0.924329 0.743827 0.91374 0.78588
0 0.93311 0.731096 0.924845 0.717593 0.908058 0.759259
0 0.822314 0.891975 0.828512 0.884645 0.794421 0.837963
0 0.833678 0.892361 0.824638 0.888117 0.835744 0.836034
0 0.83781 0.905478 0.840393 0.893133 0.801395 0.882716
0 0.849432 0.898148 0.85563 0.881559 0.802169 0.857253
0 0.708678 0.500772 0.70532 0.488812 0.672262 0.515046
0 0.689308 0.542824 0.698347 0.535108 0.708419 0.58642
0 0.725465 0.472608 0.737087 0.461806 0.74845 0.521605
0 0.768079 0.48341 0.779442 0.484954 0.772986 0.53125
0 0.777634 0.442515 0.7797 0.427083 0.740702 0.415509
0 0.832645 0.48341 0.844783 0.484182 0.834969 0.548997
0 0.893337 0.580633 0.902376 0.578704 0.900826 0.622299
0 0.926653 0.587191 0.932076 0.598765 0.90625 0.621914
0 0.918388 0.531636 0.924845 0.546682 0.889463 0.570988
0 0.898244 0.493056 0.907541 0.499614 0.893337 0.549769
0 0.923554 0.52392 0.91968 0.509259 0.890496 0.530478
0 0.931818 0.505401 0.922779 0.516204 0.90031 0.458333
0 0.900826 0.481096 0.898244 0.462191 0.858213 0.493056
0 0.890496 0.442901 0.90031 0.451389 0.879649 0.501543
0 0.906767 0.425154 0.917097 0.432099 0.893079 0.478395
0 0.854339 0.41088 0.862087 0.414738 0.865444 0.377315
0 0.884298 0.377315 0.89437 0.388889 0.870093 0.434028
0 0.931818 0.390432 0.924845 0.385802 0.913998 0.429012
0 0.926911 0.380787 0.920196 0.378086 0.909349 0.424383
0 0.918388 0.375 0.924329 0.379244 0.893079 0.416667
0 0.917614 0.360725 0.918388 0.375 0.888171 0.382716
0 0.769886 0.268904 0.770661 0.278935 0.737087 0.282793 0.771952 0.267361
0 0.79313 0.302855 0.797004 0.286265 0.749742 0.264275
0 0.797004 0.216821 0.808626 0.212191 0.813017 0.279707
0 0.739411 0.213349 0.746643 0.221836 0.764721 0.174383
0 0.735795 0.234568 0.729855 0.220679 0.764721 0.201389
0 0.793905 0.168981 0.800878 0.176312 0.818957 0.141975
0 0.777118 0.162037 0.785382 0.150463 0.810434 0.188272
0 0.749225 0.185957 0.751291 0.167052 0.712552 0.166667
0 0.737603 0.144676 0.744576 0.13233 0.769112 0.167824
0 0.71436 0.151235 0.717717 0.163194 0.745868 0.143519
0 0.703254 0.149691 0.699638 0.135802 0.741477 0.131944
0 0.707128 0.130015 0.703254 0.118441 0.737087 0.097608
0 0.685176 0.11304 0.685434 0.097608 0.724174 0.093364
0 0.669938 0.089506 0.674845 0.077932 0.716942 0.11304
0 0.645145 0.048225 0.655733 0.042438 0.665289 0.100309
0 0.667097 0.062886 0.674329 0.054012 0.696281 0.090664
0 0.677686 0.033951 0.687758 0.035494 0.675103 0.095293
0 0.628616 0.03588 0.634298 0.027006 0.674845 0.05787
0 0.637655 0.015432 0.634298 0.027006 0.676911 0.039352
0 0.709711 0.033951 0.718233 0.035494 0.70532 0.091821
0 0.736829 0.039738 0.743543 0.028935 0.765496 0.068673
0 0.726756 0.025849 0.718233 0.035494 0.749225 0.07446
0 0.68905 0.036651 0.692407 0.022377 0.732955 0.055941
0 0.769112 0.052083 0.772469 0.044367 0.796488 0.079861
0 0.771694 0.031636 0.766787 0.045525 0.803977 0.05787
0 0.797521 0.045139 0.807335 0.03858 0.822831 0.099537
0 0.810692 0.029707 0.803461 0.03858 0.828771 0.066358
0 0.78874 0.037809 0.794938 0.027006 0.825413 0.05517
0 0.814308 0.11304 0.821539 0.103009 0.8422 0.143904
0 0.849948 0.143519 0.85563 0.155478 0.821539 0.174769
0 0.874483 0.131173 0.873192 0.116898 0.837552 0.128086
0 0.842975 0.099537 0.852531 0.100309 0.856405 0.145448
0 0.8453 0.087963 0.837552 0.081019 0.824638 0.118441
0 0.832386 0.070602 0.834452 0.082176 0.856405 0.056713
0 0.827996 0.039352 0.824122 0.052855 0.864153 0.070216
0 0.835744 0.031636 0.844008 0.03588 0.827996 0.078318
0 0.887913 0.209105 0.877583 0.202546 0.864928 0.260417
0 0.877841 0.191744 0.879649 0.202546 0.833161 0.199846
0 0.871126 0.185957 0.883006 0.19213 0.859504 0.243827
0 0.87061 0.16088 0.878357 0.153164 0.895145 0.207562
0 0.924329 0.195988 0.918905 0.185185 0.897727 0.222608
0 0.92562 0.190972 0.918388 0.18017 0.877583 0.202546
0 0.923037 0.165895 0.915031 0.16088 0.895919 0.21412
0 0.911415 0.151235 0.918388 0.16088 0.892045 0.199846 0.910124 0.152392
0 0.920196 0.137731 0.912707 0.127315 0.888171 0.178627
0 0.927944 0.112654 0.919163 0.103395 0.904959 0.149691
0 0.892045 0.134259 0.880424 0.130401 0.875 0.185957
0 0.893853 0.104938 0.882231 0.101466 0.884298 0.149691
0 0.885331 0.094522 0.878357 0.089506 0.867252 0.140046
0 0.864669 0.082948 0.877583 0.081019 0.875775 0.147377
0 0.899019 0.095679 0.911157 0.095679 0.891787 0.17284
0 0.908574 0.069444 0.915031 0.076003 0.892562 0.108025
0 0.923554 0.066358 0.914514 0.061728 0.908833 0.113812
0 0.895661 0.056713 0.904184 0.058642 0.893853 0.104938
0 0.904959 0.052855 0.913223 0.059028 0.893853 0.104938
0 0.868543 0.059799 0.862087 0.066744 0.883523 0.09375
0 0.850723 0.045139 0.858988 0.039738 0.873709 0.07716
0 0.864928 0.041667 0.871384 0.03858 0.877583 0.081019
0 0.877066 0.037423 0.868543 0.034722 0.877583 0.081019
0 0.889205 0.033565 0.87655 0.033951 0.882231 0.082948
0 0.852014 0.028164 0.849432 0.039352 0.898502 0.062886
0 0.839618 0.037809 0.849948 0.032793 0.875 0.066744
0 0.888171 0.271605 0.878616 0.260031 0.858471 0.313657
0 0.821023 0.326775 0.813275 0.319059 0.798554 0.364969
0 0.905992 0.304784 0.899277 0.29591 0.875 0.334877
0 0.91813 0.3125 0.920713 0.322917 0.888171 0.339506
0 0.926136 0.33179 0.920713 0.322917 0.888171 0.357253
0 0.924329 0.342593 0.92562 0.322531 0.877583 0.320216
0 0.929494 0.253858 0.920455 0.260031 0.908574 0.221065
0 0.922262 0.226466 0.914514 0.21875 0.895145 0.270062
0 0.91219 0.249614 0.915548 0.257716 0.892562 0.302083
0 0.920713 0.248457 0.920455 0.260031 0.882231 0.255787
0 0.925878 0.262731 0.915548 0.261574 0.902893 0.310957
0 0.926911 0.275077 0.925878 0.262731 0.890496 0.280478
0 0.909091 0.831019 0.911932 0.88233 0.921488 0.878086
0 0.87939 0.826003 0.907541 0.861883 0.913481 0.851466
0 0.894886 0.834491 0.92407 0.819059 0.925362 0.834491
0 0.923812 0.814429 0.919163 0.804784 0.894112 0.838349
0 0.886622 0.828318 0.922779 0.809028 0.920713 0.799383
0 0.927686 0.805941 0.927428 0.796682 0.892562 0.79784
0 0.923554 0.792052 0.916322 0.800926 0.901085 0.775077
0 0.858471 0.880787 0.844267 0.900077 0.840909 0.895448
0 0.854339 0.854167 0.859246 0.900077 0.86751 0.896219
0 0.845816 0.859182 0.872934 0.895833 0.865961 0.899691
0 0.853822 0.848765 0.878357 0.892747 0.87061 0.895833
0 0.899277 0.891975 0.86312 0.879244 0.897727 0.902392
0 0.860279 0.84375 0.892304 0.88696 0.884298 0.897762
0 0.857955 0.824846 0.875775 0.862654 0.868543 0.869599
0 0.865961 0.830633 0.887655 0.879244 0.89437 0.873843
0 0.879907 0.839892 0.901343 0.889275 0.9078 0.881559
0 0.888688 0.880401 0.912965 0.887731 0.912965 0.874614
0 0.884556 0.840664 0.911415 0.876929 0.9078 0.881559
0 0.883781 0.854552 0.913223 0.862654 0.912965 0.872685