0 0.210357 0.791860 0.013171 0.028935
0 0.238572 0.809992 0.020015 0.015818
0 0.256198 0.851755 0.008781 0.030285
0 0.242058 0.852238 0.020790 0.016204
0 0.250129 0.855903 0.019370 0.019676
0 0.333484 0.730035 0.016400 0.016397
0 0.386234 0.706211 0.019370 0.017361
0 0.404636 0.615452 0.013559 0.015625
0 0.471720 0.718750 0.014204 0.028550
0 0.449122 0.806520 0.017045 0.017361
0 0.430592 0.843268 0.018208 0.021026
0 0.356921 0.830826 0.016012 0.018132
0 0.308304 0.831019 0.015625 0.020061
0 0.568698 0.696277 0.024793 0.021412
0 0.579675 0.778742 0.015754 0.031250
0 0.603177 0.764854 0.010589 0.024305
0 0.524922 0.919753 0.010073 0.027778
0 0.540547 0.923418 0.010331 0.028936
0 0.552105 0.924190 0.012784 0.020448
0 0.561984 0.933739 0.017046 0.019869
0 0.572960 0.798032 0.017304 0.018133
0 0.489863 0.924768 0.012268 0.031636
0 0.501808 0.920332 0.011364 0.029706
0 0.462745 0.923901 0.013300 0.024113
0 0.475917 0.915027 0.010977 0.030286
0 0.449768 0.924575 0.011622 0.025077
0 0.426976 0.936439 0.012525 0.015240
0 0.428202 0.918210 0.010331 0.032408
0 0.412707 0.925829 0.014979 0.022570
0 0.384233 0.925829 0.015883 0.022570
0 0.604920 0.924576 0.017432 0.022763
0 0.361635 0.931520 0.019757 0.022762
0 0.363765 0.910783 0.007489 0.030285
0 0.346461 0.920042 0.018337 0.018711
0 0.325542 0.908854 0.011105 0.030285
0 0.304236 0.923611 0.009814 0.026234
0 0.299845 0.916956 0.011364 0.026428
0 0.275762 0.917824 0.015367 0.010803
0 0.277376 0.926891 0.016529 0.012731
0 0.290096 0.904514 0.015883 0.015046
0 0.272275 0.891204 0.013043 0.022376
0 0.262655 0.906829 0.023244 0.017361
0 0.629520 0.930170 0.015755 0.018518
0 0.303978 0.705440 0.012397 0.024306
0 0.275181 0.745370 0.019886 0.014661
0 0.244576 0.597126 0.013429 0.030671
0 0.225723 0.568577 0.011880 0.027585
0 0.215780 0.673225 0.019370 0.015432
0 0.207451 0.725116 0.017691 0.018904
0 0.184594 0.707561 0.017433 0.014661
0 0.185305 0.659722 0.008006 0.019290
0 0.166903 0.667824 0.013559 0.016204
0 0.158510 0.607735 0.014850 0.025656
0 0.126163 0.570409 0.012655 0.026620
0 0.149148 0.564236 0.017820 0.019676
0 0.175103 0.511189 0.020144 0.017747
0 0.187629 0.477237 0.011622 0.024691
0 0.265625 0.436246 0.012138 0.033758
0 0.307141 0.468364 0.014850 0.027777
0 0.344395 0.517361 0.012655 0.034722
0 0.439889 0.429784 0.022857 0.022376
0 0.455126 0.403936 0.011493 0.021605
0 0.308561 0.357253 0.017691 0.032407
0 0.270791 0.377219 0.016271 0.027585
0 0.233536 0.386864 0.009427 0.022955
0 0.231792 0.361208 0.014205 0.020641
0 0.354533 0.082176 0.018724 0.023148
0 0.326446 0.126929 0.016012 0.013889
0 0.374613 0.172068 0.018337 0.016204
0 0.406766 0.179398 0.021694 0.020062
0 0.215522 0.188754 0.008523 0.027971
0 0.212164 0.154707 0.018336 0.015432
0 0.250839 0.114969 0.024406 0.022376
0 0.243608 0.100019 0.009944 0.022184
0 0.278538 0.042246 0.019886 0.018905
0 0.330708 0.054977 0.013171 0.026620
0 0.419744 0.041281 0.019499 0.016976
0 0.439631 0.045814 0.015883 0.017554
0 0.498128 0.038002 0.017174 0.014275
0 0.512073 0.080247 0.015625 0.027006
0 0.569603 0.117283 0.016271 0.017747
0 0.543260 0.189429 0.021953 0.021604
0 0.571346 0.047743 0.015367 0.017554
0 0.548682 0.042438 0.012655 0.016204
0 0.525504 0.039931 0.014850 0.014275
0 0.642046 0.286844 0.011363 0.029706
0 0.208032 0.052951 0.011622 0.033372
0 0.220687 0.060475 0.011622 0.030671
0 0.240638 0.065683 0.011493 0.030285
0 0.222495 0.040702 0.017820 0.012732
0 0.181818 0.089892 0.009814 0.033179
0 0.167355 0.140818 0.007231 0.027006
0 0.148179 0.104552 0.022082 0.016203
0 0.153151 0.108604 0.010330 0.024305
0 0.143336 0.147569 0.008781 0.026621
0 0.139398 0.174576 0.013817 0.018905
0 0.136170 0.196180 0.009943 0.026620
0 0.142885 0.183835 0.017175 0.018132
0 0.151214 0.184028 0.018337 0.018518
0 0.151795 0.215953 0.007619 0.022955
0 0.152247 0.260995 0.009556 0.021991
0 0.175490 0.231481 0.006457 0.027006
0 0.166903 0.286169 0.013559 0.020641
0 0.194215 0.337963 0.011364 0.032408
0 0.223657 0.355325 0.011880 0.029321
0 0.156250 0.050637 0.007748 0.023341
0 0.154765 0.087963 0.013559 0.016976
0 0.148567 0.076003 0.014075 0.021605
0 0.148954 0.056713 0.017432 0.013889
0 0.166516 0.047164 0.011751 0.014853
0 0.612410 0.078897 0.018724 0.018905
0 0.697056 0.154707 0.025310 0.022376
0 0.696216 0.275270 0.025956 0.028164
0 0.668517 0.344715 0.016271 0.017361
0 0.678977 0.076003 0.021694 0.016204
0 0.707774 0.096643 0.025568 0.019675
0 0.715974 0.084298 0.014850 0.020447
0 0.715328 0.053048 0.017950 0.019676
0 0.747030 0.047936 0.015754 0.021026
0 0.790677 0.062018 0.009556 0.026814
0 0.803848 0.090471 0.017820 0.018904
0 0.818247 0.104649 0.017433 0.017940
0 0.764850 0.090567 0.011622 0.024499
0 0.760396 0.116512 0.017433 0.017747
0 0.771049 0.149885 0.016787 0.018133
0 0.804235 0.175540 0.019112 0.014660
0 0.813920 0.204475 0.022985 0.023148
0 0.810498 0.228299 0.012267 0.022183
0 0.801265 0.286458 0.018337 0.018904
0 0.760072 0.252219 0.021694 0.023341
0 0.748709 0.209587 0.016012 0.025270
0 0.853306 0.258005 0.011364 0.018711
0 0.898373 0.238715 0.014204 0.036844
0 0.913288 0.184799 0.018983 0.023148
0 0.945958 0.185860 0.015109 0.021412
0 0.948218 0.202643 0.013172 0.025656
0 0.952673 0.274499 0.008910 0.024305
0 0.951188 0.331886 0.018595 0.018325
0 0.943634 0.345872 0.020790 0.019676
0 0.922004 0.378665 0.023244 0.018904
0 0.841942 0.349634 0.011364 0.025655
0 0.815341 0.333430 0.008781 0.020641
0 0.776149 0.329379 0.012267 0.032986
0 0.803138 0.428820 0.019240 0.021219
0 0.853952 0.454090 0.022985 0.023919
0 0.896307 0.429881 0.012655 0.030286
0 0.950994 0.394869 0.015367 0.020448
0 0.944925 0.461902 0.017174 0.016782
0 0.941762 0.481771 0.014721 0.017940
0 0.958613 0.454475 0.014076 0.027006
0 0.839811 0.579476 0.020273 0.024691
0 0.876292 0.513599 0.014463 0.031057
0 0.889914 0.637442 0.017691 0.022956
0 0.828642 0.659336 0.014721 0.020833
0 0.873450 0.723766 0.013429 0.030093
0 0.937113 0.697338 0.019370 0.032794
0 0.941955 0.630980 0.018983 0.021990
0 0.958226 0.606289 0.010718 0.028935
0 0.956225 0.594618 0.014721 0.019483
0 0.952415 0.539545 0.010460 0.028936
0 0.948928 0.521991 0.020015 0.015432
0 0.954287 0.501833 0.016012 0.017554
0 0.952931 0.483217 0.016142 0.021991
0 0.901085 0.790702 0.015496 0.032021
0 0.881198 0.843171 0.014980 0.024305
0 0.869447 0.919367 0.012139 0.030093
0 0.885330 0.925058 0.016012 0.026428
0 0.918518 0.914063 0.016787 0.028357
0 0.936918 0.907118 0.009685 0.028357
0 0.814631 0.747685 0.021307 0.020062
0 0.859375 0.755498 0.014722 0.033372
0 0.833806 0.812982 0.020403 0.022955
0 0.813017 0.820699 0.013947 0.026428
0 0.797844 0.851466 0.022340 0.023920
0 0.783252 0.875965 0.018725 0.015047
0 0.800233 0.914738 0.012655 0.027007
0 0.796293 0.897763 0.023373 0.016975
0 0.771630 0.754244 0.016658 0.022377
0 0.685176 0.759549 0.022727 0.017940
0 0.690341 0.802083 0.019628 0.016975
0 0.692407 0.837963 0.022728 0.023148
0 0.716554 0.864873 0.014721 0.021027
0 0.753099 0.821662 0.017045 0.023341
0 0.771242 0.833912 0.021307 0.018904
0 0.817149 0.924768 0.019628 0.016975
0 0.813727 0.939236 0.021049 0.019676
0 0.752970 0.932098 0.015754 0.013889
0 0.745287 0.928916 0.020015 0.016396
0 0.738507 0.932292 0.009556 0.025849
0 0.727144 0.934510 0.017304 0.017554
0 0.705062 0.933449 0.017046 0.023534
0 0.706611 0.929013 0.017046 0.022376
0 0.702157 0.935474 0.016658 0.019483
0 0.662642 0.929591 0.018982 0.028936
0 0.671746 0.939236 0.016012 0.018132
0 0.643208 0.929398 0.015755 0.023919
0 0.663869 0.885995 0.018336 0.015047
0 0.662513 0.900945 0.014334 0.022956
0 0.660963 0.917631 0.018725 0.015046
0 0.828448 0.064044 0.021049 0.028549
0 0.885460 0.058546 0.010589 0.026042
0 0.897211 0.064526 0.012397 0.025656
0 0.918776 0.070795 0.011622 0.030478
0 0.935951 0.075907 0.006199 0.017554
0 0.938727 0.101466 0.009943 0.023920
0 0.948669 0.126640 0.011751 0.028742
0 0.139785 0.277199 0.020790 0.025078
0 0.131586 0.330151 0.013688 0.026813
0 0.134427 0.351177 0.013688 0.024884
0 0.156250 0.425926 0.013430 0.030864
0 0.173812 0.458622 0.011363 0.028356
0 0.136492 0.443190 0.008523 0.031443
0 0.140496 0.445987 0.013946 0.016975
0 0.125711 0.494502 0.009685 0.028357
0 0.129068 0.491030 0.012784 0.021412
0 0.128874 0.510802 0.009297 0.025463
0 0.129133 0.530189 0.008781 0.021798
0 0.145145 0.405864 0.006199 0.027006
0 0.141529 0.378183 0.006715 0.029514
0 0.139462 0.399305 0.010847 0.025463
0 0.133006 0.373746 0.008264 0.032214
0 0.128874 0.381655 0.008264 0.028743
0 0.122030 0.637731 0.008523 0.026234
0 0.121837 0.614294 0.010201 0.032600
0 0.127066 0.603781 0.007232 0.028550
0 0.131133 0.603492 0.007619 0.029513
0 0.158639 0.734086 0.016142 0.025656
0 0.138947 0.719908 0.024793 0.016975
0 0.130230 0.739197 0.012009 0.025463
0 0.150439 0.783372 0.016787 0.028164
0 0.177945 0.797647 0.018595 0.016589
0 0.120674 0.742669 0.011492 0.025463
0 0.124807 0.760514 0.013559 0.027199
0 0.132296 0.787809 0.015109 0.023148
0 0.130552 0.797646 0.022469 0.020447
0 0.125969 0.814429 0.016399 0.020833
0 0.177815 0.834298 0.014205 0.011960
0 0.161609 0.831308 0.013300 0.022956
0 0.124161 0.826968 0.012268 0.016590
0 0.135783 0.841050 0.017433 0.016203
0 0.182399 0.850309 0.019757 0.014661
0 0.186725 0.842979 0.020145 0.013117
0 0.202480 0.900173 0.024793 0.022184
0 0.209000 0.890625 0.017691 0.016590
0 0.204287 0.921971 0.010330 0.021798
0 0.223075 0.924383 0.019499 0.011574
0 0.219073 0.915992 0.010976 0.023727
0 0.228951 0.901620 0.014204 0.013117
0 0.240444 0.919078 0.010330 0.027585
0 0.197443 0.923418 0.015754 0.015046
0 0.163417 0.869020 0.018466 0.010416
0 0.149987 0.867091 0.020532 0.018904
0 0.120997 0.857832 0.015237 0.020448
0 0.129261 0.845582 0.017821 0.012153
0 0.128810 0.862076 0.015883 0.015817
0 0.133329 0.854359 0.015108 0.014275
0 0.126356 0.877701 0.017691 0.019290
0 0.127453 0.895833 0.017821 0.014661
0 0.144628 0.917053 0.017045 0.013889
0 0.160447 0.919367 0.010202 0.015432
0 0.163094 0.921875 0.013688 0.017362
0 0.166322 0.919946 0.014463 0.009646
0 0.173102 0.915317 0.016400 0.015047
