0 0.394112 0.464892 0.403667 0.461420 0.403797 0.485919
0 0.463326 0.493827 0.469008 0.507716 0.450284 0.516975
0 0.512397 0.502701 0.512913 0.519290 0.493802 0.510995
0 0.473657 0.543596 0.482955 0.553627 0.468363 0.568480
0 0.386364 0.630015 0.396178 0.624228 0.385331 0.603587
0 0.617510 0.541281 0.624225 0.529321 0.609117 0.519097
0 0.599174 0.440972 0.590393 0.430170 0.603951 0.422068
0 0.399019 0.278549 0.398760 0.262346 0.419034 0.270448
0 0.496901 0.320988 0.496126 0.308256 0.479984 0.314622
0 0.545713 0.374228 0.552686 0.385031 0.560047 0.366513
0 0.555269 0.335262 0.558110 0.319830 0.574639 0.330825
0 0.577996 0.386960 0.587035 0.380401 0.575543 0.367091
0 0.615702 0.394290 0.613636 0.380401 0.596203 0.387346
0 0.599174 0.341821 0.609504 0.340278 0.605243 0.361111
0 0.601756 0.292824 0.598657 0.283565 0.611570 0.283950
0 0.590134 0.261960 0.595816 0.247685 0.579417 0.248264
0 0.662707 0.277778 0.655992 0.270833 0.654959 0.287616
0 0.657541 0.255787 0.654184 0.266975 0.672004 0.271026
0 0.685176 0.240355 0.681043 0.253858 0.698605 0.252315
0 0.686983 0.222994 0.685176 0.240355 0.662577 0.230517
0 0.619318 0.177083 0.616477 0.193673 0.598140 0.180749
0 0.550878 0.215664 0.551136 0.231096 0.534220 0.223380
0 0.486570 0.212963 0.486570 0.231096 0.467717 0.222029
0 0.505424 0.195988 0.502841 0.211806 0.482180 0.202353
0 0.515238 0.123457 0.516012 0.107639 0.539644 0.115548
0 0.605372 0.061343 0.608729 0.074074 0.591167 0.072917
0 0.670971 0.061343 0.678719 0.061343 0.669422 0.087578
0 0.669938 0.052469 0.665548 0.065201 0.681948 0.070988
0 0.456353 0.066744 0.458419 0.049383 0.483083 0.064815
0 0.432335 0.066358 0.432335 0.066358 0.451576 0.069059
0 0.442665 0.114198 0.435950 0.099923 0.456224 0.098766
0 0.439308 0.123071 0.441116 0.108796 0.422133 0.115162
0 0.326188 0.099923 0.325671 0.085648 0.345945 0.092785
0 0.438533 0.083719 0.438533 0.098765 0.421230 0.091242
0 0.419938 0.068287 0.416839 0.054784 0.400826 0.067709
0 0.378616 0.072917 0.376550 0.056713 0.359633 0.064815
0 0.380424 0.048611 0.375258 0.062114 0.393724 0.066937
0 0.337810 0.638117 0.333936 0.655864 0.357567 0.657600
0 0.311467 0.608025 0.323605 0.608796 0.317536 0.583141
0 0.224174 0.528935 0.239153 0.523148 0.233730 0.555555
0 0.202996 0.534336 0.211519 0.542052 0.216942 0.520640
0 0.208419 0.606481 0.223915 0.617670 0.207128 0.640239
0 0.293905 0.712191 0.305269 0.709877 0.299587 0.683256
0 0.170196 0.726466 0.178202 0.743827 0.193311 0.718943
0 0.331612 0.472608 0.347107 0.475694 0.339360 0.438850
0 0.282025 0.076775 0.292097 0.082562 0.283703 0.105517
0 0.315083 0.052469 0.317149 0.064043 0.297908 0.060571
0 0.274535 0.057099 0.281508 0.070602 0.261880 0.077160
0 0.234246 0.055556 0.238636 0.068673 0.221720 0.073496
0 0.242510 0.051698 0.254132 0.060185 0.241607 0.079283
0 0.187500 0.054012 0.192665 0.064043 0.176911 0.075038
0 0.231147 0.116512 0.221074 0.137731 0.206870 0.116126
0 0.135589 0.062114 0.146178 0.065586 0.138043 0.096257
0 0.138430 0.098765 0.149019 0.107639 0.151343 0.081211
0 0.125775 0.125386 0.126550 0.141204 0.143207 0.133295
0 0.117510 0.157407 0.124742 0.150077 0.129648 0.171489
0 0.127841 0.204090 0.133264 0.217207 0.144758 0.197338
0 0.107696 0.211420 0.115186 0.200231 0.126807 0.222415
0 0.108471 0.229167 0.109762 0.245370 0.127712 0.237268
0 0.109762 0.252701 0.122934 0.249614 0.118802 0.284143
0 0.149793 0.250772 0.157541 0.259259 0.142691 0.274691
0 0.169680 0.265818 0.180785 0.264660 0.175362 0.292052
0 0.124483 0.325231 0.133006 0.336420 0.141270 0.309414
0 0.106405 0.309028 0.117252 0.304012 0.116219 0.328318
0 0.106921 0.355324 0.113636 0.373843 0.129390 0.350309
0 0.106147 0.384259 0.115444 0.400077 0.124742 0.378472
0 0.101498 0.396605 0.110537 0.386574 0.114282 0.417438
0 0.148502 0.350694 0.158833 0.354552 0.149665 0.380208
0 0.113378 0.456019 0.125775 0.457176 0.119577 0.427084
0 0.106147 0.451389 0.105630 0.471836 0.126808 0.461612
0 0.096591 0.463349 0.105630 0.452160 0.110408 0.480903
0 0.105372 0.486497 0.108471 0.509259 0.125387 0.488812
0 0.162448 0.422068 0.154442 0.441744 0.178977 0.449074
0 0.143595 0.406636 0.147986 0.429012 0.168001 0.415123
0 0.146952 0.452546 0.161932 0.445216 0.155475 0.482832
0 0.140754 0.540123 0.157283 0.540123 0.149018 0.508487
0 0.099432 0.527392 0.104597 0.546682 0.124742 0.529321
0 0.100981 0.508873 0.104081 0.531250 0.126678 0.515432
0 0.191890 0.340278 0.208678 0.334877 0.200284 0.307485
0 0.218492 0.252701 0.233729 0.242670 0.226885 0.276042
0 0.222882 0.238426 0.219008 0.265818 0.243930 0.252122
0 0.192665 0.189043 0.211002 0.184414 0.201833 0.217207
0 0.218492 0.161265 0.233729 0.158179 0.226885 0.185185
0 0.291839 0.055170 0.287190 0.070216 0.304235 0.080440
0 0.711260 0.055941 0.723140 0.067515 0.707386 0.089892
0 0.776860 0.061343 0.789773 0.075617 0.771436 0.091436
0 0.810950 0.050540 0.808368 0.071759 0.828125 0.067516
0 0.855630 0.068673 0.862603 0.091435 0.838197 0.081211
0 0.923554 0.080633 0.921746 0.098380 0.905733 0.087192
0 0.827738 0.106096 0.831870 0.131173 0.810434 0.121335
0 0.876291 0.165509 0.860279 0.178627 0.858471 0.148342
0 0.925362 0.133488 0.924329 0.153164 0.904055 0.143326
0 0.916322 0.170139 0.926136 0.160108 0.912578 0.145255
0 0.837810 0.126929 0.841684 0.155864 0.813792 0.146798
0 0.784866 0.190586 0.795196 0.181327 0.796746 0.205632
0 0.795455 0.227238 0.782541 0.243827 0.775181 0.213541
0 0.760589 0.221065 0.765238 0.237654 0.746772 0.234182
0 0.796229 0.266204 0.793905 0.286265 0.774277 0.276234
0 0.808626 0.252701 0.826963 0.259645 0.817794 0.227431
0 0.828512 0.222222 0.838585 0.239583 0.844525 0.211034
0 0.862603 0.204090 0.872676 0.202932 0.867640 0.231289
0 0.902376 0.206404 0.897469 0.224537 0.884039 0.207369
0 0.862603 0.191358 0.871643 0.201003 0.877841 0.180555
0 0.917872 0.189429 0.911932 0.198688 0.907542 0.183256
0 0.924587 0.194830 0.921746 0.211034 0.906637 0.200618
0 0.932851 0.226852 0.925878 0.236883 0.919550 0.216821
0 0.913740 0.191358 0.924070 0.203318 0.912835 0.218172
0 0.932851 0.251929 0.923554 0.259645 0.922004 0.231868
0 0.929494 0.260417 0.925103 0.273534 0.914515 0.247685
0 0.926911 0.256944 0.919938 0.273920 0.907412 0.260224
0 0.934401 0.285880 0.925103 0.300926 0.907800 0.277778
0 0.935176 0.306713 0.924845 0.319444 0.917872 0.291280
0 0.933110 0.321373 0.925620 0.339892 0.910899 0.320602
0 0.860537 0.320602 0.875517 0.315586 0.862991 0.285494
0 0.806043 0.307485 0.816374 0.294367 0.821281 0.320409
0 0.881198 0.362269 0.871901 0.378086 0.863378 0.350116
0 0.885072 0.360725 0.899793 0.371528 0.897856 0.339121
0 0.924329 0.410108 0.935692 0.400849 0.921488 0.382523
0 0.930269 0.403549 0.942407 0.396219 0.931689 0.372685
0 0.906250 0.420525 0.919163 0.423225 0.912706 0.388503
0 0.874225 0.422068 0.885589 0.412809 0.872030 0.396798
0 0.940599 0.464892 0.931043 0.474151 0.927686 0.445987
0 0.937758 0.480324 0.926136 0.488812 0.923424 0.451389
0 0.918388 0.481867 0.906250 0.484568 0.911157 0.451774
0 0.942407 0.514660 0.939308 0.526620 0.928848 0.508680
0 0.932076 0.524691 0.940857 0.517361 0.933239 0.506559
0 0.945506 0.533179 0.941632 0.545910 0.930527 0.528356
0 0.942665 0.560957 0.934917 0.565201 0.932722 0.538580
0 0.935950 0.567515 0.928202 0.572531 0.926782 0.546875
0 0.923554 0.560185 0.915031 0.569444 0.909350 0.540895
0 0.942149 0.588735 0.933884 0.604938 0.918647 0.579475
0 0.135072 0.564429 0.139463 0.581019 0.155475 0.564237
0 0.096074 0.579090 0.103822 0.598765 0.119189 0.570408
0 0.103306 0.613426 0.112087 0.621142 0.117898 0.598186
0 0.126550 0.717978 0.135847 0.717207 0.131198 0.741127
0 0.138430 0.707176 0.151860 0.701003 0.140238 0.673418
0 0.147211 0.696373 0.150052 0.716049 0.162836 0.692322
0 0.092200 0.676698 0.100465 0.684414 0.102789 0.657407
0 0.097882 0.670910 0.105372 0.679784 0.110537 0.651235
0 0.223915 0.844907 0.227273 0.867670 0.250129 0.852045
0 0.326188 0.747299 0.324380 0.766975 0.349174 0.762153
0 0.362862 0.795139 0.360795 0.817515 0.387009 0.809028
0 0.403151 0.834105 0.404442 0.852623 0.422779 0.841435
0 0.347107 0.831019 0.350465 0.854552 0.369576 0.841242
0 0.276860 0.861111 0.285124 0.880015 0.300362 0.854359
0 0.265754 0.876157 0.264463 0.894290 0.244576 0.885223
0 0.420971 0.893133 0.412448 0.905093 0.405604 0.880016
0 0.388171 0.895833 0.380940 0.905093 0.371900 0.881945
0 0.375517 0.922068 0.386880 0.920525 0.381198 0.894290
0 0.315341 0.916281 0.315857 0.916281 0.325800 0.880980
0 0.427428 0.890818 0.435692 0.904321 0.447701 0.885224
0 0.660640 0.733025 0.662707 0.755401 0.683884 0.743827
0 0.784866 0.633488 0.794680 0.642361 0.795584 0.621335
0 0.875775 0.565201 0.890754 0.574846 0.878745 0.601466
0 0.889721 0.645448 0.903667 0.653164 0.905475 0.621721
0 0.946023 0.672068 0.938275 0.687114 0.923941 0.657793
0 0.844525 0.701003 0.833419 0.716049 0.823089 0.688657
0 0.865702 0.678627 0.858988 0.696373 0.845945 0.673032
0 0.949380 0.753858 0.936983 0.758488 0.939308 0.720679
0 0.937242 0.721836 0.934917 0.739583 0.919551 0.724730
0 0.947831 0.772377 0.936725 0.780478 0.935305 0.746721
0 0.919680 0.828704 0.930010 0.839892 0.933885 0.810378
0 0.946023 0.791667 0.940599 0.807099 0.927169 0.779128
0 0.901085 0.821759 0.906508 0.837963 0.888300 0.842593
0 0.863378 0.909336 0.871643 0.920910 0.878486 0.898726
0 0.831870 0.927469 0.833678 0.944059 0.856017 0.931713
0 0.876550 0.930941 0.888946 0.937886 0.889851 0.909143
0 0.899019 0.923997 0.909349 0.930170 0.908962 0.899884
0 0.905217 0.922840 0.911415 0.937114 0.920713 0.910880
0 0.922004 0.888889 0.933368 0.882716 0.924716 0.858218
0 0.768853 0.748843 0.772211 0.768904 0.791968 0.758487
0 0.798295 0.842593 0.806043 0.865741 0.820893 0.847222
0 0.747676 0.823688 0.747417 0.844907 0.768466 0.834297
0 0.790289 0.893133 0.789256 0.913194 0.770532 0.903164
0 0.761622 0.366512 0.773244 0.373843 0.772340 0.347029
0 0.833936 0.347222 0.807335 0.379630 0.801395 0.361690
0 0.690599 0.937500 0.704287 0.940201 0.698218 0.903550
0 0.803202 0.932485 0.799329 0.949846 0.778150 0.930363
0 0.801653 0.927083 0.811209 0.945216 0.820764 0.920139
0 0.786674 0.918210 0.796229 0.934799 0.808885 0.911265
0 0.638688 0.931713 0.642562 0.950617 0.662448 0.933642
0 0.641787 0.942901 0.655733 0.949846 0.653925 0.926312
0 0.578512 0.935957 0.583678 0.951003 0.597365 0.936729
0 0.590909 0.938272 0.599948 0.948302 0.605760 0.928819
0 0.556818 0.927083 0.565083 0.944830 0.579158 0.917631
0 0.533833 0.942515 0.525568 0.956790 0.520919 0.935957
0 0.531508 0.944059 0.541064 0.957562 0.547133 0.933835
0 0.180269 0.896219 0.194215 0.887346 0.181947 0.865548
0 0.229855 0.947531 0.217459 0.964506 0.206483 0.933256
0 0.254907 0.946759 0.246901 0.959877 0.237345 0.937886
0 0.260589 0.954475 0.271694 0.951003 0.264721 0.919946
0 0.481921 0.949074 0.474690 0.937886 0.494706 0.930941
0 0.466426 0.950231 0.460486 0.938657 0.479468 0.930362
0 0.471333 0.953318 0.479081 0.949074 0.468233 0.927083
0 0.457128 0.946373 0.467459 0.939429 0.455191 0.917824
0 0.452738 0.956790 0.457386 0.941744 0.440599 0.939043
0 0.434659 0.949460 0.426911 0.941358 0.435047 0.930170
0 0.399793 0.954090 0.394112 0.945602 0.410899 0.937115
0 0.391271 0.941744 0.389979 0.925154 0.409478 0.929013
0 0.377066 0.939815 0.372676 0.926312 0.392950 0.925347
0 0.393853 0.957948 0.404959 0.951003 0.386493 0.941551
0 0.365702 0.934799 0.358471 0.929012 0.368156 0.918017
0 0.374483 0.952160 0.377066 0.939815 0.361700 0.940586
0 0.364928 0.956790 0.351498 0.950231 0.358213 0.926505
0 0.337293 0.956019 0.326188 0.947145 0.341684 0.926119
0 0.324897 0.930941 0.326446 0.936728 0.348528 0.926119
0 0.286674 0.925154 0.282283 0.938657 0.266400 0.929398
0 0.321798 0.938657 0.315341 0.947531 0.305010 0.929591
0 0.315083 0.941744 0.321798 0.933642 0.317536 0.911266
0 0.321023 0.952160 0.309401 0.953318 0.314308 0.923226
0 0.304752 0.955247 0.311467 0.936728 0.293388 0.943673
0 0.291839 0.959105 0.280475 0.949460 0.293646 0.934028
0 0.117510 0.685957 0.112087 0.679784 0.122675 0.664738
0 0.100207 0.690586 0.100207 0.689043 0.121901 0.689429
0 0.111054 0.687886 0.106921 0.694444 0.117510 0.707176
0 0.097882 0.701775 0.104855 0.693673 0.113378 0.720101
0 0.096333 0.724923 0.107180 0.721451 0.101756 0.754051
0 0.110537 0.729167 0.102789 0.744213 0.124354 0.750000
0 0.092975 0.697917 0.102014 0.692130 0.101369 0.728009
0 0.108471 0.783179 0.109246 0.783179 0.129907 0.780671
0 0.115961 0.802083 0.110537 0.787809 0.132619 0.789351
0 0.111054 0.809028 0.102014 0.800154 0.113378 0.784529
0 0.109246 0.819444 0.108729 0.817901 0.124742 0.809606
0 0.109762 0.826389 0.106921 0.817515 0.125129 0.813079
0 0.094008 0.814815 0.100723 0.804398 0.106792 0.826196
0 0.198605 0.940972 0.192665 0.930941 0.206612 0.920524
0 0.172004 0.884259 0.171746 0.882330 0.179494 0.902778
0 0.180527 0.952546 0.170196 0.944444 0.180785 0.921682
0 0.176911 0.957562 0.168130 0.944444 0.183368 0.928627
0 0.168647 0.955633 0.158574 0.947917 0.169422 0.930748
0 0.122159 0.869985 0.116219 0.874614 0.116735 0.854938
0 0.098140 0.871528 0.102789 0.884645 0.118673 0.868055
0 0.106147 0.913966 0.103048 0.903935 0.121126 0.894483
0 0.096849 0.898148 0.096591 0.882330 0.116607 0.887539
0 0.103564 0.918981 0.094525 0.908565 0.111699 0.892361
0 0.107438 0.935571 0.099432 0.925154 0.114153 0.906443
0 0.128616 0.925926 0.128099 0.915123 0.142691 0.912809
0 0.124225 0.898148 0.130165 0.915123 0.146048 0.894097
0 0.114411 0.944830 0.109504 0.929784 0.132360 0.922454
0 0.125000 0.948688 0.118285 0.936343 0.135847 0.926311
0 0.160124 0.940586 0.153151 0.942901 0.156637 0.913002
0 0.159091 0.952932 0.150052 0.953704 0.160382 0.924190
0 0.143337 0.942515 0.150568 0.945216 0.154313 0.918017
0 0.147211 0.953704 0.137913 0.950231 0.144887 0.928241
0 0.132490 0.957562 0.126033 0.944444 0.141917 0.934028
0 0.745868 0.892747 0.752066 0.877315 0.731405 0.870370
0 0.755682 0.861883 0.753874 0.862269 0.746901 0.835649
0 0.761364 0.875000 0.755682 0.861883 0.771178 0.847222
0 0.753616 0.887346 0.747934 0.868827 0.769111 0.866899
0 0.744318 0.899691 0.746384 0.883488 0.769370 0.884259
0 0.884814 0.902392 0.892045 0.910108 0.896178 0.880208
0 0.937242 0.909722 0.949638 0.905093 0.942794 0.872492
0 0.930785 0.922454 0.918647 0.922068 0.924716 0.903936
0 0.826705 0.635031 0.816632 0.626929 0.826317 0.612268
0 0.928977 0.715664 0.922521 0.723765 0.913094 0.702353
0 0.869318 0.483410 0.863120 0.491127 0.856534 0.472415
0 0.835744 0.418596 0.824380 0.414738 0.828125 0.444252
0 0.324380 0.938657 0.336777 0.935957 0.330578 0.918017
