0 0.271436 0.202546 0.278151 0.192130 0.286028 0.210841
0 0.300620 0.212577 0.300103 0.193287 0.323218 0.202932
0 0.310950 0.254630 0.316116 0.271219 0.333935 0.252507
0 0.367252 0.194830 0.364411 0.181327 0.381586 0.181520
0 0.343750 0.171682 0.342459 0.156250 0.364541 0.161073
0 0.380165 0.096836 0.371126 0.091821 0.369447 0.117477
0 0.269112 0.160108 0.263171 0.144676 0.281508 0.142361
0 0.296746 0.100694 0.292872 0.115741 0.275826 0.098573
0 0.224948 0.113812 0.233988 0.105324 0.237862 0.130787
0 0.204287 0.197917 0.204287 0.179784 0.224432 0.188851
0 0.150052 0.199074 0.149535 0.187500 0.165289 0.191744
0 0.121643 0.203704 0.129649 0.195216 0.134943 0.223959
0 0.118027 0.239583 0.126808 0.236497 0.125129 0.263889
0 0.125000 0.161265 0.125517 0.145062 0.147210 0.153164
0 0.141271 0.129244 0.137138 0.111111 0.160770 0.112075
0 0.134556 0.145062 0.121643 0.136188 0.133652 0.117477
0 0.121126 0.122685 0.128099 0.133488 0.131198 0.111112
0 0.202996 0.071759 0.193440 0.065972 0.191762 0.090085
0 0.178719 0.082176 0.190083 0.084877 0.186725 0.059799
0 0.298812 0.071373 0.301136 0.060185 0.318053 0.065779
0 0.423812 0.210648 0.414773 0.197145 0.433497 0.182677
0 0.393595 0.280864 0.391529 0.264660 0.413869 0.272762
0 0.410899 0.334877 0.412965 0.318673 0.393337 0.322724
0 0.258006 0.323302 0.265238 0.312500 0.248709 0.302083
0 0.477014 0.118056 0.476240 0.100694 0.458161 0.109375
0 0.459969 0.158179 0.458678 0.142747 0.473657 0.150463
0 0.494318 0.152392 0.484762 0.152778 0.489540 0.180362
0 0.509298 0.135417 0.506715 0.117670 0.526343 0.126158
0 0.531250 0.239583 0.525826 0.224923 0.509943 0.236883
0 0.512913 0.210262 0.521436 0.224151 0.529442 0.204861
0 0.477531 0.082948 0.483213 0.067901 0.498579 0.086227
0 0.504132 0.033179 0.491219 0.040895 0.504132 0.062886
0 0.479339 0.031250 0.472882 0.038580 0.488507 0.053819
0 0.468492 0.036651 0.475465 0.045525 0.460098 0.053048
0 0.453512 0.040509 0.458936 0.027392 0.471978 0.044174
0 0.438275 0.042824 0.445764 0.032022 0.457516 0.055749
0 0.385847 0.032793 0.386880 0.034336 0.397727 0.047647
0 0.352789 0.037037 0.361829 0.028164 0.371642 0.053241
0 0.332903 0.036651 0.339876 0.027006 0.348012 0.047454
0 0.316890 0.035880 0.325671 0.029321 0.331353 0.052469
0 0.311725 0.025077 0.305010 0.030093 0.314179 0.048418
0 0.292872 0.029321 0.300620 0.027392 0.302945 0.052469
0 0.265754 0.042824 0.272727 0.033951 0.285770 0.058642
0 0.254649 0.038580 0.252841 0.035880 0.267304 0.050733
0 0.267820 0.031250 0.272727 0.019676 0.288740 0.040316
0 0.221849 0.036651 0.229081 0.027392 0.237603 0.054784
0 0.228306 0.019290 0.221849 0.030864 0.243414 0.037809
0 0.619060 0.149691 0.616219 0.135031 0.636363 0.141589
0 0.569990 0.152778 0.567149 0.138117 0.585873 0.140625
0 0.551911 0.138889 0.545196 0.125772 0.537061 0.148341
0 0.518079 0.040509 0.527893 0.029321 0.535511 0.053434
0 0.547779 0.033951 0.547779 0.033951 0.555656 0.058064
0 0.582903 0.042824 0.580320 0.053241 0.601239 0.049961
0 0.567407 0.042824 0.575671 0.032793 0.582128 0.051698
0 0.600981 0.109954 0.603564 0.089892 0.625129 0.106868
0 0.618802 0.081404 0.620351 0.069830 0.637655 0.079475
0 0.642304 0.063657 0.647469 0.048611 0.660382 0.065779
0 0.635072 0.042438 0.644628 0.046682 0.636622 0.066551
0 0.633781 0.165123 0.633264 0.149691 0.649922 0.157407
0 0.610537 0.183256 0.606663 0.165895 0.622804 0.171875
0 0.671746 0.140046 0.671229 0.123843 0.690341 0.131944
0 0.778409 0.116127 0.774535 0.098380 0.754907 0.111883
0 0.717717 0.141975 0.720816 0.126543 0.735408 0.134259
0 0.707903 0.164352 0.700413 0.150463 0.712939 0.144097
0 0.702738 0.187114 0.697831 0.173611 0.712293 0.171875
0 0.742252 0.183642 0.735795 0.172068 0.750903 0.163195
0 0.700413 0.196759 0.701446 0.207562 0.719137 0.199460
0 0.715134 0.221065 0.708161 0.208333 0.695377 0.233410
0 0.673037 0.170910 0.660899 0.173611 0.666968 0.201195
0 0.635589 0.193287 0.631973 0.174769 0.653280 0.178626
0 0.666581 0.247299 0.668647 0.231481 0.647340 0.239005
0 0.583936 0.238426 0.580062 0.222222 0.599561 0.223573
0 0.564824 0.240355 0.554236 0.235725 0.564050 0.217593
0 0.542097 0.267361 0.552944 0.256559 0.555914 0.278936
0 0.571798 0.278935 0.562242 0.278935 0.568053 0.258102
0 0.581612 0.271991 0.577479 0.256559 0.594912 0.254823
0 0.590393 0.309799 0.581612 0.299383 0.594137 0.286073
0 0.607955 0.309799 0.602014 0.297068 0.618156 0.288195
0 0.698864 0.305170 0.697831 0.289738 0.717200 0.297454
0 0.694473 0.334877 0.682076 0.332176 0.688275 0.307870
0 0.775310 0.311728 0.768595 0.297454 0.756844 0.316551
0 0.808626 0.237269 0.797004 0.234568 0.800361 0.267747
0 0.783058 0.224923 0.772469 0.227623 0.780217 0.247686
0 0.738895 0.242284 0.731147 0.228781 0.742511 0.223959
0 0.738378 0.204475 0.743543 0.216049 0.752195 0.195409
0 0.801136 0.210262 0.798554 0.193287 0.779700 0.201774
0 0.793388 0.187114 0.802428 0.197145 0.805656 0.177276
0 0.819215 0.197145 0.806043 0.201775 0.813791 0.227816
0 0.847366 0.167052 0.836002 0.168210 0.841684 0.194444
0 0.826705 0.139275 0.836002 0.143133 0.829804 0.167052
0 0.855372 0.096451 0.845041 0.096451 0.850207 0.124035
0 0.698347 0.060185 0.690083 0.064043 0.701059 0.086999
0 0.676911 0.064043 0.684917 0.054398 0.691890 0.080825
0 0.720816 0.043596 0.711260 0.053241 0.728693 0.069638
0 0.696539 0.042438 0.690083 0.055941 0.710744 0.060956
0 0.676395 0.040509 0.673812 0.055941 0.699380 0.057485
0 0.764205 0.052083 0.755940 0.058256 0.770661 0.077353
0 0.742769 0.044753 0.737087 0.055170 0.753486 0.065779
0 0.730630 0.057099 0.738378 0.050154 0.742897 0.079668
0 0.790031 0.087963 0.789514 0.073302 0.806172 0.080632
0 0.787448 0.052083 0.778926 0.056327 0.788353 0.073495
0 0.775310 0.046296 0.766271 0.052083 0.779443 0.070987
0 0.886364 0.152392 0.875775 0.148534 0.877841 0.177469
0 0.881715 0.134259 0.872676 0.130401 0.876292 0.153935
0 0.864411 0.114198 0.852789 0.116898 0.859762 0.144483
0 0.885589 0.128472 0.882231 0.114969 0.872417 0.121721
0 0.902893 0.184414 0.895145 0.176698 0.890625 0.193673
0 0.891529 0.231481 0.885589 0.217207 0.872675 0.235532
0 0.926911 0.197917 0.919163 0.185185 0.911157 0.209876
0 0.922262 0.161265 0.913223 0.154707 0.911932 0.177662
0 0.907541 0.250000 0.913998 0.260417 0.904571 0.273148
0 0.926136 0.244213 0.919163 0.237269 0.911415 0.259066
0 0.915289 0.228781 0.904959 0.223765 0.905346 0.249807
0 0.917097 0.270448 0.919938 0.283565 0.907671 0.288581
0 0.726240 0.488426 0.739153 0.480324 0.738120 0.506558
0 0.688017 0.444059 0.697572 0.440972 0.692794 0.469521
0 0.671229 0.419753 0.681043 0.417824 0.675878 0.389467
0 0.699122 0.374614 0.709969 0.366898 0.697056 0.351466
0 0.633006 0.386188 0.640238 0.373457 0.624483 0.366705
0 0.580320 0.353009 0.581353 0.335648 0.603564 0.345293
0 0.632490 0.437114 0.622934 0.430170 0.634427 0.415316
0 0.790806 0.318673 0.795971 0.329861 0.779442 0.338349
0 0.789514 0.510417 0.797779 0.499614 0.782025 0.487847
0 0.759814 0.489969 0.768853 0.484182 0.770015 0.510223
0 0.808884 0.532793 0.803461 0.521991 0.814566 0.516782
0 0.856663 0.477623 0.846849 0.471065 0.844395 0.503858
0 0.874742 0.383873 0.866219 0.376543 0.864282 0.401041
0 0.887655 0.305941 0.877841 0.299383 0.875387 0.325811
0 0.906767 0.363040 0.895145 0.361883 0.898761 0.393133
0 0.926395 0.390818 0.925103 0.376157 0.907929 0.384066
0 0.922521 0.458333 0.917872 0.471065 0.902764 0.451582
0 0.901860 0.491127 0.906250 0.474923 0.884685 0.477045
0 0.884298 0.505401 0.891529 0.515046 0.878486 0.529128
0 0.918647 0.514275 0.928719 0.509645 0.920325 0.489584
0 0.905733 0.302855 0.909607 0.312886 0.897211 0.321373
0 0.926911 0.349151 0.923554 0.337963 0.913998 0.350888
0 0.923812 0.326389 0.918647 0.316358 0.907283 0.337191
0 0.930010 0.290509 0.919163 0.279707 0.916451 0.306906
0 0.580837 0.309799 0.571281 0.304784 0.569861 0.332948
0 0.551911 0.345679 0.551653 0.327932 0.534995 0.336805
0 0.694473 0.769676 0.697831 0.756173 0.711002 0.763118
0 0.641529 0.586420 0.645919 0.572145 0.660512 0.585648
0 0.770145 0.722608 0.763688 0.706404 0.782671 0.700039
0 0.839618 0.652392 0.834711 0.638889 0.821023 0.659915
0 0.841167 0.623457 0.834711 0.609954 0.823347 0.632524
0 0.864153 0.615741 0.873450 0.617670 0.867897 0.642747
0 0.863636 0.685957 0.864928 0.702546 0.844008 0.696181
0 0.882231 0.642747 0.889463 0.655093 0.873063 0.665895
0 0.896694 0.637731 0.888688 0.648534 0.883393 0.620371
0 0.923812 0.546296 0.919680 0.536265 0.906895 0.548804
0 0.928977 0.525077 0.925620 0.540509 0.910253 0.527778
0 0.917872 0.570988 0.924329 0.576003 0.914257 0.598958
0 0.928719 0.585648 0.927428 0.567130 0.904313 0.579669
0 0.887655 0.723765 0.885072 0.704475 0.865703 0.714506
0 0.811209 0.773920 0.819731 0.765046 0.823605 0.786844
0 0.819731 0.808256 0.821023 0.792052 0.805139 0.799575
0 0.866219 0.789352 0.857955 0.776620 0.854209 0.791473
0 0.389463 0.466435 0.399793 0.463735 0.394628 0.493635
0 0.376033 0.476080 0.380424 0.458719 0.362345 0.464120
0 0.376033 0.572531 0.369576 0.556327 0.354726 0.576968
0 0.376033 0.572531 0.369576 0.556327 0.354726 0.576968
0 0.424329 0.699074 0.423812 0.680556 0.444732 0.689815
0 0.424329 0.699074 0.423812 0.680556 0.444732 0.689815
0 0.369576 0.724151 0.379132 0.711420 0.363636 0.698109
0 0.297262 0.724923 0.285640 0.735725 0.281120 0.710069
0 0.341684 0.365355 0.344267 0.379630 0.365315 0.370564
0 0.495351 0.352623 0.497934 0.338349 0.514463 0.345486
0 0.238378 0.373071 0.248709 0.363426 0.236183 0.347415
0 0.227531 0.665123 0.221074 0.651620 0.211002 0.672840
0 0.214618 0.579475 0.202221 0.579475 0.208420 0.563079
0 0.183626 0.549383 0.199122 0.550540 0.191374 0.520061
0 0.181043 0.539738 0.183626 0.522377 0.160641 0.524884
0 0.117769 0.572531 0.129390 0.573688 0.123580 0.545717
0 0.137655 0.466435 0.128099 0.454090 0.141012 0.440393
0 0.186209 0.383488 0.195764 0.369985 0.179364 0.352623
0 0.208678 0.497299 0.195764 0.500386 0.202221 0.469908
0 0.115186 0.620756 0.107438 0.609182 0.123580 0.596257
0 0.130682 0.679784 0.124742 0.672840 0.132232 0.660880
0 0.309401 0.901620 0.324897 0.897762 0.313017 0.863040
0 0.252583 0.849537 0.240961 0.859182 0.237087 0.829668
0 0.212552 0.852238 0.211260 0.856096 0.229985 0.850888
0 0.201705 0.872685 0.201705 0.872685 0.223270 0.867670
0 0.226756 0.890818 0.221074 0.905478 0.201576 0.889468
0 0.178461 0.861883 0.186725 0.874614 0.197185 0.848572
0 0.098915 0.782022 0.111829 0.774306 0.107696 0.807485
0 0.112603 0.753858 0.103564 0.769290 0.123192 0.782793
0 0.123450 0.866898 0.127324 0.883102 0.145145 0.868248
0 0.112603 0.875386 0.115702 0.891975 0.137397 0.883680
0 0.404442 0.904321 0.417355 0.894676 0.403150 0.873071
0 0.375258 0.822531 0.381198 0.804012 0.362733 0.804591
0 0.405733 0.805941 0.416581 0.798225 0.405604 0.776042
0 0.503099 0.792438 0.498709 0.777006 0.484375 0.791088
0 0.439824 0.899691 0.447572 0.915123 0.463068 0.897184
0 0.576188 0.912037 0.588326 0.912037 0.582257 0.883680
0 0.656767 0.912037 0.667097 0.911265 0.661932 0.884645
0 0.686467 0.912037 0.696798 0.915123 0.692278 0.887153
0 0.727789 0.909336 0.735021 0.924769 0.748192 0.905864
0 0.782025 0.804012 0.784091 0.824460 0.759814 0.815200
0 0.820248 0.819444 0.818957 0.837963 0.802169 0.828704
0 0.837035 0.834877 0.822056 0.839892 0.829546 0.813271
0 0.829287 0.845679 0.828512 0.863812 0.804752 0.854745
0 0.757490 0.907407 0.764721 0.918981 0.772082 0.895255
0 0.769886 0.925540 0.763946 0.912037 0.775568 0.908757
0 0.780217 0.911265 0.788481 0.913966 0.787965 0.888889
0 0.787190 0.920910 0.780217 0.911265 0.792097 0.909722
0 0.811209 0.913194 0.799587 0.913966 0.805398 0.888889
0 0.816890 0.898534 0.826705 0.894676 0.821797 0.878858
0 0.824122 0.915123 0.835744 0.911265 0.829933 0.889082
0 0.865444 0.842593 0.873709 0.837963 0.860796 0.822917
0 0.867252 0.850309 0.864153 0.832176 0.847882 0.847994
0 0.880165 0.846451 0.870610 0.848380 0.871126 0.822338
0 0.883523 0.859182 0.880165 0.846451 0.865057 0.865741
0 0.886622 0.840664 0.895661 0.832948 0.881844 0.819059
0 0.856921 0.886960 0.869318 0.884259 0.859633 0.854167
0 0.855630 0.921682 0.847882 0.909336 0.859504 0.894676
0 0.844008 0.917824 0.846591 0.919753 0.848915 0.882138
0 0.932593 0.672068 0.924070 0.664352 0.919680 0.688851
0 0.912448 0.660494 0.926136 0.668981 0.916709 0.684028
0 0.915031 0.622685 0.917614 0.633488 0.903151 0.635610
0 0.924845 0.643133 0.914514 0.631559 0.909995 0.659529
0 0.924070 0.656636 0.925362 0.636188 0.907412 0.646412
0 0.920196 0.607253 0.927944 0.621914 0.915677 0.629436
0 0.915806 0.736497 0.909349 0.724151 0.897082 0.746721
0 0.916322 0.717207 0.918905 0.732639 0.893724 0.726466
0 0.913740 0.756944 0.903409 0.749228 0.900568 0.768518
0 0.925362 0.742284 0.919680 0.728781 0.909608 0.749035
0 0.913740 0.780093 0.907283 0.765432 0.901473 0.784336
0 0.925362 0.766590 0.927428 0.775077 0.908316 0.784915
0 0.924845 0.755015 0.929236 0.769290 0.907929 0.773726
0 0.904442 0.119985 0.907541 0.131559 0.898243 0.137732
0 0.918388 0.125386 0.908574 0.117670 0.901601 0.128858
0 0.922521 0.134645 0.914256 0.126157 0.907283 0.150077
0 0.921488 0.116898 0.924587 0.099537 0.905217 0.105903
0 0.857955 0.086034 0.858213 0.086806 0.870093 0.096064
0 0.805785 0.065586 0.801653 0.073688 0.816632 0.083719
0 0.807851 0.055556 0.805785 0.065586 0.818956 0.070795
0 0.801653 0.059414 0.811467 0.050154 0.818956 0.068094
0 0.793905 0.050926 0.788740 0.062500 0.805527 0.073688
0 0.817149 0.050926 0.827996 0.049383 0.825672 0.067130
0 0.837810 0.047840 0.827479 0.055556 0.839617 0.070024
0 0.868285 0.072531 0.873967 0.058642 0.881198 0.077546
0 0.847107 0.064815 0.850723 0.054012 0.863120 0.072916
0 0.914256 0.074846 0.905992 0.076389 0.910124 0.091628
0 0.905992 0.068673 0.898244 0.070988 0.902118 0.088927
0 0.887397 0.067515 0.897211 0.067130 0.894629 0.090857
0 0.866736 0.050154 0.865702 0.070216 0.881198 0.065586
0 0.894628 0.917438 0.897727 0.905093 0.879907 0.910108
0 0.885847 0.896605 0.879132 0.882716 0.871643 0.894676
0 0.889979 0.890432 0.879132 0.882716 0.884556 0.865548
0 0.896178 0.901235 0.896178 0.888117 0.879649 0.887346
0 0.911157 0.893519 0.909607 0.883488 0.894370 0.888504
0 0.905475 0.910494 0.915289 0.905093 0.902376 0.880787
0 0.921488 0.891975 0.919938 0.901235 0.902893 0.896991
0 0.917872 0.888117 0.908574 0.891204 0.908575 0.865741
0 0.921488 0.871914 0.920971 0.884259 0.900310 0.878086
0 0.923554 0.866512 0.919938 0.852623 0.900052 0.863040
0 0.916322 0.793981 0.920455 0.805556 0.904959 0.815586
0 0.929236 0.820216 0.927169 0.807870 0.911415 0.816358
0 0.926136 0.797840 0.929752 0.809414 0.907800 0.805170
0 0.928719 0.793981 0.926653 0.780093 0.911157 0.791281
0 0.925103 0.843364 0.917355 0.844136 0.918905 0.827546
0 0.923554 0.827932 0.923037 0.837963 0.908058 0.832947
0 0.928202 0.837963 0.923554 0.827932 0.908574 0.841435
0 0.927686 0.847994 0.923037 0.861883 0.916064 0.849537
