0 0.662707 0.299383 0.674587 0.29784 0.662707 0.237654 0.662707 0.302469
0 0.637397 0.20679 0.649277 0.193673 0.613636 0.152006
0 0.641012 0.141204 0.644112 0.158179 0.604339 0.165895
0 0.583678 0.141975 0.581612 0.125 0.621384 0.121914 0.584452 0.14159
0 0.527893 0.138503 0.537707 0.13966 0.520661 0.188272
0 0.518079 0.193673 0.522211 0.174383 0.478306 0.164352
0 0.582645 0.073688 0.581612 0.091435 0.626033 0.086806
0 0.746901 0.199846 0.758264 0.21142 0.731921 0.253858
0 0.776343 0.192901 0.772211 0.210648 0.737087 0.179784
0 0.802686 0.190586 0.804236 0.174383 0.766529 0.18287
0 0.829029 0.209105 0.834711 0.191358 0.804752 0.177469
0 0.836777 0.114969 0.82593 0.108025 0.813533 0.162037
0 0.752583 0.172068 0.751033 0.152006 0.704545 0.166667
0 0.72469 0.136574 0.726756 0.155093 0.682851 0.145062
0 0.737087 0.143519 0.723657 0.14429 0.731405 0.100309
0 0.704029 0.133488 0.704029 0.114198 0.664256 0.118827
0 0.703512 0.086806 0.706612 0.100309 0.664256 0.112654
0 0.680269 0.077546 0.680785 0.096836 0.638946 0.08912
0 0.794938 0.266204 0.804236 0.256944 0.821798 0.306327
0 0.846591 0.321759 0.854339 0.338735 0.817665 0.357253
0 0.842975 0.29784 0.856405 0.305556 0.862603 0.239969
0 0.865702 0.277006 0.875 0.280093 0.866736 0.329475
0 0.875517 0.407022 0.867769 0.407022 0.869318 0.368827
0 0.895661 0.216821 0.883781 0.20679 0.87345 0.26466
0 0.883781 0.197531 0.884814 0.213735 0.847624 0.206019
0 0.913223 0.180556 0.90186 0.180556 0.90186 0.225309
0 0.902893 0.130401 0.893079 0.12963 0.895145 0.178241
0 0.756715 0.081404 0.768595 0.079861 0.771694 0.141975
0 0.741219 0.084491 0.735021 0.070602 0.704545 0.108796
0 0.789256 0.07909 0.778409 0.07909 0.787707 0.134259
0 0.867252 0.04591 0.855888 0.04784 0.86312 0.10571
0 0.820248 0.091049 0.819215 0.07446 0.855372 0.062114
0 0.82593 0.04591 0.838326 0.05054 0.823864 0.103009
0 0.807335 0.055941 0.816632 0.063657 0.801136 0.114198
0 0.780992 0.054012 0.782025 0.065972 0.820248 0.054012
0 0.77531 0.055941 0.77531 0.065201 0.8125 0.080633
0 0.760331 0.040509 0.759298 0.054012 0.790806 0.055941
0 0.753099 0.040509 0.750517 0.059028 0.782025 0.077546
0 0.737087 0.039738 0.731921 0.04591 0.756715 0.081404
0 0.721074 0.052855 0.715909 0.062886 0.751033 0.081404
0 0.704029 0.066358 0.702996 0.083719 0.742252 0.072145
0 0.706612 0.036651 0.702996 0.049769 0.739669 0.058256
0 0.693182 0.035108 0.688017 0.048997 0.720041 0.064429
0 0.67562 0.054012 0.670455 0.067515 0.705579 0.073688
0 0.665289 0.038194 0.66064 0.052855 0.707128 0.070602
0 0.651343 0.036651 0.645661 0.046682 0.67562 0.071373
0 0.637913 0.037423 0.631715 0.046682 0.664256 0.077546
0 0.619318 0.063657 0.619318 0.076003 0.668905 0.075231
0 0.622417 0.040509 0.619318 0.063657 0.66374 0.065972
0 0.62655 0.059799 0.628099 0.04591 0.60124 0.065201
0 0.615186 0.034336 0.621901 0.048997 0.587293 0.072145
0 0.600723 0.04591 0.603306 0.056713 0.572314 0.05517
0 0.944731 0.319444 0.95093 0.334105 0.913223 0.345679
0 0.924587 0.204475 0.928719 0.217593 0.895145 0.234568
0 0.9375 0.189043 0.948347 0.202932 0.922004 0.255401
0 0.912707 0.170525 0.923554 0.170525 0.919938 0.216049
0 0.934917 0.158951 0.923037 0.158951 0.934917 0.219907
0 0.945764 0.151235 0.940083 0.135031 0.916839 0.164352
0 0.93595 0.123457 0.943698 0.131944 0.917872 0.153549
0 0.92562 0.103009 0.934401 0.106481 0.914256 0.159722
0 0.934917 0.082176 0.943182 0.091821 0.917872 0.116512
0 0.946281 0.111883 0.942149 0.127315 0.907025 0.106481
0 0.938017 0.067515 0.927686 0.062886 0.920971 0.108796
0 0.921488 0.055941 0.930785 0.065201 0.91374 0.103781
0 0.917355 0.047454 0.927686 0.056713 0.897727 0.089892
0 0.905992 0.046682 0.915806 0.059799 0.882748 0.089892
0 0.787707 0.439815 0.79907 0.442901 0.781508 0.494985
0 0.838326 0.429784 0.844525 0.412809 0.875 0.46142
0 0.811467 0.58912 0.816632 0.57909 0.835744 0.62963
0 0.8125 0.690972 0.826963 0.690972 0.819731 0.638503
0 0.88688 0.557099 0.899793 0.565201 0.873967 0.618441
0 0.885847 0.63233 0.896178 0.62963 0.897211 0.687114
0 0.955062 0.584105 0.950413 0.59375 0.933368 0.569444
0 0.943182 0.548611 0.947831 0.560957 0.907541 0.575231
0 0.905992 0.466821 0.91374 0.462963 0.904442 0.414352
0 0.947831 0.39892 0.95093 0.381944 0.911157 0.365741
0 0.952996 0.416667 0.94938 0.426698 0.921488 0.392747
0 0.295196 0.483025 0.301653 0.478009 0.28564 0.45679
0 0.328254 0.598765 0.338585 0.589892 0.311467 0.551312
0 0.344267 0.602623 0.354597 0.591821 0.369576 0.633488
0 0.321798 0.668981 0.326188 0.657407 0.287448 0.640046
0 0.55811 0.713349 0.560692 0.701775 0.534091 0.685571
0 0.339101 0.720293 0.336519 0.701003 0.384298 0.701003
0 0.295971 0.419367 0.30501 0.41358 0.289514 0.371142
0 0.226756 0.392361 0.240444 0.388503 0.242252 0.457948
0 0.270661 0.396991 0.280992 0.391204 0.262913 0.342207
0 0.243027 0.369213 0.256457 0.349923 0.275826 0.402778
0 0.214618 0.350694 0.2203 0.362269 0.246901 0.31713
0 0.329545 0.301698 0.321023 0.292824 0.335227 0.266975
0 0.527118 0.054784 0.521952 0.035494 0.493543 0.061343
0 0.494835 0.08179 0.49406 0.069059 0.466942 0.070216
0 0.450155 0.040123 0.456095 0.053627 0.415289 0.070988
0 0.394628 0.040123 0.404959 0.053627 0.372676 0.091435
0 0.376033 0.060571 0.36751 0.052855 0.354081 0.080633
0 0.36312 0.042052 0.374742 0.043981 0.355888 0.094136
0 0.346849 0.117284 0.348915 0.103781 0.312758 0.091435
0 0.341684 0.079861 0.342975 0.095293 0.307593 0.093364
0 0.339876 0.047068 0.351498 0.041281 0.352014 0.097222
0 0.399793 0.121142 0.405733 0.136574 0.370868 0.150077
0 0.400568 0.155093 0.399277 0.172454 0.354081 0.153164
0 0.358471 0.196373 0.365702 0.188657 0.340393 0.157793
0 0.331353 0.203318 0.330837 0.185957 0.290806 0.195602
0 0.314566 0.212963 0.307593 0.194444 0.279184 0.227238
0 0.27531 0.244599 0.272727 0.22338 0.317924 0.225309
0 0.258523 0.146219 0.265496 0.131944 0.292614 0.173225
0 0.235795 0.138503 0.225465 0.150077 0.263688 0.194444
0 0.18156 0.055556 0.1875 0.04321 0.214618 0.065201
0 0.171229 0.063272 0.183626 0.060571 0.180269 0.10571
0 0.1875 0.076003 0.199638 0.066358 0.214618 0.118441
0 0.214618 0.130787 0.2172 0.146219 0.25594 0.123071
0 0.207386 0.14429 0.2203 0.135802 0.227531 0.186728
0 0.248192 0.036265 0.252583 0.051698 0.219008 0.08179
0 0.261622 0.041281 0.270661 0.054784 0.237087 0.083719
0 0.277893 0.039352 0.28564 0.052855 0.258523 0.078704
0 0.286932 0.076775 0.281767 0.063272 0.25 0.093364
0 0.301136 0.035494 0.309401 0.048997 0.2797 0.083719
0 0.319731 0.065201 0.30811 0.043981 0.282283 0.094136
0 0.319215 0.037423 0.309401 0.048997 0.330837 0.080633
0 0.329545 0.038194 0.317924 0.043981 0.339101 0.078704
0 0.208161 0.26196 0.202996 0.241898 0.251291 0.233025
0 0.235279 0.231096 0.224174 0.241898 0.208161 0.194444
0 0.175878 0.109568 0.173295 0.126157 0.219008 0.124228
0 0.182851 0.13966 0.19189 0.128858 0.206095 0.184799
0 0.186725 0.171296 0.171229 0.169367 0.183626 0.123071
0 0.164773 0.137731 0.173295 0.130787 0.186209 0.180941
0 0.162965 0.16358 0.171229 0.153935 0.184143 0.185957
0 0.173812 0.187114 0.172004 0.176312 0.198864 0.195602
0 0.16813 0.189815 0.174329 0.179012 0.197831 0.231096
0 0.160899 0.204475 0.167355 0.194444 0.189308 0.241127
0 0.193698 0.260417 0.182851 0.251543 0.208678 0.198688
0 0.163998 0.248457 0.164256 0.234182 0.180269 0.247685
0 0.180785 0.266975 0.175878 0.282407 0.204804 0.30054
0 0.169421 0.254244 0.16813 0.265818 0.201705 0.261188
0 0.160899 0.259259 0.168647 0.270062 0.183626 0.222608
0 0.161415 0.28125 0.160382 0.266975 0.202996 0.251543
0 0.164256 0.274691 0.174329 0.268904 0.182076 0.320988
0 0.160899 0.285494 0.165548 0.30054 0.199122 0.260417
0 0.160124 0.302855 0.166839 0.291281 0.184917 0.338349
0 0.208161 0.377701 0.199638 0.366512 0.219525 0.323688
0 0.218492 0.564815 0.208678 0.556327 0.231921 0.508102
0 0.207903 0.529321 0.197572 0.525463 0.21436 0.46875
0 0.174587 0.534336 0.173812 0.518904 0.221074 0.515818
0 0.155733 0.528164 0.163481 0.521605 0.179494 0.568673
0 0.1578 0.490741 0.167872 0.485725 0.173037 0.538194
0 0.163998 0.466435 0.172004 0.459877 0.184143 0.508873
0 0.16219 0.460648 0.153926 0.469522 0.17562 0.510031
0 0.157541 0.45679 0.162965 0.445602 0.191116 0.466821
0 0.155217 0.442515 0.162707 0.43287 0.183368 0.479167
0 0.182335 0.427083 0.170455 0.431713 0.188017 0.477238
0 0.1875 0.395062 0.176395 0.39892 0.19189 0.462577
0 0.171229 0.390432 0.182335 0.391204 0.172521 0.449074
0 0.191116 0.350694 0.186725 0.363426 0.22624 0.385417
0 0.179494 0.35841 0.186725 0.352623 0.193698 0.405093
0 0.164256 0.56983 0.160382 0.582562 0.178461 0.596836
0 0.150568 0.542824 0.159607 0.537037 0.171746 0.585262
0 0.189824 0.675926 0.184143 0.659722 0.209452 0.61304
0 0.174329 0.667052 0.182851 0.656636 0.203512 0.719522
0 0.179752 0.713349 0.189824 0.70679 0.201705 0.763503
0 0.151085 0.711806 0.157025 0.721451 0.182076 0.681713
0 0.151085 0.727238 0.158316 0.742284 0.1875 0.694059
0 0.164773 0.635417 0.1578 0.640432 0.174329 0.67091
0 0.162707 0.627701 0.1578 0.640432 0.191116 0.652006
0 0.149277 0.640432 0.1578 0.630787 0.178977 0.690201
0 0.157541 0.620756 0.1578 0.630787 0.191116 0.615355
0 0.150052 0.603781 0.160899 0.59375 0.177169 0.650849
0 0.152376 0.580247 0.159607 0.56713 0.181043 0.614969
0 0.435176 0.829475 0.426911 0.839892 0.403667 0.789738
0 0.374483 0.81983 0.384298 0.812114 0.36157 0.756944
0 0.36157 0.80787 0.36751 0.793596 0.330837 0.773534
0 0.293388 0.84375 0.284091 0.830247 0.31844 0.793596
0 0.465134 0.887346 0.454029 0.87963 0.479855 0.82446
0 0.430269 0.891975 0.422521 0.88233 0.454804 0.837963
0 0.444215 0.899691 0.449638 0.887346 0.41219 0.863812
0 0.404184 0.887346 0.392045 0.880401 0.412707 0.833333
0 0.397727 0.891975 0.38688 0.891975 0.388688 0.841049
0 0.357696 0.879244 0.366219 0.881173 0.37061 0.838735
0 0.368027 0.896605 0.374742 0.889275 0.34814 0.855324
0 0.381715 0.888889 0.368802 0.889275 0.370868 0.820602
0 0.34814 0.896605 0.344783 0.886188 0.370093 0.872685
0 0.338585 0.881173 0.349948 0.886188 0.352014 0.821373
0 0.312758 0.861111 0.3125 0.873457 0.339101 0.877315
0 0.334711 0.893133 0.324122 0.890046 0.340909 0.831019 0.335227 0.894676
0 0.316374 0.885417 0.327479 0.888889 0.331353 0.82909
0 0.299845 0.868827 0.29468 0.87963 0.2828 0.829475
0 0.310692 0.891975 0.299587 0.883488 0.327996 0.841821
0 0.298554 0.890818 0.290031 0.877701 0.325413 0.840664
0 0.29468 0.892747 0.283058 0.88696 0.313275 0.834105
0 0.28874 0.885031 0.283574 0.871914 0.313275 0.82446
0 0.290548 0.868827 0.292614 0.875772 0.256457 0.884259
0 0.277118 0.894676 0.265496 0.887346 0.295713 0.841821
0 0.257748 0.872685 0.259039 0.874228 0.268079 0.883102 0.2828 0.829475
0 0.247417 0.885031 0.259039 0.887346 0.250517 0.823302
0 0.23657 0.872685 0.247417 0.866898 0.228822 0.819444
0 0.239669 0.886188 0.244318 0.875772 0.225465 0.868827
0 0.2203 0.869599 0.2203 0.854552 0.253099 0.871528
0 0.226756 0.890818 0.236312 0.881173 0.204287 0.86034
0 0.218492 0.888889 0.213326 0.875772 0.242252 0.866127
0 0.247934 0.812114 0.25 0.825617 0.280475 0.804012
0 0.241736 0.809799 0.254649 0.80054 0.227531 0.760802
0 0.217717 0.794367 0.223657 0.805941 0.241477 0.76659
0 0.218492 0.760802 0.224174 0.748071 0.261105 0.763503
0 0.215909 0.746528 0.22624 0.752315 0.242769 0.699846
0 0.209969 0.780093 0.224948 0.782022 0.213068 0.711806
0 0.186209 0.799383 0.178202 0.782022 0.216426 0.765818
0 0.169938 0.783179 0.160382 0.776235 0.186725 0.728781
0 0.1578 0.755015 0.150568 0.763503 0.184143 0.794753
0 0.148502 0.782022 0.152376 0.768519 0.186209 0.799383
0 0.160382 0.796296 0.157025 0.814043 0.206612 0.809799
0 0.155733 0.790895 0.148502 0.802083 0.183368 0.835262
0 0.1578 0.827546 0.164256 0.84375 0.20093 0.823302
0 0.145403 0.810957 0.153151 0.801312 0.164256 0.84375
0 0.227531 0.840664 0.226756 0.823302 0.183368 0.835262
0 0.206612 0.877315 0.196281 0.879244 0.200413 0.836806
0 0.173295 0.88696 0.169163 0.871914 0.21126 0.856096
0 0.164256 0.865741 0.170713 0.876543 0.209194 0.839892
0 0.162707 0.856096 0.169163 0.866898 0.21436 0.814815
0 0.605888 0.80787 0.613378 0.794753 0.575413 0.76466
0 0.5297 0.794367 0.536674 0.778164 0.572831 0.815586
0 0.650826 0.80787 0.652376 0.82446 0.613378 0.837963
0 0.670196 0.836034 0.678202 0.850694 0.714101 0.798611
0 0.628874 0.875772 0.630424 0.85841 0.670971 0.884259
0 0.692407 0.899691 0.69938 0.885031 0.655475 0.865741
0 0.736312 0.896991 0.743802 0.885031 0.707128 0.850694
0 0.755424 0.884259 0.770919 0.893133 0.776343 0.823688
0 0.787707 0.893904 0.800103 0.904321 0.817407 0.856096
0 0.60563 0.891975 0.618802 0.891204 0.613378 0.842593
0 0.727014 0.773148 0.726498 0.789738 0.762655 0.778935
0 0.767304 0.771605 0.778926 0.76659 0.762138 0.716435
0 0.791839 0.767747 0.800103 0.78125 0.827738 0.739583
0 0.805269 0.836034 0.816116 0.847608 0.83187 0.792438
0 0.847366 0.846451 0.856921 0.854552 0.870351 0.796296
0 0.873709 0.733796 0.887138 0.729938 0.86751 0.657793
0 0.587552 0.895448 0.589618 0.882716 0.545455 0.87963
0 0.601498 0.87037 0.593233 0.883873 0.5625 0.848765
0 0.595558 0.900849 0.602789 0.885802 0.561725 0.854938
0 0.834452 0.864969 0.834969 0.877701 0.877066 0.864969
0 0.847107 0.90162 0.855372 0.886574 0.814824 0.854938
0 0.858471 0.90162 0.846591 0.891204 0.88688 0.858025
0 0.877066 0.897377 0.881457 0.884645 0.847624 0.875
0 0.893337 0.896605 0.896436 0.881944 0.858471 0.874228
0 0.906508 0.892747 0.892045 0.887346 0.922779 0.841049
0 0.943698 0.857639 0.948605 0.844522 0.89876 0.82909
0 0.94189 0.872299 0.954545 0.865741 0.932335 0.817515
0 0.951705 0.837963 0.960486 0.820988 0.922779 0.791667
0 0.952996 0.75 0.94189 0.742284 0.934659 0.79591
0 0.915031 0.720679 0.914514 0.738426 0.887138 0.729938
0 0.949897 0.71875 0.954029 0.733796 0.91813 0.753858
0 0.95093 0.707176 0.949897 0.695216 0.91374 0.701003
0 0.953512 0.6875 0.946281 0.699074 0.91968 0.654321
0 0.945506 0.640046 0.942149 0.655093 0.908833 0.630015
0 0.953512 0.660494 0.943698 0.663194 0.928719 0.619985
0 0.954029 0.671296 0.946798 0.658565 0.923554 0.689043
0 0.947572 0.512731 0.93905 0.505401 0.927428 0.53588
0 0.94938 0.499228 0.948089 0.484954 0.908316 0.501157
0 0.956612 0.489583 0.948089 0.479938 0.914773 0.537037
0 0.94938 0.469522 0.948089 0.484954 0.902893 0.479938
0 0.954029 0.451003 0.948089 0.441744 0.924329 0.480324
0 0.953512 0.425926 0.951963 0.435957 0.926911 0.427083
0 0.94499 0.439815 0.941116 0.448302 0.911415 0.418596
0 0.948347 0.43017 0.951963 0.445216 0.91374 0.462963
0 0.165548 0.369599 0.173037 0.359954 0.191374 0.402778
0 0.161932 0.375772 0.163481 0.390046 0.207645 0.37037
0 0.156767 0.383873 0.164256 0.373457 0.170455 0.431713
0 0.160124 0.365355 0.162707 0.349923 0.195764 0.371528
0 0.16374 0.359954 0.158316 0.351466 0.199122 0.339506
0 0.157025 0.344522 0.160382 0.358025 0.199897 0.329475