0 0.845041 0.814429 0.832645 0.807485 0.845558 0.782601
0 0.845300 0.771991 0.842200 0.785108 0.828255 0.771605
0 0.825930 0.756944 0.815857 0.758873 0.820894 0.733024
0 0.868802 0.674383 0.877583 0.683256 0.861828 0.702932
0 0.872159 0.706404 0.882231 0.706790 0.877195 0.734761
0 0.895919 0.815586 0.904184 0.810185 0.893853 0.786072
0 0.935176 0.785494 0.937500 0.798225 0.916581 0.795718
0 0.935692 0.789352 0.926136 0.795139 0.924070 0.767554
0 0.901343 0.738040 0.916839 0.736883 0.908962 0.771027
0 0.888946 0.759645 0.901601 0.765818 0.898243 0.734761
0 0.896436 0.689815 0.905475 0.692901 0.898760 0.714120
0 0.935176 0.741512 0.927944 0.753858 0.918905 0.726273
0 0.927169 0.733025 0.919938 0.739583 0.916064 0.710262
0 0.936983 0.716821 0.928461 0.728009 0.920583 0.700232
0 0.766529 0.781636 0.762913 0.766590 0.781637 0.770255
0 0.752066 0.810571 0.741219 0.806713 0.747030 0.783757
0 0.934143 0.820988 0.931560 0.839506 0.908703 0.826003
0 0.924587 0.687886 0.913481 0.683642 0.919034 0.659915
0 0.932076 0.671296 0.920713 0.685185 0.916322 0.651428
0 0.864928 0.610340 0.872159 0.623457 0.854339 0.633295
0 0.745351 0.601852 0.744835 0.618441 0.723399 0.610147
0 0.693440 0.799769 0.682335 0.787037 0.702480 0.762925
0 0.724690 0.827160 0.714101 0.842978 0.705449 0.810571
0 0.756198 0.863040 0.746643 0.853009 0.760847 0.831790
0 0.692407 0.863812 0.691890 0.846451 0.713714 0.855131
0 0.680010 0.911651 0.667872 0.905864 0.677557 0.882330
0 0.687242 0.916667 0.680010 0.907407 0.694344 0.898341
0 0.743285 0.875772 0.739928 0.890046 0.724561 0.880016
0 0.737087 0.916667 0.729855 0.905478 0.747934 0.896991
0 0.780217 0.910494 0.770661 0.903164 0.781767 0.881366
0 0.784091 0.916667 0.781250 0.898920 0.804107 0.907022
0 0.862087 0.873843 0.851498 0.883102 0.847624 0.853009
0 0.888946 0.895448 0.883264 0.908179 0.865832 0.889467
0 0.872676 0.904707 0.865961 0.917438 0.853693 0.901234
0 0.903409 0.905864 0.888946 0.910880 0.892304 0.874035
0 0.657283 0.785494 0.652893 0.801312 0.673425 0.799190
0 0.883264 0.602623 0.877324 0.586806 0.864411 0.603974
0 0.637397 0.739198 0.635072 0.753472 0.658574 0.748071
0 0.909091 0.905093 0.900310 0.901235 0.907542 0.880594
0 0.917097 0.900849 0.908058 0.902006 0.912578 0.873456
0 0.920196 0.890432 0.932851 0.889275 0.926524 0.856482
0 0.932076 0.635417 0.921488 0.645062 0.919422 0.615355
0 0.925620 0.571759 0.934659 0.576003 0.925490 0.604553
0 0.933368 0.556713 0.932335 0.570602 0.915547 0.563658
0 0.872676 0.547840 0.884039 0.546296 0.878358 0.574653
0 0.934401 0.545910 0.924329 0.554784 0.924845 0.521991
0 0.930269 0.498843 0.920971 0.493056 0.921617 0.523534
0 0.922521 0.480710 0.930527 0.494213 0.913739 0.509452
0 0.923554 0.463349 0.931043 0.472994 0.914256 0.486690
0 0.896178 0.466435 0.895661 0.488040 0.874742 0.477237
0 0.884039 0.546296 0.876291 0.562500 0.859504 0.537809
0 0.851240 0.518519 0.839360 0.508102 0.837810 0.541088
0 0.823347 0.556713 0.812758 0.565972 0.811855 0.535494
0 0.792614 0.488426 0.784091 0.477238 0.797004 0.467979
0 0.881973 0.446759 0.870610 0.445602 0.876292 0.422068
0 0.923812 0.451389 0.914773 0.459105 0.912061 0.429398
0 0.924329 0.431713 0.932076 0.445602 0.912060 0.459491
0 0.932076 0.417438 0.924329 0.431713 0.916193 0.407793
0 0.931043 0.368056 0.923037 0.385802 0.908961 0.364969
0 0.782025 0.422454 0.776860 0.410880 0.795068 0.405285
0 0.834969 0.421682 0.823347 0.418981 0.829158 0.394483
0 0.848399 0.443287 0.852273 0.428241 0.830191 0.429013
0 0.848399 0.496528 0.837810 0.488426 0.846720 0.460649
0 0.783058 0.350694 0.785382 0.369213 0.759169 0.362654
0 0.753616 0.299769 0.750258 0.319059 0.773373 0.315586
0 0.728306 0.324074 0.729339 0.341435 0.749483 0.332754
0 0.716167 0.424769 0.715393 0.405864 0.736183 0.415316
0 0.674329 0.427469 0.688017 0.417438 0.687371 0.451196
0 0.739669 0.443287 0.745610 0.456404 0.726369 0.464892
0 0.726240 0.481481 0.722107 0.494213 0.738636 0.497492
0 0.730630 0.513503 0.726240 0.500772 0.742898 0.499229
0 0.741219 0.511574 0.731147 0.518133 0.740315 0.542824
0 0.721591 0.525077 0.730630 0.540123 0.713068 0.550154
0 0.838843 0.359954 0.827221 0.361497 0.833032 0.332176
0 0.823864 0.344136 0.813791 0.334105 0.829158 0.319059
0 0.848915 0.379630 0.863636 0.375772 0.854985 0.340857
0 0.928719 0.303241 0.933884 0.316358 0.910382 0.323688
0 0.924329 0.322917 0.922262 0.305556 0.903151 0.314237
0 0.860795 0.340664 0.845558 0.339120 0.853177 0.305170
0 0.858471 0.286651 0.872417 0.279707 0.868285 0.315972
0 0.779184 0.258102 0.790806 0.262346 0.781896 0.289737
0 0.817665 0.283951 0.808110 0.273148 0.822315 0.263889
0 0.817665 0.314815 0.808110 0.304012 0.821798 0.293210
0 0.795455 0.225694 0.787965 0.240741 0.774406 0.219908
0 0.768595 0.242284 0.761364 0.258102 0.748967 0.239005
0 0.733988 0.207948 0.731147 0.224923 0.711390 0.214313
0 0.748450 0.172840 0.743543 0.157407 0.760847 0.163774
0 0.864669 0.200617 0.862862 0.217978 0.842588 0.209297
0 0.850207 0.181327 0.841167 0.175540 0.850078 0.155864
0 0.930010 0.247299 0.927686 0.263889 0.907283 0.252315
0 0.911932 0.258873 0.911415 0.274691 0.889979 0.266782
0 0.898760 0.279707 0.907025 0.266590 0.889721 0.257716
0 0.932851 0.290895 0.924329 0.300926 0.919034 0.275270
0 0.922521 0.300926 0.925362 0.285494 0.897986 0.289930
0 0.919421 0.314043 0.924329 0.295910 0.898115 0.299768
0 0.924329 0.157407 0.930010 0.170525 0.913481 0.176890
0 0.890754 0.131173 0.902634 0.134645 0.894499 0.156636
0 0.925103 0.145448 0.917614 0.141590 0.918517 0.161073
0 0.920455 0.146219 0.913998 0.141204 0.908187 0.162423
0 0.921746 0.134259 0.918388 0.148534 0.901085 0.135031
0 0.913740 0.129244 0.918388 0.118441 0.900309 0.114005
0 0.912448 0.073302 0.923295 0.076389 0.917355 0.099344
0 0.915289 0.048225 0.922521 0.058642 0.908058 0.075810
0 0.916064 0.043981 0.917614 0.040895 0.912061 0.072338
0 0.903667 0.045910 0.915289 0.048225 0.909220 0.073109
0 0.902634 0.036265 0.893853 0.034336 0.898243 0.061149
0 0.886880 0.030864 0.896178 0.030864 0.891529 0.057870
0 0.887913 0.037037 0.879390 0.033565 0.880165 0.065200
0 0.887397 0.027392 0.877841 0.020062 0.876162 0.050154
0 0.832903 0.023920 0.841426 0.016590 0.845946 0.043789
0 0.847624 0.064043 0.850981 0.076775 0.830449 0.076967
0 0.817149 0.028935 0.827738 0.019290 0.831483 0.051698
0 0.807851 0.024306 0.813791 0.034722 0.795454 0.043403
0 0.792097 0.017747 0.797779 0.009645 0.802944 0.026813
0 0.777893 0.010031 0.769112 0.019290 0.780992 0.033565
0 0.820248 0.087963 0.830320 0.090664 0.823735 0.114584
0 0.796229 0.099537 0.807076 0.102238 0.800103 0.132523
0 0.728564 0.016204 0.722107 0.025849 0.737732 0.031250
0 0.725207 0.087963 0.723140 0.076003 0.737990 0.081983
0 0.772469 0.111111 0.772211 0.123071 0.754907 0.117091
0 0.706870 0.025463 0.697056 0.029707 0.707774 0.056713
0 0.711002 0.015818 0.716684 0.025849 0.694603 0.039159
0 0.675878 0.010031 0.671229 0.021219 0.692536 0.022569
0 0.662190 0.007330 0.654184 0.020448 0.676007 0.027006
0 0.579545 0.086420 0.588843 0.096065 0.575672 0.113040
0 0.503616 0.099537 0.500517 0.115355 0.519370 0.111111
0 0.598915 0.044367 0.591684 0.059799 0.611183 0.065200
0 0.616994 0.016590 0.613120 0.028164 0.633910 0.034916
0 0.599432 0.024306 0.607955 0.013889 0.614282 0.030478
0 0.608213 0.006944 0.596849 0.010417 0.605501 0.035108
0 0.553461 0.045139 0.555785 0.030093 0.572572 0.037616
0 0.544938 0.010031 0.538998 0.024691 0.563017 0.024691
0 0.537707 0.006173 0.529184 0.016590 0.544293 0.028356
0 0.528151 0.007330 0.517045 0.018519 0.531508 0.037423
0 0.526343 0.040895 0.521178 0.026235 0.507232 0.042825
0 0.483213 0.008102 0.490961 0.016590 0.476369 0.032215
0 0.462293 0.005015 0.467717 0.020062 0.447185 0.018904
0 0.437500 0.060185 0.435434 0.044367 0.415419 0.055362
0 0.340393 0.017747 0.333678 0.032022 0.354339 0.036652
0 0.358729 0.081404 0.353306 0.093364 0.373451 0.098187
0 0.375258 0.138117 0.365961 0.149306 0.357567 0.125965
0 0.326446 0.114198 0.329545 0.095679 0.346978 0.104938
0 0.332128 0.118441 0.329804 0.133488 0.314437 0.125965
0 0.294680 0.094907 0.290548 0.108025 0.275181 0.097029
0 0.264721 0.092207 0.260847 0.074074 0.284349 0.079476
0 0.317924 0.012731 0.311467 0.025077 0.329804 0.033179
0 0.308110 0.006559 0.317149 0.019290 0.295842 0.036844
0 0.291839 0.006173 0.301136 0.017361 0.283703 0.033951
0 0.266529 0.011960 0.261364 0.024306 0.280346 0.025463
0 0.236829 0.012731 0.228048 0.018133 0.237733 0.046296
0 0.279442 0.053241 0.284866 0.040509 0.266529 0.040509
0 0.262655 0.028935 0.272211 0.030864 0.264463 0.055556
0 0.252066 0.025077 0.261105 0.027778 0.256586 0.054591
0 0.270145 0.055941 0.272727 0.041281 0.252324 0.047260
0 0.217717 0.116898 0.208936 0.104167 0.229727 0.088156
0 0.193698 0.074074 0.194215 0.084105 0.198605 0.075811
0 0.186209 0.017361 0.176395 0.023534 0.188920 0.041474
0 0.202221 0.018133 0.209452 0.010417 0.215651 0.036651
0 0.196281 0.028164 0.204287 0.018133 0.211518 0.042245
0 0.179236 0.102623 0.189824 0.103009 0.184530 0.128472
0 0.207386 0.068287 0.198347 0.076003 0.211390 0.093364
0 0.145403 0.121914 0.147986 0.141204 0.164127 0.126544
0 0.164514 0.143519 0.155217 0.155093 0.172779 0.171297
0 0.197056 0.137731 0.203254 0.158179 0.220300 0.141782
0 0.195506 0.206019 0.207903 0.206019 0.201705 0.174190
0 0.258006 0.140046 0.253357 0.124228 0.271565 0.125965
0 0.276860 0.126543 0.286157 0.137731 0.270532 0.153164
0 0.234504 0.185185 0.229081 0.195602 0.243802 0.197338
0 0.318440 0.199074 0.308626 0.210262 0.305914 0.184414
0 0.317149 0.163580 0.328771 0.166667 0.322056 0.188850
0 0.154442 0.015818 0.147211 0.032022 0.174200 0.039738
0 0.150052 0.032022 0.151343 0.016975 0.170067 0.025270
0 0.136622 0.020062 0.132490 0.034722 0.154572 0.035687
0 0.122417 0.025077 0.117510 0.040509 0.140754 0.037615
0 0.125000 0.047454 0.127066 0.035494 0.146178 0.048804
0 0.120351 0.027006 0.112603 0.040509 0.133265 0.049961
0 0.106663 0.038966 0.103306 0.052855 0.129907 0.047840
0 0.117769 0.065201 0.121384 0.048997 0.137913 0.059799
0 0.104597 0.050154 0.102273 0.065586 0.129778 0.058642
0 0.102014 0.086034 0.102273 0.072917 0.121771 0.079476
0 0.136880 0.116512 0.127583 0.106867 0.141142 0.090857
0 0.133264 0.132330 0.123709 0.122299 0.140883 0.104552
0 0.109762 0.085648 0.119576 0.078318 0.120738 0.104166
0 0.097366 0.089506 0.106921 0.079090 0.112475 0.102431
0 0.097624 0.115355 0.106921 0.101466 0.116994 0.126351
0 0.189308 0.256173 0.183884 0.240355 0.202221 0.239198
0 0.162965 0.248843 0.178461 0.252701 0.170713 0.226274
0 0.127324 0.278164 0.124483 0.262346 0.146565 0.265433
0 0.149535 0.274306 0.164256 0.273534 0.156896 0.303241
0 0.202479 0.270833 0.203512 0.282407 0.188662 0.276620
0 0.262397 0.337577 0.269628 0.324460 0.252453 0.319445
0 0.303977 0.309799 0.309917 0.321759 0.292485 0.328510
0 0.289773 0.263117 0.279184 0.275463 0.272857 0.248264
0 0.267304 0.217593 0.260589 0.233410 0.249742 0.214892
0 0.325413 0.302855 0.314824 0.295910 0.323218 0.274112
0 0.245351 0.329475 0.255424 0.343750 0.231534 0.361882
0 0.205837 0.331404 0.204029 0.351852 0.181560 0.341628
0 0.147727 0.323302 0.160899 0.323302 0.154313 0.353009
0 0.127583 0.331404 0.136880 0.332948 0.132360 0.299383
0 0.107955 0.289352 0.097107 0.287037 0.102531 0.258680
0 0.100207 0.320602 0.091684 0.310957 0.103306 0.293982
0 0.105888 0.233410 0.094267 0.219522 0.108471 0.208140
0 0.101756 0.214120 0.092200 0.200617 0.103305 0.188850
0 0.122159 0.152778 0.125517 0.138503 0.142433 0.149112
0 0.128099 0.143904 0.120351 0.151620 0.132490 0.172260
0 0.107955 0.127701 0.097107 0.140046 0.114023 0.157987
0 0.099948 0.150849 0.097107 0.133102 0.118802 0.141976
0 0.127583 0.336420 0.117769 0.334105 0.122676 0.305363
0 0.104855 0.357639 0.092975 0.354552 0.102531 0.328318
0 0.114411 0.351852 0.122159 0.348765 0.115315 0.329090
0 0.094008 0.375386 0.102014 0.383488 0.105888 0.358796
0 0.100207 0.341049 0.094783 0.360340 0.115832 0.351659
0 0.113895 0.410108 0.103564 0.404321 0.114540 0.385416
0 0.105888 0.406636 0.095300 0.400463 0.106535 0.380980
0 0.092200 0.412037 0.091167 0.395833 0.111699 0.401427
0 0.125000 0.435185 0.114928 0.430941 0.124096 0.404899
0 0.100723 0.457176 0.092459 0.450231 0.106018 0.433642
0 0.091167 0.466435 0.098399 0.478781 0.110796 0.456211
0 0.096591 0.493827 0.091167 0.480324 0.108083 0.473959
0 0.117252 0.492284 0.107955 0.484182 0.121901 0.464506
0 0.087552 0.501157 0.092975 0.508873 0.103693 0.487075
0 0.136880 0.451389 0.148760 0.450231 0.142820 0.481289
0 0.131715 0.515818 0.122159 0.514275 0.126937 0.484954
0 0.142304 0.533951 0.135072 0.546296 0.125000 0.518711
0 0.157283 0.433642 0.169680 0.428241 0.163998 0.458334
0 0.182335 0.457562 0.171488 0.462963 0.178332 0.492477
0 0.167872 0.542824 0.160899 0.538966 0.167355 0.520447
0 0.191632 0.499228 0.191632 0.517747 0.210744 0.507909
0 0.247159 0.462577 0.245868 0.482253 0.225594 0.472415
0 0.229855 0.386960 0.221591 0.372299 0.211002 0.393904
0 0.203512 0.392747 0.202996 0.412809 0.190212 0.402778
0 0.168647 0.405093 0.181560 0.401620 0.171746 0.373843
0 0.262913 0.483025 0.252841 0.476852 0.264204 0.456983
0 0.339876 0.450231 0.345041 0.437886 0.327221 0.433256
0 0.292097 0.514275 0.282025 0.521605 0.295455 0.537809
0 0.218492 0.548997 0.218492 0.565972 0.237733 0.557484
0 0.213843 0.522377 0.202479 0.527392 0.210227 0.546875
0 0.189824 0.511574 0.195764 0.521219 0.178590 0.532986
0 0.184401 0.542438 0.193440 0.538966 0.190212 0.562886
0 0.157800 0.547840 0.164256 0.540123 0.168518 0.557870
0 0.222107 0.581404 0.231663 0.589892 0.218492 0.606867
0 0.277376 0.570988 0.277376 0.590664 0.255294 0.580826
0 0.282025 0.591435 0.282025 0.611883 0.305785 0.601659
0 0.317665 0.535494 0.308368 0.546296 0.319860 0.563465
0 0.273760 0.606481 0.268337 0.618827 0.284737 0.621528
0 0.229597 0.618056 0.231405 0.639275 0.251679 0.628666
0 0.181043 0.619213 0.175620 0.639275 0.196410 0.634645
0 0.150568 0.601080 0.147211 0.616127 0.163482 0.611882
0 0.155475 0.616512 0.142304 0.615355 0.148890 0.589699
0 0.136880 0.668981 0.132231 0.657022 0.147469 0.652778
0 0.159091 0.746914 0.146952 0.739969 0.157412 0.717978
0 0.114928 0.736111 0.110279 0.719522 0.131328 0.717978
0 0.094267 0.668596 0.086519 0.678627 0.103952 0.695409
0 0.094783 0.700617 0.104339 0.692515 0.106147 0.718364
0 0.095300 0.648534 0.091167 0.670525 0.117123 0.666281
0 0.107696 0.648534 0.105888 0.663580 0.123837 0.660301
0 0.137655 0.650077 0.129132 0.640432 0.140108 0.630016
0 0.130424 0.628086 0.121643 0.621528 0.131715 0.600887
0 0.127324 0.600309 0.116736 0.587963 0.130941 0.569252
0 0.095816 0.527392 0.092200 0.538194 0.108600 0.545139
0 0.106147 0.523148 0.099432 0.538194 0.117898 0.543595
0 0.093492 0.548611 0.091167 0.562886 0.108083 0.557678
0 0.109762 0.547840 0.099948 0.554012 0.107696 0.579090
0 0.089360 0.569059 0.099432 0.558642 0.099432 0.585263
0 0.087552 0.598380 0.094008 0.609182 0.106922 0.583912
0 0.094008 0.613426 0.096591 0.599537 0.111699 0.607446
0 0.088326 0.611883 0.100207 0.609182 0.094267 0.636767
0 0.229081 0.744985 0.222107 0.758102 0.240185 0.762732
0 0.210227 0.749614 0.222107 0.758102 0.206353 0.784722
0 0.158833 0.810957 0.147211 0.799383 0.167355 0.785880
0 0.144112 0.778935 0.138688 0.763889 0.156896 0.757523
0 0.090134 0.763889 0.095300 0.781250 0.111828 0.765432
0 0.092975 0.787809 0.084711 0.778935 0.101627 0.761189
0 0.091684 0.815201 0.086519 0.800926 0.105760 0.793017
0 0.111312 0.805556 0.102531 0.794753 0.125387 0.781443
0 0.092975 0.826003 0.090134 0.809799 0.118027 0.815200
0 0.133264 0.849151 0.123709 0.840278 0.139205 0.813465
0 0.123967 0.812500 0.117252 0.826003 0.134556 0.833526
0 0.158833 0.860340 0.148244 0.860725 0.153538 0.826967
0 0.135072 0.860340 0.137655 0.869599 0.149147 0.854939
0 0.176911 0.839120 0.163740 0.832948 0.173554 0.807484
0 0.157800 0.909336 0.148244 0.907407 0.155733 0.880015
0 0.175103 0.914738 0.162965 0.913194 0.169034 0.885417
0 0.129390 0.883488 0.131457 0.863426 0.152247 0.873457
0 0.193440 0.879244 0.181043 0.870370 0.193440 0.849537
0 0.180527 0.907793 0.175103 0.895062 0.191374 0.888696
0 0.192407 0.919367 0.183884 0.907793 0.205062 0.894483
0 0.230372 0.851852 0.219783 0.841049 0.236700 0.825039
0 0.271952 0.804398 0.263688 0.813657 0.277635 0.832369
0 0.317924 0.818673 0.309401 0.807099 0.327221 0.795717
0 0.292355 0.881173 0.282541 0.890046 0.279442 0.864583
0 0.325671 0.909336 0.319473 0.920910 0.306818 0.903164
0 0.307076 0.919367 0.314050 0.907407 0.295455 0.904128
0 0.282800 0.912809 0.274793 0.912037 0.278280 0.884838
0 0.271436 0.908565 0.260589 0.913194 0.264592 0.877121
0 0.252324 0.906636 0.240444 0.905093 0.246384 0.873457
0 0.252841 0.921682 0.258264 0.907407 0.236570 0.909336
0 0.109762 0.902392 0.097624 0.903935 0.103693 0.870756
0 0.100723 0.883488 0.089876 0.882716 0.095299 0.851466
0 0.114928 0.917438 0.129132 0.914738 0.117640 0.884645
0 0.132748 0.861497 0.137655 0.851852 0.120352 0.842399
0 0.135847 0.917438 0.150568 0.910494 0.138429 0.879244
0 0.122159 0.901235 0.133523 0.896991 0.123709 0.869213
0 0.096591 0.837191 0.098399 0.822531 0.112990 0.836227
0 0.462035 0.732639 0.463843 0.754630 0.487990 0.742284
0 0.359762 0.799383 0.354081 0.778549 0.376550 0.785108
0 0.402634 0.864969 0.394886 0.854167 0.410641 0.839120
0 0.348657 0.819830 0.350981 0.838349 0.368156 0.829090
0 0.389721 0.898534 0.380682 0.889660 0.383393 0.880980
0 0.376033 0.864969 0.374742 0.883488 0.349174 0.872493
0 0.364153 0.914738 0.353822 0.927083 0.347753 0.898726
0 0.374225 0.920139 0.383781 0.906636 0.362862 0.890818
0 0.389721 0.878472 0.395403 0.895062 0.410253 0.872107
0 0.444990 0.837577 0.445506 0.853395 0.466684 0.845486
0 0.469783 0.917438 0.458161 0.913966 0.466038 0.892168
0 0.448605 0.916667 0.456353 0.910108 0.441761 0.895641
0 0.447314 0.866512 0.451446 0.882716 0.431818 0.882716
0 0.544163 0.884645 0.538223 0.903164 0.519886 0.889468
0 0.555010 0.918210 0.546746 0.908565 0.563662 0.902199
0 0.543130 0.920910 0.552428 0.910108 0.537707 0.897762
0 0.650826 0.682870 0.656767 0.699846 0.636105 0.701774
0 0.637913 0.793981 0.637138 0.777392 0.656637 0.785686
0 0.630165 0.765046 0.634814 0.780864 0.611570 0.784336
0 0.607180 0.821373 0.604855 0.805556 0.623708 0.813465
0 0.559917 0.886574 0.551653 0.868056 0.578254 0.864583
0 0.590651 0.918210 0.578771 0.907793 0.591813 0.896605
0 0.699638 0.323688 0.684917 0.341435 0.684788 0.311149
0 0.608988 0.566358 0.624742 0.565201 0.616865 0.537809
0 0.575413 0.515046 0.571539 0.526620 0.590264 0.529707
0 0.574380 0.412037 0.579287 0.435571 0.554752 0.425347
0 0.574380 0.376543 0.587293 0.364969 0.572443 0.341242
0 0.510331 0.228009 0.502583 0.248843 0.486699 0.223766
0 0.450413 0.316358 0.437500 0.305941 0.451833 0.284722
0 0.378357 0.303241 0.378357 0.303241 0.370480 0.271605
0 0.661157 0.206019 0.656250 0.217593 0.641012 0.202933
0 0.595041 0.179398 0.591167 0.202932 0.608858 0.194830
0 0.612862 0.383873 0.603048 0.376543 0.613895 0.358989
0 0.120610 0.557099 0.130682 0.566358 0.120480 0.583141
