0 0.139205 0.114969 0.138688 0.131559 0.159220 0.123264
0 0.148760 0.145448 0.162190 0.143904 0.157541 0.173225
0 0.146178 0.202160 0.151601 0.210262 0.158058 0.192708
0 0.160382 0.210262 0.160382 0.226080 0.185821 0.218171
0 0.197831 0.207562 0.209194 0.196759 0.196539 0.184221
0 0.225981 0.078318 0.239153 0.081019 0.232567 0.109954
0 0.237862 0.038194 0.251550 0.040895 0.244706 0.067901
0 0.227014 0.094522 0.233471 0.108410 0.211131 0.110532
0 0.211519 0.121914 0.200930 0.121528 0.206225 0.150270
0 0.183626 0.135417 0.178719 0.151620 0.193956 0.150463
0 0.112862 0.159722 0.104855 0.173611 0.122804 0.178627
0 0.108729 0.144676 0.114928 0.133102 0.128358 0.163388
0 0.107696 0.149306 0.116219 0.145448 0.120867 0.171103
0 0.114669 0.197917 0.111570 0.215664 0.133910 0.206790
0 0.112087 0.250772 0.104339 0.244599 0.113637 0.226274
0 0.109504 0.267361 0.104855 0.252315 0.125904 0.249614
0 0.110279 0.123071 0.112087 0.138117 0.134040 0.120370
0 0.114669 0.115741 0.107180 0.131944 0.126163 0.140046
0 0.129132 0.115355 0.120868 0.110725 0.133006 0.090278
0 0.130682 0.062500 0.142045 0.072145 0.128357 0.089120
0 0.114928 0.061343 0.124225 0.062114 0.119577 0.093558
0 0.128099 0.040895 0.136880 0.037037 0.134427 0.070988
0 0.136880 0.037037 0.128874 0.050540 0.145015 0.058063
0 0.143595 0.029321 0.139979 0.043210 0.159994 0.041281
0 0.157800 0.059414 0.166322 0.049383 0.175233 0.069831
0 0.164514 0.074846 0.178719 0.066358 0.179494 0.091628
0 0.220558 0.039352 0.231405 0.043596 0.225853 0.061535
0 0.221849 0.039738 0.221333 0.024691 0.196152 0.032215
0 0.195764 0.052083 0.191116 0.062500 0.210485 0.069251
0 0.213585 0.251929 0.203771 0.243056 0.214102 0.224923
0 0.194990 0.261960 0.206870 0.259645 0.200930 0.241898
0 0.138171 0.242670 0.148244 0.243056 0.143207 0.270062
0 0.132490 0.267747 0.143337 0.268904 0.137913 0.294368
0 0.161932 0.241898 0.173812 0.239198 0.167872 0.266782
0 0.173812 0.277006 0.177944 0.297068 0.199122 0.283950
0 0.178977 0.306327 0.182076 0.294753 0.194732 0.304977
0 0.177428 0.310957 0.171229 0.323302 0.189178 0.328511
0 0.167097 0.360340 0.158058 0.355324 0.163869 0.332369
0 0.139979 0.347608 0.151860 0.341049 0.150180 0.369598
0 0.153409 0.420910 0.162707 0.409722 0.149277 0.393711
0 0.136105 0.384645 0.144112 0.385417 0.140108 0.402778
0 0.107696 0.390818 0.099690 0.369599 0.122417 0.366320
0 0.106921 0.424769 0.100981 0.413194 0.117510 0.400270
0 0.108988 0.436343 0.100207 0.429012 0.115573 0.412230
0 0.116219 0.456019 0.108988 0.451003 0.120352 0.426505
0 0.100981 0.434799 0.103048 0.451775 0.121772 0.443287
0 0.213843 0.351852 0.226240 0.355710 0.218621 0.381945
0 0.163998 0.433256 0.157800 0.419367 0.176137 0.417052
0 0.184917 0.454090 0.195248 0.453704 0.190082 0.428048
0 0.268853 0.361883 0.283833 0.365355 0.276343 0.392747
0 0.274277 0.304398 0.280733 0.313657 0.265754 0.324653
0 0.271952 0.274691 0.272986 0.289352 0.254649 0.282793
0 0.148244 0.438272 0.159349 0.429398 0.163223 0.459298
0 0.216426 0.468364 0.208419 0.484954 0.194215 0.458720
0 0.235537 0.415895 0.245868 0.421682 0.235795 0.445409
0 0.237862 0.530478 0.247676 0.534722 0.246126 0.501158
0 0.257490 0.486497 0.256457 0.503086 0.275697 0.494792
0 0.218750 0.518904 0.229081 0.523148 0.216813 0.552469
0 0.201963 0.498071 0.213585 0.501543 0.206095 0.530285
0 0.269370 0.548225 0.266787 0.562114 0.250000 0.552855
0 0.230630 0.580247 0.227789 0.594907 0.246384 0.595872
0 0.243285 0.625772 0.245610 0.608796 0.224044 0.615934
0 0.183110 0.633102 0.197314 0.631944 0.190212 0.599537
0 0.128099 0.606867 0.122159 0.625772 0.145790 0.626736
0 0.099174 0.647377 0.095041 0.637731 0.109892 0.630016
0 0.103564 0.503858 0.112345 0.491127 0.120480 0.516590
0 0.097107 0.468364 0.102789 0.482253 0.113378 0.464699
0 0.137655 0.438272 0.128357 0.449846 0.144240 0.465471
0 0.107696 0.459491 0.117769 0.450617 0.121255 0.482253
0 0.097882 0.482253 0.102014 0.469136 0.118673 0.482639
0 0.106147 0.480324 0.116477 0.472222 0.118415 0.499614
0 0.118285 0.522762 0.116219 0.535108 0.116219 0.537037
0 0.100465 0.650077 0.099432 0.665895 0.126420 0.657986
0 0.155475 0.674383 0.148502 0.664352 0.164902 0.655285
0 0.200671 0.650463 0.195764 0.636574 0.212164 0.637346
0 0.255165 0.644290 0.251550 0.659722 0.233600 0.651428
0 0.276085 0.647762 0.278151 0.661651 0.295196 0.653550
0 0.260072 0.650849 0.253616 0.662037 0.267562 0.664352
0 0.255940 0.694444 0.254390 0.715278 0.281250 0.704861
0 0.277893 0.722222 0.275310 0.739198 0.298037 0.739005
0 0.267820 0.768133 0.270145 0.785494 0.286415 0.774306
0 0.239153 0.790509 0.250775 0.783179 0.236958 0.758294
0 0.216684 0.760417 0.205062 0.756944 0.210873 0.732446
0 0.166839 0.708719 0.176395 0.698302 0.181689 0.723186
0 0.178977 0.683642 0.184659 0.696373 0.198476 0.676697
0 0.162707 0.699846 0.154442 0.690586 0.168647 0.677855
0 0.095300 0.682485 0.105888 0.667052 0.118931 0.696180
0 0.150310 0.739969 0.158574 0.725309 0.169680 0.754822
0 0.157541 0.775463 0.164514 0.763889 0.174457 0.789352
0 0.152634 0.778549 0.162707 0.779707 0.157670 0.803627
0 0.119060 0.814429 0.122417 0.799383 0.140238 0.808449
0 0.119060 0.814429 0.113636 0.803241 0.131973 0.794946
0 0.112345 0.785880 0.117252 0.798611 0.133393 0.771991
0 0.125775 0.725309 0.117769 0.744213 0.139850 0.743441
0 0.090909 0.708333 0.102014 0.697145 0.105760 0.731868
0 0.093233 0.719907 0.105114 0.715278 0.099819 0.740934
0 0.105888 0.783179 0.101240 0.771991 0.123192 0.751157
0 0.094525 0.755401 0.093750 0.775463 0.114798 0.765432
0 0.089360 0.780478 0.099690 0.770448 0.103822 0.800347
0 0.090134 0.803241 0.093233 0.823302 0.115832 0.805941
0 0.237345 0.825231 0.228822 0.813272 0.245351 0.798032
0 0.291581 0.792052 0.292355 0.773148 0.310563 0.782793
0 0.291322 0.792052 0.290548 0.804398 0.309659 0.798225
0 0.282800 0.803241 0.281250 0.818673 0.303203 0.811342
0 0.089876 0.824846 0.101756 0.814815 0.104726 0.847994
0 0.120351 0.853395 0.110537 0.843750 0.123579 0.823688
0 0.133006 0.827546 0.140238 0.832176 0.131198 0.858989
0 0.109762 0.909722 0.103048 0.899306 0.119835 0.889274
0 0.102789 0.907022 0.091167 0.902778 0.098786 0.872107
0 0.102531 0.929398 0.112862 0.929398 0.107697 0.900463
0 0.110537 0.925926 0.105372 0.912809 0.126549 0.903743
0 0.115186 0.938657 0.110537 0.925926 0.125129 0.918789
0 0.131715 0.935957 0.122934 0.930941 0.133265 0.905479
0 0.152893 0.857253 0.147469 0.846065 0.164385 0.839892
0 0.147727 0.881559 0.136622 0.875000 0.152763 0.847222
0 0.147727 0.916667 0.158316 0.914738 0.153022 0.888504
0 0.219267 0.876157 0.211002 0.864198 0.229726 0.847800
0 0.257748 0.883873 0.244318 0.885031 0.251291 0.846065
0 0.309917 0.831019 0.305785 0.817130 0.286802 0.836034
0 0.299070 0.846065 0.309143 0.854552 0.298295 0.875193
0 0.266012 0.903935 0.260072 0.923611 0.242768 0.908757
0 0.231921 0.941358 0.244318 0.929784 0.226110 0.908950
0 0.216167 0.942130 0.226498 0.935571 0.212810 0.914545
0 0.171229 0.908179 0.167097 0.891590 0.186467 0.892168
0 0.183368 0.930941 0.194731 0.924383 0.183755 0.904128
0 0.203512 0.939429 0.212552 0.929784 0.197702 0.911844
0 0.170713 0.901620 0.164773 0.909336 0.163482 0.904128
0 0.294680 0.935571 0.300620 0.923611 0.281767 0.921104
0 0.324638 0.864969 0.327738 0.882716 0.305398 0.875579
0 0.290548 0.915509 0.287190 0.899306 0.307335 0.901620
0 0.333678 0.870370 0.337293 0.852623 0.317277 0.856867
0 0.343492 0.935571 0.334452 0.932099 0.340651 0.897763
0 0.326446 0.933256 0.318957 0.925540 0.329545 0.903164
0 0.312242 0.932485 0.303719 0.925926 0.315083 0.904514
0 0.378357 0.777778 0.379390 0.792052 0.357825 0.785301
0 0.401343 0.880015 0.393337 0.866512 0.411544 0.853781
0 0.414773 0.884259 0.414773 0.898148 0.393983 0.891204
0 0.366219 0.948688 0.376033 0.938272 0.359892 0.926697
0 0.385072 0.944444 0.376550 0.932485 0.396178 0.923804
0 0.407800 0.943287 0.415548 0.931713 0.398760 0.922646
0 0.422262 0.937500 0.412190 0.924383 0.426911 0.913388
0 0.406767 0.922068 0.404442 0.912037 0.417226 0.913773
0 0.451963 0.944830 0.439308 0.935571 0.454545 0.918210
0 0.457903 0.920910 0.460486 0.944830 0.481664 0.932870
0 0.489153 0.863812 0.491219 0.878086 0.511880 0.870370
0 0.512397 0.944830 0.522727 0.932485 0.502841 0.911458
0 0.540289 0.937114 0.548295 0.949460 0.555914 0.928819
0 0.618285 0.891590 0.608213 0.908179 0.595428 0.880401
0 0.621643 0.947145 0.611312 0.941358 0.622030 0.922454
0 0.641012 0.945602 0.631198 0.935957 0.642820 0.920718
0 0.496384 0.740355 0.494576 0.756559 0.515367 0.748457
0 0.656508 0.738812 0.655475 0.751543 0.675749 0.746914
0 0.654442 0.821759 0.648502 0.810571 0.662190 0.802276
0 0.661415 0.854938 0.662965 0.872299 0.681818 0.863619
0 0.680785 0.809799 0.686467 0.827546 0.701833 0.812114
0 0.713326 0.837577 0.711260 0.820988 0.731792 0.829283
0 0.739669 0.833333 0.740702 0.850309 0.763946 0.840664
0 0.764979 0.857639 0.770145 0.876157 0.788868 0.858796
0 0.723657 0.881173 0.720558 0.864198 0.737861 0.866706
0 0.728822 0.934414 0.719783 0.927083 0.732309 0.911072
0 0.731663 0.886574 0.737345 0.904321 0.715264 0.898727
0 0.722107 0.951003 0.728822 0.934414 0.702738 0.933256
0 0.741477 0.942130 0.733988 0.929784 0.752970 0.918596
0 0.744835 0.946373 0.737345 0.930941 0.756457 0.927083
0 0.767562 0.943287 0.761880 0.929784 0.783058 0.923997
0 0.798037 0.945988 0.787190 0.944830 0.792613 0.915703
0 0.784607 0.948302 0.777893 0.935957 0.795972 0.933835
0 0.852273 0.944444 0.839618 0.933256 0.855243 0.915702
0 0.901085 0.828704 0.899535 0.846451 0.880940 0.836998
0 0.853822 0.778164 0.858988 0.795525 0.833678 0.796296
0 0.794163 0.825617 0.783833 0.816744 0.797908 0.798804
0 0.751808 0.773920 0.746643 0.757330 0.766787 0.760610
0 0.852531 0.746528 0.855114 0.761188 0.834194 0.756559
0 0.865186 0.739583 0.854855 0.747685 0.867510 0.768325
0 0.910124 0.776235 0.904959 0.790123 0.885589 0.767168
0 0.893853 0.728395 0.895661 0.746142 0.871384 0.737268
0 0.912448 0.944444 0.923037 0.933642 0.907154 0.920138
0 0.934143 0.931713 0.920455 0.928241 0.927299 0.896027
0 0.944473 0.864969 0.945506 0.880401 0.925620 0.875000
0 0.941116 0.822531 0.946281 0.842207 0.920326 0.837963
0 0.935692 0.766975 0.945248 0.776235 0.930527 0.796296
0 0.940083 0.736111 0.948605 0.745370 0.931689 0.763889
0 0.941890 0.746142 0.939566 0.731481 0.922004 0.744792
0 0.947572 0.727238 0.942407 0.711034 0.926395 0.730710
0 0.825930 0.726466 0.838068 0.724923 0.830836 0.695987
0 0.829287 0.654321 0.841426 0.648148 0.838197 0.679205
0 0.870093 0.614198 0.877583 0.619985 0.867382 0.640046
0 0.841942 0.609954 0.849948 0.620370 0.835873 0.627893
0 0.829287 0.602623 0.836002 0.616512 0.815858 0.624614
0 0.782283 0.570602 0.789773 0.577546 0.791451 0.552276
0 0.877583 0.570602 0.873450 0.558256 0.856793 0.571566
0 0.885847 0.547068 0.880940 0.533179 0.862990 0.553819
0 0.876033 0.506944 0.889979 0.512731 0.880424 0.549189
0 0.877583 0.548225 0.865702 0.543210 0.868156 0.580633
0 0.816632 0.503858 0.813017 0.520062 0.830062 0.518904
0 0.941890 0.570602 0.947572 0.579475 0.933755 0.593557
0 0.934917 0.589506 0.943698 0.580247 0.928461 0.561342
0 0.932335 0.635802 0.923037 0.646991 0.917743 0.617863
0 0.940857 0.639660 0.945506 0.655478 0.923037 0.657215
0 0.936725 0.694830 0.943440 0.681327 0.926136 0.677083
0 0.921488 0.700231 0.925103 0.711420 0.918389 0.701968
0 0.690599 0.501929 0.696798 0.517747 0.707645 0.500965
0 0.754132 0.513889 0.748450 0.528549 0.764979 0.532601
0 0.777893 0.528549 0.767820 0.516975 0.781637 0.509645
0 0.800620 0.527006 0.791322 0.527006 0.795971 0.502507
0 0.772211 0.439429 0.785382 0.440586 0.778538 0.470486
0 0.727273 0.571373 0.729855 0.585262 0.708549 0.583140
0 0.691374 0.478009 0.685692 0.461420 0.705062 0.461998
0 0.737862 0.410494 0.746643 0.405478 0.747159 0.435763
0 0.763688 0.409722 0.768853 0.428241 0.783833 0.413195
0 0.819473 0.395833 0.825413 0.409336 0.806431 0.407793
0 0.799587 0.372685 0.809143 0.364969 0.811467 0.388889
0 0.779442 0.362654 0.786932 0.375386 0.771953 0.382137
0 0.763688 0.371528 0.756973 0.356481 0.742511 0.379243
0 0.834452 0.437114 0.827221 0.429398 0.840135 0.413195
0 0.882748 0.458333 0.891012 0.451389 0.877711 0.431134
0 0.855114 0.445988 0.865961 0.442515 0.858988 0.419946
0 0.859762 0.462191 0.858471 0.443287 0.839101 0.452739
0 0.864153 0.511574 0.850723 0.508102 0.857438 0.479552
0 0.853822 0.546296 0.843233 0.538194 0.855759 0.521026
0 0.878357 0.493056 0.867252 0.490355 0.872804 0.463735
0 0.896952 0.514660 0.885331 0.520833 0.887784 0.489005
0 0.890238 0.561343 0.879390 0.554398 0.889591 0.527778
0 0.760072 0.313272 0.770145 0.307485 0.759685 0.287423
0 0.781508 0.366512 0.793905 0.361883 0.783058 0.335648
0 0.803461 0.327546 0.809917 0.320216 0.799328 0.301505
0 0.807593 0.294753 0.816632 0.287423 0.806431 0.270255
0 0.826705 0.303241 0.817407 0.318673 0.835614 0.329476
0 0.833678 0.391975 0.843750 0.393133 0.838714 0.365934
0 0.842975 0.315201 0.833678 0.313657 0.838326 0.290509
0 0.844783 0.293596 0.855372 0.286265 0.853693 0.311149
0 0.868285 0.260802 0.877841 0.264275 0.870610 0.288387
0 0.869835 0.328704 0.880424 0.337577 0.880036 0.311921
0 0.892304 0.252701 0.899019 0.257716 0.888818 0.283372
0 0.903667 0.279707 0.893079 0.271991 0.905347 0.248457
0 0.896436 0.245370 0.883781 0.247685 0.889721 0.219328
0 0.848657 0.267747 0.861312 0.263117 0.850982 0.240934
0 0.826963 0.228009 0.816632 0.240355 0.836002 0.251736
0 0.828512 0.229938 0.817665 0.225309 0.823089 0.208719
0 0.794680 0.217978 0.790548 0.230324 0.807464 0.240354
0 0.810692 0.193673 0.814824 0.209877 0.791968 0.205633
0 0.940857 0.317515 0.933368 0.329090 0.922908 0.305363
0 0.930269 0.339120 0.934401 0.326389 0.917743 0.326196
0 0.936209 0.358796 0.941632 0.346451 0.922779 0.343750
0 0.926136 0.344136 0.914256 0.332176 0.913739 0.361883
0 0.943698 0.388117 0.935434 0.398148 0.927040 0.367477
0 0.936983 0.372685 0.931043 0.361883 0.923295 0.382524
0 0.937758 0.282022 0.934917 0.297454 0.913610 0.278550
0 0.932593 0.240741 0.940857 0.240741 0.936725 0.261960
0 0.936209 0.218750 0.942149 0.228781 0.923554 0.242670
0 0.936209 0.211420 0.930269 0.231096 0.916193 0.213734
0 0.708419 0.279321 0.698605 0.275077 0.705708 0.254244
0 0.771952 0.149306 0.772211 0.167052 0.751421 0.158179
0 0.775310 0.152392 0.785382 0.137731 0.795197 0.163194
0 0.816890 0.173225 0.814050 0.159336 0.800878 0.169753
0 0.780992 0.134259 0.779700 0.149306 0.797520 0.141782
0 0.837035 0.130401 0.842200 0.144676 0.825155 0.144290
0 0.805010 0.108796 0.796746 0.116898 0.807980 0.128472
0 0.826705 0.091435 0.831095 0.103781 0.809530 0.111497
0 0.885331 0.171296 0.881715 0.187886 0.862603 0.174961
0 0.827996 0.109954 0.835486 0.102623 0.842200 0.123649
0 0.843750 0.133488 0.835486 0.140818 0.842588 0.150270
0 0.735537 0.121528 0.731663 0.106867 0.750517 0.109182
0 0.742510 0.050926 0.752324 0.054398 0.743672 0.077932
0 0.724690 0.049769 0.733729 0.062114 0.716425 0.076775
0 0.697572 0.034336 0.689308 0.045910 0.711261 0.059606
0 0.683110 0.037423 0.674845 0.048225 0.692665 0.060571
0 0.693440 0.049383 0.683110 0.047068 0.686467 0.080825
0 0.814308 0.062500 0.802686 0.054784 0.802944 0.085262
0 0.808626 0.045910 0.800103 0.057099 0.821539 0.065972
0 0.826963 0.060957 0.815341 0.053627 0.812242 0.083720
0 0.845300 0.049383 0.839618 0.063272 0.863636 0.069831
0 0.853306 0.062500 0.842200 0.052469 0.840135 0.080825
0 0.872417 0.106867 0.868543 0.121914 0.850594 0.108989
0 0.872417 0.054398 0.888430 0.051312 0.885072 0.083527
0 0.909607 0.143519 0.908058 0.122685 0.885331 0.133102
0 0.915806 0.145833 0.905475 0.143519 0.910640 0.124421
0 0.901601 0.136574 0.906250 0.120370 0.883652 0.125193
0 0.898760 0.054784 0.889979 0.067130 0.910124 0.079861
0 0.927686 0.086034 0.919938 0.076389 0.913998 0.096450
0 0.929236 0.150849 0.939566 0.144676 0.928848 0.122878
0 0.928461 0.132716 0.934143 0.144290 0.913998 0.148727
0 0.938533 0.158565 0.928977 0.144676 0.918260 0.170910
0 0.668905 0.216821 0.665548 0.230710 0.684530 0.230710
0 0.651860 0.206790 0.649793 0.222994 0.634685 0.213927
0 0.613378 0.223765 0.612087 0.237654 0.632103 0.233603
0 0.562500 0.204861 0.561467 0.223765 0.544809 0.214313
0 0.578254 0.097994 0.588585 0.094907 0.585486 0.122107
0 0.684143 0.158179 0.677428 0.172068 0.662061 0.151427
0 0.654442 0.068673 0.663740 0.077932 0.651601 0.097029
0 0.673037 0.035880 0.680269 0.043210 0.666581 0.056906
0 0.679236 0.052083 0.674329 0.038194 0.657154 0.050154
0 0.605372 0.042052 0.603048 0.059414 0.620868 0.050733
0 0.582645 0.044367 0.584711 0.059414 0.563404 0.054591
0 0.566632 0.054784 0.576188 0.044753 0.581740 0.071759
0 0.580062 0.079090 0.580837 0.092978 0.560693 0.086034
0 0.553202 0.040895 0.563017 0.036651 0.563275 0.065200
0 0.547004 0.031636 0.556818 0.035880 0.545196 0.056327
0 0.539514 0.035880 0.544938 0.053627 0.523631 0.050926
0 0.517045 0.067130 0.526343 0.077160 0.509685 0.094908
0 0.474690 0.159336 0.480630 0.172068 0.461647 0.177083
0 0.479081 0.105710 0.480372 0.121528 0.461518 0.113619
0 0.467200 0.032407 0.479855 0.028549 0.473527 0.057677
0 0.462035 0.034336 0.468492 0.045910 0.451705 0.053626
0 0.423295 0.037423 0.432076 0.028549 0.439307 0.057485
0 0.442407 0.047068 0.434659 0.038580 0.428848 0.063079
0 0.401860 0.049769 0.415548 0.047454 0.411932 0.081019
0 0.421488 0.132716 0.424845 0.116512 0.405863 0.119020
0 0.396694 0.122685 0.396436 0.139275 0.373321 0.130980
0 0.409607 0.145833 0.408574 0.159336 0.392562 0.152585
0 0.398502 0.046296 0.399277 0.061728 0.378487 0.054012
0 0.381198 0.036265 0.373450 0.043596 0.384039 0.063850
0 0.366477 0.036265 0.376033 0.044753 0.362216 0.056712
0 0.360537 0.037423 0.363378 0.056327 0.342975 0.047840
0 0.315083 0.175540 0.318698 0.191358 0.337939 0.176891
0 0.354339 0.188272 0.357696 0.199460 0.340780 0.199460
0 0.266787 0.037423 0.279442 0.032407 0.276343 0.064814
0 0.278409 0.042052 0.268337 0.037423 0.270790 0.067323
0 0.320248 0.103781 0.322831 0.119985 0.302428 0.113426
0 0.308884 0.143904 0.321023 0.149306 0.310434 0.173997
0 0.351756 0.378086 0.357955 0.362654 0.337036 0.357253
0 0.312758 0.375000 0.319215 0.383488 0.306689 0.390046
0 0.389205 0.445602 0.381715 0.456790 0.370480 0.436728
0 0.400052 0.530093 0.409607 0.521219 0.398889 0.504630
0 0.302169 0.476080 0.308884 0.488426 0.317794 0.469908
0 0.317149 0.498071 0.324638 0.511188 0.306947 0.520640
0 0.306560 0.572145 0.318182 0.565972 0.315212 0.594136
0 0.367769 0.691358 0.364153 0.702160 0.383393 0.703511
0 0.352014 0.769290 0.340651 0.763503 0.352015 0.741705
0 0.456612 0.662037 0.444990 0.658565 0.454288 0.631558
0 0.460744 0.659722 0.469008 0.667052 0.460743 0.678434
0 0.518337 0.573302 0.516529 0.586420 0.531896 0.581790
0 0.552944 0.604552 0.543905 0.616127 0.561208 0.630208
0 0.571023 0.584877 0.565341 0.601466 0.587939 0.604167
0 0.598657 0.545910 0.596333 0.564815 0.615832 0.558835
0 0.698864 0.689043 0.706353 0.677469 0.717588 0.703318
0 0.727273 0.665123 0.740702 0.664738 0.733988 0.696373
0 0.761364 0.716435 0.771436 0.710648 0.759427 0.689043
0 0.638946 0.500000 0.637397 0.518904 0.660770 0.513696
0 0.665031 0.507716 0.661415 0.489198 0.677686 0.498071
0 0.613120 0.461034 0.613378 0.444059 0.593233 0.452546
0 0.712810 0.316358 0.701446 0.317515 0.707128 0.345872
