0 0.429752 0.558642 0.428719 0.542438 0.469525 0.544753
0 0.44938 0.585262 0.44938 0.587963 0.450413 0.605324 0.409607 0.587963
0 0.434401 0.667824 0.426653 0.655864 0.458161 0.626543
0 0.386364 0.652392 0.375517 0.643519 0.395661 0.591821
0 0.332645 0.647377 0.339101 0.633873 0.37345 0.67554
0 0.36157 0.614198 0.34969 0.613812 0.355372 0.568287
0 0.327479 0.628086 0.328512 0.612654 0.365702 0.61767
0 0.338326 0.597222 0.324897 0.592978 0.343492 0.537809
0 0.306302 0.487654 0.318698 0.492284 0.300103 0.543596
0 0.362087 0.455247 0.373967 0.458333 0.367252 0.512731
0 0.355888 0.392747 0.366219 0.400463 0.379649 0.354938
0 0.66374 0.358796 0.673554 0.36034 0.666839 0.411265
0 0.501033 0.50463 0.503099 0.486111 0.555269 0.505401
0 0.470558 0.487654 0.467975 0.477623 0.450413 0.50463
0 0.535124 0.535108 0.53874 0.55054 0.580579 0.521219
0 0.578512 0.630401 0.588843 0.624228 0.567149 0.565972
0 0.549587 0.644676 0.558884 0.630401 0.589876 0.67284
0 0.489153 0.658951 0.495868 0.647377 0.470041 0.62037
0 0.894112 0.064429 0.895145 0.047454 0.853822 0.043981
0 0.859504 0.089892 0.854855 0.078704 0.88843 0.059799
0 0.862603 0.119599 0.868285 0.108796 0.893079 0.145062
0 0.819731 0.193673 0.8125 0.184414 0.839876 0.14429
0 0.842459 0.213735 0.854339 0.213735 0.850723 0.143519
0 0.864153 0.277778 0.871384 0.267747 0.844525 0.216049
0 0.765496 0.11034 0.77531 0.116512 0.755682 0.160494
0 0.806302 0.081404 0.796488 0.075231 0.823864 0.040509
0 0.694731 0.048225 0.695764 0.028935 0.734504 0.046682
0 0.662707 0.050154 0.668905 0.041281 0.698347 0.086806
0 0.654442 0.032793 0.661157 0.022762 0.688533 0.056327
0 0.624483 0.037423 0.632748 0.030478 0.653926 0.081404
0 0.572831 0.131944 0.576963 0.115741 0.620351 0.12963
0 0.588326 0.031636 0.595558 0.021219 0.627583 0.059799
0 0.576963 0.036651 0.582645 0.027392 0.610021 0.077546
0 0.555269 0.025077 0.544421 0.03125 0.566632 0.079861
0 0.538223 0.023534 0.548554 0.03125 0.52531 0.078318
0 0.532025 0.02662 0.523244 0.023534 0.517045 0.069444
0 0.487603 0.029707 0.494835 0.01929 0.520145 0.065972
0 0.510331 0.104938 0.510847 0.12037 0.469008 0.108025
0 0.52376 0.111883 0.512913 0.121142 0.490186 0.061343
0 0.480372 0.077932 0.477789 0.060571 0.43905 0.077932
0 0.472107 0.017361 0.479339 0.03588 0.43595 0.058256
0 0.399793 0.076775 0.408574 0.071373 0.425103 0.121914
0 0.750517 0.277006 0.758264 0.285494 0.767562 0.250772
0 0.76188 0.440586 0.752583 0.428241 0.722107 0.475309
0 0.82438 0.338735 0.827479 0.349537 0.850207 0.313272
0 0.827996 0.361111 0.834711 0.368827 0.860537 0.324074
0 0.91374 0.453704 0.922004 0.440586 0.885331 0.396219
0 0.915806 0.501543 0.921488 0.487654 0.890496 0.45216
0 0.839876 0.435957 0.848657 0.445988 0.82438 0.496142
0 0.778926 0.517747 0.793388 0.513889 0.795455 0.580247
0 0.748967 0.530864 0.753616 0.544367 0.72314 0.565201
0 0.751033 0.678627 0.741736 0.677083 0.743802 0.618441
0 0.916322 0.565201 0.907025 0.570216 0.919421 0.616127
0 0.858988 0.609954 0.860537 0.591435 0.908574 0.598765
0 0.853822 0.624614 0.864669 0.623457 0.860537 0.563272
0 0.841942 0.67091 0.853822 0.67091 0.848657 0.599923
0 0.862603 0.646219 0.869318 0.633873 0.898244 0.667824
0 0.702996 0.722608 0.70093 0.707176 0.665806 0.724923
0 0.654442 0.710262 0.653409 0.695602 0.691632 0.694059
0 0.570248 0.672454 0.582645 0.678627 0.569215 0.720293
0 0.506198 0.70409 0.514979 0.698688 0.500517 0.652392
0 0.737087 0.684799 0.73657 0.668596 0.695764 0.673997
0 0.787707 0.672454 0.782025 0.653935 0.73812 0.692515
0 0.797004 0.682485 0.787707 0.672454 0.761364 0.71875
0 0.927169 0.647762 0.914773 0.638117 0.898244 0.70409
0 0.884298 0.679398 0.870868 0.684028 0.886364 0.744985
0 0.835744 0.722608 0.825413 0.728781 0.850207 0.768133
0 0.840909 0.778935 0.843492 0.762731 0.805269 0.761188
0 0.793388 0.773534 0.801653 0.765046 0.819215 0.822145
0 0.813017 0.86304 0.823347 0.856096 0.797521 0.788194
0 0.795455 0.868441 0.806302 0.853781 0.771694 0.813657
0 0.880682 0.753472 0.890496 0.753472 0.885331 0.802083
0 0.917355 0.755015 0.922521 0.765818 0.891529 0.792052
0 0.915806 0.817515 0.91064 0.826775 0.874483 0.794367
0 0.916839 0.849923 0.907541 0.846065 0.917872 0.788194
0 0.900826 0.83912 0.904442 0.822917 0.863636 0.804398
0 0.906508 0.835262 0.89876 0.828318 0.87655 0.871528
0 0.889463 0.874614 0.883264 0.866898 0.865186 0.899306
0 0.899277 0.900077 0.909091 0.896991 0.902376 0.844522
0 0.902376 0.912423 0.91219 0.913194 0.91064 0.851466
0 0.884814 0.917052 0.896178 0.916281 0.894628 0.861497
0 0.846591 0.869985 0.854855 0.878472 0.831095 0.916281
0 0.870351 0.880015 0.865702 0.892361 0.841426 0.86767
0 0.880682 0.915509 0.872934 0.923225 0.863636 0.877701
0 0.858988 0.924769 0.851756 0.913194 0.889463 0.874614
0 0.871901 0.869213 0.873967 0.853009 0.833678 0.847608
0 0.882748 0.829861 0.884298 0.84375 0.845558 0.846836
0 0.860537 0.831404 0.850207 0.832948 0.846074 0.775077
0 0.832128 0.808256 0.83936 0.798225 0.854339 0.840664
0 0.83781 0.86304 0.827996 0.863812 0.835744 0.813657
0 0.837293 0.883873 0.83781 0.86304 0.780992 0.873071
0 0.816632 0.918596 0.805269 0.907022 0.830579 0.873843
0 0.78874 0.904707 0.784091 0.897762 0.809917 0.873843
0 0.798037 0.92554 0.805785 0.911651 0.76343 0.873843
0 0.77686 0.913966 0.782025 0.900077 0.75 0.883102
0 0.754649 0.903935 0.746901 0.907793 0.742769 0.866127
0 0.745868 0.928627 0.73657 0.920139 0.762397 0.869985
0 0.733471 0.790509 0.72469 0.802083 0.756715 0.840664
0 0.723657 0.779707 0.731921 0.796682 0.690083 0.818287
0 0.734504 0.86304 0.749483 0.861497 0.736054 0.813657
0 0.728306 0.913966 0.741219 0.912423 0.719525 0.84375
0 0.72469 0.928627 0.733471 0.920139 0.710227 0.872299
0 0.713326 0.924769 0.722624 0.919367 0.701446 0.863812
0 0.69938 0.931713 0.710227 0.924769 0.680269 0.883102
0 0.662707 0.909336 0.67562 0.913194 0.676653 0.837577
0 0.665806 0.822917 0.661157 0.805941 0.625 0.836806
0 0.67562 0.765046 0.674587 0.748071 0.720041 0.760417
0 0.63688 0.765046 0.639979 0.749614 0.679236 0.769676
0 0.652893 0.791281 0.643079 0.789738 0.646178 0.734182
0 0.631198 0.788966 0.635847 0.774306 0.608988 0.748071
0 0.610021 0.780478 0.620868 0.780478 0.617769 0.724151
0 0.580062 0.749614 0.590393 0.735725 0.614669 0.79591
0 0.5625 0.771991 0.568182 0.755787 0.607438 0.806713
0 0.590909 0.851466 0.585744 0.832176 0.625517 0.823688
0 0.591426 0.899306 0.602789 0.893904 0.582645 0.839892
0 0.589876 0.928627 0.598657 0.92091 0.569215 0.863812
0 0.561467 0.922454 0.576446 0.924769 0.568698 0.866898
0 0.537707 0.920139 0.550103 0.923225 0.551653 0.859954
0 0.527893 0.910108 0.539773 0.903164 0.512397 0.846836
0 0.521694 0.826775 0.536157 0.82909 0.536674 0.765046
0 0.507748 0.902392 0.518079 0.893133 0.49845 0.853781
0 0.485021 0.923225 0.479855 0.909336 0.512913 0.892361
0 0.459194 0.728009 0.467459 0.716435 0.441632 0.678627
0 0.409607 0.75733 0.400826 0.749614 0.428202 0.714892
0 0.410124 0.78125 0.412707 0.762731 0.455579 0.786651
0 0.372417 0.788966 0.377066 0.769676 0.415289 0.792052
0 0.40186 0.825231 0.406508 0.807485 0.45093 0.837577
0 0.384298 0.832948 0.392045 0.815201 0.426653 0.859954
0 0.438533 0.875386 0.430785 0.85841 0.471333 0.834491
0 0.480372 0.927855 0.470041 0.923997 0.472107 0.873843
0 0.461777 0.93017 0.470041 0.923997 0.452479 0.870756
0 0.431302 0.911651 0.438533 0.898534 0.40031 0.864583
0 0.389721 0.916281 0.396694 0.926312 0.42407 0.899306
0 0.397727 0.937114 0.389721 0.924769 0.430785 0.900849
0 0.39876 0.902392 0.402893 0.884645 0.362087 0.871528
0 0.364669 0.913966 0.363636 0.896219 0.408574 0.895448
0 0.366219 0.924769 0.353822 0.926312 0.356405 0.883102
0 0.338843 0.913194 0.34814 0.920139 0.366736 0.873843
0 0.338326 0.922454 0.326963 0.921682 0.329545 0.86304
0 0.320248 0.927855 0.326963 0.921682 0.309401 0.876157
0 0.305269 0.923225 0.298554 0.916281 0.320248 0.877701
0 0.298554 0.853781 0.292872 0.83912 0.329029 0.822917
0 0.26188 0.80517 0.27376 0.808256 0.271178 0.759645
0 0.28874 0.739583 0.297521 0.731867 0.313533 0.769676
0 0.278409 0.669367 0.267562 0.66088 0.289256 0.623843
0 0.227789 0.668596 0.224174 0.65162 0.268595 0.645448
0 0.190599 0.681713 0.184401 0.667052 0.209711 0.640818
0 0.174587 0.663966 0.165289 0.654707 0.190083 0.61304
0 0.21126 0.626157 0.202996 0.615355 0.226756 0.57909
0 0.165289 0.731096 0.167355 0.71412 0.206612 0.722608
0 0.133781 0.735725 0.135072 0.721065 0.177686 0.740355
0 0.272727 0.851466 0.274793 0.836034 0.236054 0.834491
0 0.213843 0.836034 0.210227 0.821373 0.249742 0.813657
0 0.162707 0.875386 0.153926 0.860725 0.194731 0.816744
0 0.168647 0.815972 0.163223 0.799769 0.201963 0.786651
0 0.137655 0.815201 0.135072 0.798225 0.176653 0.788194
0 0.135072 0.849923 0.12345 0.836034 0.146178 0.807485
0 0.157025 0.923997 0.15031 0.91088 0.183884 0.890046
0 0.136364 0.927083 0.128616 0.915509 0.155475 0.884645
0 0.124742 0.913194 0.120351 0.903164 0.154959 0.865355
0 0.11312 0.926312 0.108471 0.911651 0.150568 0.883102
0 0.23657 0.928627 0.230888 0.923225 0.245093 0.898534 0.237345 0.931713
0 0.22314 0.928627 0.230888 0.923225 0.219525 0.879244
0 0.197831 0.923997 0.188017 0.917824 0.207645 0.869985
0 0.183884 0.92091 0.195764 0.926312 0.219525 0.879244
0 0.219525 0.934799 0.22469 0.915509 0.193182 0.914738
0 0.297521 0.931713 0.291322 0.920139 0.315083 0.870756
0 0.285124 0.92091 0.293388 0.927083 0.311983 0.868441
0 0.280992 0.922454 0.291322 0.920139 0.280992 0.850694
0 0.271694 0.91088 0.277376 0.900077 0.241994 0.849151
0 0.270145 0.932485 0.263946 0.926312 0.292355 0.880787
0 0.257231 0.920139 0.263946 0.926312 0.271694 0.862269
0 0.247676 0.917052 0.256198 0.92554 0.268595 0.866898
0 0.102273 0.908565 0.098657 0.900077 0.122934 0.857639
0 0.108471 0.921682 0.102273 0.908565 0.12655 0.868441
0 0.088585 0.910108 0.08936 0.894676 0.129132 0.903164
0 0.095041 0.893904 0.092717 0.880787 0.142045 0.876929
0 0.083161 0.873843 0.090909 0.890046 0.131715 0.842207
0 0.092459 0.851466 0.090909 0.866898 0.145145 0.854552
0 0.088326 0.83912 0.092459 0.851466 0.120868 0.809799
0 0.084969 0.857639 0.084969 0.840664 0.133781 0.845293
0 0.077996 0.829861 0.084969 0.840664 0.124483 0.796682
0 0.107438 0.801312 0.106405 0.785108 0.150568 0.76659
0 0.086002 0.812114 0.082128 0.797454 0.109246 0.788966
0 0.107955 0.764275 0.11312 0.779707 0.146694 0.755015
0 0.083419 0.778164 0.088326 0.798225 0.136364 0.765046
0 0.13688 0.704861 0.138946 0.687114 0.179236 0.702546
0 0.136364 0.669367 0.129132 0.654707 0.165806 0.63696
0 0.134298 0.631559 0.12345 0.643133 0.154959 0.689429
0 0.114153 0.713349 0.106663 0.701775 0.145145 0.672454
0 0.108471 0.684799 0.102273 0.69483 0.133264 0.717978
0 0.082386 0.706404 0.090134 0.697145 0.104081 0.751929
0 0.228306 0.571759 0.234504 0.554012 0.272211 0.595679
0 0.311983 0.440586 0.307335 0.425154 0.264979 0.458333
0 0.197314 0.486883 0.205579 0.477623 0.177686 0.446759
0 0.194215 0.506173 0.197314 0.486883 0.241994 0.515432
0 0.158316 0.500772 0.156508 0.482253 0.190599 0.479167
0 0.174587 0.551698 0.172004 0.533179 0.217975 0.527006
0 0.168388 0.575617 0.173554 0.560957 0.21436 0.591049
0 0.15186 0.573302 0.143595 0.560185 0.170971 0.527778
0 0.090909 0.598765 0.088326 0.585648 0.124483 0.585648
0 0.081612 0.537809 0.088326 0.529321 0.107955 0.579475
0 0.09375 0.602238 0.087552 0.61034 0.119576 0.641975
0 0.081612 0.621528 0.087552 0.61034 0.114411 0.650849
0 0.085744 0.655093 0.089876 0.642747 0.123967 0.665123
0 0.100207 0.667438 0.08936 0.67284 0.106405 0.729167
0 0.087293 0.662809 0.097882 0.66358 0.096074 0.712963
0 0.11312 0.51929 0.114411 0.508488 0.146694 0.530093 0.113895 0.519676
0 0.091167 0.512346 0.087552 0.526235 0.130682 0.551698
0 0.107955 0.478395 0.105888 0.493056 0.142045 0.496142
0 0.093492 0.479938 0.08936 0.493827 0.134814 0.513117
0 0.084194 0.496142 0.092717 0.484568 0.119318 0.535494
0 0.078254 0.464506 0.083419 0.459877 0.092717 0.484568
0 0.399793 0.300926 0.397727 0.289352 0.362087 0.308642
0 0.225723 0.250772 0.228306 0.233025 0.273244 0.259259
0 0.167872 0.403164 0.171488 0.386574 0.210744 0.405864
0 0.128099 0.347994 0.119576 0.342593 0.114153 0.383488
0 0.15186 0.272377 0.139463 0.26929 0.133781 0.325617
0 0.118802 0.323302 0.11312 0.314043 0.137397 0.290895
0 0.126033 0.270833 0.116994 0.266204 0.105888 0.319444
0 0.090134 0.270062 0.098915 0.270833 0.096333 0.30787
0 0.102789 0.258488 0.094525 0.26466 0.118802 0.307099
0 0.091167 0.341821 0.098915 0.338735 0.111054 0.393519
0 0.084711 0.342593 0.094525 0.334877 0.09969 0.391204
0 0.091167 0.323302 0.089876 0.335648 0.122934 0.353395
0 0.09969 0.402006 0.102789 0.416667 0.141529 0.390432
0 0.090909 0.417438 0.090909 0.427469 0.131198 0.415509
0 0.097107 0.431327 0.095041 0.440201 0.139463 0.445216
0 0.097107 0.459877 0.08936 0.464892 0.100207 0.486111
0 0.0953 0.449074 0.090134 0.46142 0.131198 0.477623
0 0.084194 0.441358 0.083419 0.456019 0.133264 0.454475
0 0.091942 0.405093 0.083161 0.416667 0.11312 0.458719
0 0.220558 0.213735 0.221591 0.197531 0.258781 0.209877
0 0.232438 0.151235 0.243802 0.156636 0.22624 0.201389
0 0.209711 0.092207 0.219008 0.086034 0.232955 0.13966
0 0.196798 0.107253 0.206612 0.09838 0.181818 0.062886
0 0.268079 0.111883 0.274793 0.103781 0.298554 0.145062
0 0.293905 0.108025 0.292355 0.094522 0.249742 0.09838
0 0.370868 0.032022 0.366736 0.019676 0.329029 0.047454
0 0.31095 0.035108 0.306302 0.022762 0.274277 0.048997
0 0.248967 0.035108 0.241736 0.022762 0.206095 0.061728
0 0.196798 0.032793 0.208678 0.021219 0.236054 0.072145
0 0.182335 0.038194 0.17562 0.042824 0.186467 0.093364
0 0.183884 0.024306 0.176653 0.03588 0.209711 0.06983
0 0.170455 0.032793 0.180785 0.028164 0.17407 0.086806
0 0.154959 0.042824 0.147727 0.038194 0.133781 0.083719
0 0.156508 0.023534 0.146694 0.032022 0.173037 0.076003
0 0.143595 0.027392 0.152376 0.038966 0.118285 0.077546
0 0.134814 0.029707 0.12655 0.033565 0.137397 0.086806
0 0.12345 0.042824 0.116736 0.042824 0.110537 0.086034
0 0.121384 0.024691 0.129132 0.032793 0.100465 0.072917
0 0.100465 0.096451 0.091942 0.091435 0.11157 0.048997
0 0.167355 0.177469 0.169421 0.164352 0.210744 0.179012
0 0.138946 0.182099 0.134298 0.165895 0.178202 0.14892
0 0.117769 0.204475 0.123967 0.193673 0.152376 0.243056
0 0.100465 0.137346 0.108988 0.127315 0.125517 0.176698
0 0.089876 0.12037 0.090909 0.134259 0.146694 0.114969
0 0.095041 0.145062 0.092717 0.131944 0.139463 0.125772
0 0.091167 0.150463 0.102273 0.145062 0.105888 0.196759
0 0.096074 0.206019 0.101498 0.196759 0.119576 0.239583
0 0.08936 0.20216 0.09969 0.208333 0.118285 0.149691
0 0.092459 0.25 0.097624 0.239969 0.120868 0.266204
0 0.096074 0.228395 0.091942 0.243056 0.131715 0.243827
0 0.090909 0.207562 0.09375 0.223765 0.124742 0.210648
0 0.088585 0.22608 0.092717 0.210648 0.143595 0.23071
0 0.082386 0.22608 0.09375 0.216821 0.102273 0.263117