0 0.540548 0.513889 0.54907 0.505015 0.525052 0.45679
0 0.481147 0.533179 0.485021 0.51466 0.534091 0.530093
0 0.439824 0.517747 0.447056 0.508102 0.468233 0.551312
0 0.515496 0.542824 0.525052 0.540895 0.527634 0.594907
0 0.5328 0.601466 0.544421 0.599537 0.532283 0.547454
0 0.556818 0.533179 0.571539 0.533951 0.565083 0.597608
0 0.500517 0.490741 0.502583 0.479938 0.477273 0.467593
0 0.61157 0.549383 0.599948 0.546682 0.603306 0.60841
0 0.685176 0.581404 0.689824 0.56983 0.713068 0.609182
0 0.747934 0.667052 0.745351 0.652778 0.781508 0.641204
0 0.701963 0.643133 0.710486 0.634259 0.729081 0.691358
0 0.661415 0.643904 0.670971 0.630401 0.69938 0.694059
0 0.649019 0.664352 0.66064 0.659336 0.668388 0.720293
0 0.603822 0.643904 0.615444 0.64892 0.597366 0.709491
0 0.489669 0.64892 0.492252 0.634259 0.525052 0.655478
0 0.467717 0.630401 0.474174 0.618827 0.487087 0.657407
0 0.50439 0.35841 0.5 0.342978 0.546488 0.326775
0 0.47469 0.320988 0.475981 0.304398 0.516012 0.310185
0 0.37345 0.462577 0.385072 0.463735 0.375258 0.521605
0 0.305527 0.49267 0.316632 0.490741 0.31844 0.547454
0 0.284349 0.605324 0.286932 0.587963 0.320506 0.609182
0 0.26937 0.634259 0.273244 0.618056 0.313275 0.645833
0 0.281767 0.678627 0.274019 0.666281 0.300362 0.633488
0 0.262913 0.690201 0.270145 0.680556 0.287448 0.721065
0 0.309401 0.720293 0.301136 0.704861 0.33781 0.674769
0 0.349432 0.715278 0.34814 0.701775 0.38688 0.697917
0 0.425103 0.715278 0.423812 0.697917 0.466942 0.695988
0 0.512138 0.683642 0.518079 0.701003 0.545713 0.663194
0 0.487603 0.695216 0.492252 0.676698 0.527118 0.699846
0 0.493543 0.728009 0.507748 0.731867 0.512138 0.677855
0 0.865444 0.052855 0.868027 0.039352 0.912448 0.074074
0 0.840134 0.134645 0.842717 0.116512 0.800878 0.107639
0 0.834452 0.176312 0.843492 0.165509 0.860279 0.227238
0 0.796229 0.197531 0.787965 0.182099 0.822831 0.151235
0 0.755682 0.101852 0.766012 0.10108 0.769886 0.155093
0 0.789773 0.028549 0.793647 0.042052 0.756198 0.055556
0 0.706612 0.050926 0.706612 0.033565 0.749225 0.032407
0 0.91064 0.217593 0.921488 0.219522 0.914514 0.268904
0 0.89437 0.389275 0.903409 0.37963 0.922779 0.427855
0 0.820764 0.320988 0.831095 0.309414 0.853822 0.361497
0 0.786674 0.323688 0.798812 0.327546 0.789773 0.389275
0 0.534091 0.089506 0.535382 0.070216 0.58187 0.095293
0 0.452738 0.161651 0.454029 0.14159 0.413481 0.142361
0 0.457903 0.087577 0.457386 0.072145 0.495351 0.077932
0 0.409607 0.037423 0.417872 0.029707 0.439824 0.06713
0 0.404442 0.078704 0.403667 0.061343 0.447572 0.06713
0 0.38249 0.041281 0.388171 0.029707 0.418647 0.059414
0 0.364928 0.040123 0.359246 0.050926 0.399277 0.072917
0 0.936467 0.517747 0.942924 0.525463 0.918905 0.568673
0 0.898244 0.466435 0.911157 0.456019 0.927428 0.532022
0 0.920971 0.458719 0.916322 0.449074 0.882231 0.470293
0 0.869318 0.567901 0.866736 0.582176 0.824638 0.566744
0 0.807851 0.601466 0.818957 0.598765 0.823347 0.663194
0 0.944215 0.640046 0.933884 0.631559 0.92407 0.683642
0 0.922262 0.645833 0.926136 0.631559 0.895145 0.614198
0 0.893853 0.740355 0.893079 0.721065 0.855114 0.736497
0 0.827221 0.71142 0.832386 0.724151 0.859504 0.701003
0 0.833161 0.737654 0.83626 0.724923 0.794938 0.720293
0 0.756973 0.74537 0.763946 0.732639 0.795713 0.774306
0 0.647211 0.746142 0.647727 0.726852 0.695506 0.742284
0 0.734246 0.809028 0.730372 0.791667 0.763946 0.775077
0 0.713585 0.811728 0.726498 0.815586 0.735021 0.759645
0 0.743285 0.838735 0.734246 0.818673 0.777634 0.799383
0 0.859504 0.86767 0.869835 0.865741 0.85563 0.803241
0 0.88094 0.874614 0.873192 0.859182 0.854339 0.899691
0 0.895661 0.864969 0.884814 0.871528 0.867252 0.810957
0 0.942149 0.865741 0.939566 0.878472 0.899535 0.856096
0 0.606405 0.76659 0.618802 0.768519 0.623967 0.715278
0 0.540031 0.719136 0.549587 0.708719 0.572314 0.760802
0 0.686467 0.842593 0.674845 0.840664 0.681302 0.786651
0 0.683884 0.768519 0.684659 0.778164 0.717459 0.778164
0 0.688533 0.755787 0.692407 0.773148 0.647211 0.799383
0 0.591684 0.816744 0.600723 0.825231 0.612862 0.784722
0 0.572831 0.847608 0.583161 0.847608 0.580062 0.796296
0 0.581353 0.864969 0.586519 0.879244 0.62061 0.82446
0 0.665289 0.836806 0.662707 0.820602 0.700155 0.814815
0 0.62061 0.847608 0.616736 0.830247 0.661415 0.826389
0 0.667872 0.868827 0.661932 0.886188 0.62061 0.847608
0 0.716942 0.825231 0.721333 0.842593 0.676911 0.86304
0 0.719525 0.872685 0.713585 0.856096 0.765238 0.855324
0 0.707903 0.88233 0.698864 0.86767 0.743285 0.838735
0 0.775052 0.876543 0.77376 0.859182 0.729081 0.875386
0 0.467717 0.780864 0.463068 0.76466 0.509556 0.735725
0 0.404959 0.756944 0.400568 0.739583 0.443182 0.716435
0 0.483729 0.795525 0.482438 0.774306 0.534091 0.782022
0 0.530217 0.812886 0.527634 0.798225 0.563275 0.78858
0 0.510847 0.855324 0.510331 0.838735 0.55811 0.840664
0 0.449638 0.801312 0.458678 0.789738 0.483213 0.844522
0 0.530217 0.897762 0.534091 0.875386 0.487603 0.855324
0 0.549587 0.884259 0.548295 0.86767 0.58187 0.871528
0 0.63094 0.864969 0.619318 0.859182 0.608988 0.904321
0 0.44499 0.866898 0.447056 0.846451 0.492769 0.865741
0 0.428977 0.82446 0.43156 0.80787 0.40625 0.803241
0 0.944731 0.883102 0.937758 0.872685 0.914514 0.913966
0 0.909866 0.932485 0.921488 0.92554 0.903409 0.863812
0 0.899019 0.928627 0.887913 0.928627 0.882231 0.863812
0 0.884039 0.938272 0.892562 0.924769 0.85563 0.892747
0 0.851756 0.926698 0.857696 0.915895 0.827221 0.896605
0 0.869835 0.938272 0.875 0.92091 0.830579 0.880401
0 0.810434 0.923611 0.799587 0.915895 0.817665 0.847608
0 0.797521 0.924769 0.789256 0.928627 0.780217 0.861111
0 0.781508 0.938272 0.791064 0.931327 0.76343 0.878472
0 0.727273 0.938272 0.722107 0.92554 0.760847 0.905478
0 0.719525 0.942901 0.728564 0.931327 0.701446 0.888889
0 0.71436 0.893904 0.717459 0.913194 0.76782 0.88696
0 0.700671 0.929398 0.707128 0.94213 0.752324 0.904321
0 0.642562 0.939043 0.646436 0.929398 0.608988 0.888889
0 0.649019 0.944059 0.637397 0.935185 0.667097 0.878472
0 0.619318 0.940201 0.627841 0.929398 0.59814 0.886188
0 0.5922 0.940972 0.599432 0.928627 0.568957 0.895833
0 0.548295 0.942901 0.559401 0.937114 0.542614 0.88696
0 0.524535 0.938272 0.512138 0.924769 0.541322 0.88233
0 0.505682 0.937114 0.493543 0.923611 0.518595 0.880401
0 0.487603 0.930556 0.496643 0.938272 0.522469 0.890818
0 0.4703 0.942901 0.467717 0.926698 0.496643 0.918981
0 0.460486 0.934414 0.470816 0.937114 0.479339 0.881173
0 0.491477 0.905478 0.486312 0.92091 0.46436 0.890046
0 0.457386 0.939043 0.447056 0.94213 0.436725 0.883102
0 0.454804 0.886188 0.450155 0.868827 0.419163 0.900463
0 0.436725 0.939043 0.426911 0.936343 0.436725 0.873457
0 0.403667 0.929398 0.415289 0.939043 0.433368 0.888117
0 0.394112 0.910108 0.387655 0.896605 0.421229 0.870756
0 0.37345 0.560957 0.371384 0.55054 0.399793 0.552469
0 0.370868 0.761574 0.371384 0.743441 0.413998 0.76466
0 0.298554 0.759645 0.29468 0.739583 0.333936 0.722994
0 0.345558 0.778164 0.344267 0.762731 0.306818 0.778164
0 0.35718 0.780093 0.372676 0.780093 0.376033 0.837963
0 0.361054 0.841821 0.346849 0.842593 0.342459 0.789738
0 0.277118 0.794367 0.279184 0.776235 0.322314 0.797454
0 0.262397 0.756944 0.266787 0.768519 0.288223 0.742284
0 0.262397 0.791667 0.260331 0.772377 0.307593 0.767361
0 0.212552 0.772377 0.21126 0.755015 0.255165 0.751157
0 0.228822 0.744213 0.228822 0.726852 0.268853 0.728009
0 0.227531 0.695988 0.219008 0.675926 0.185434 0.719136
0 0.224948 0.62963 0.222366 0.614969 0.264205 0.601466
0 0.364928 0.929398 0.372676 0.929398 0.378616 0.869599
0 0.353306 0.94213 0.364411 0.934414 0.344267 0.888889
0 0.352789 0.879244 0.342459 0.885031 0.336002 0.834105
0 0.390754 0.936343 0.383006 0.947917 0.355888 0.896605
0 0.317924 0.919753 0.306818 0.908179 0.330837 0.861111
0 0.283574 0.849537 0.2797 0.832176 0.319731 0.820602
0 0.287448 0.896605 0.27531 0.891975 0.282283 0.840664
0 0.259039 0.861111 0.256457 0.844522 0.28564 0.832176
0 0.25 0.840664 0.239153 0.842593 0.23657 0.783951
0 0.231921 0.852238 0.231921 0.858025 0.240444 0.849537 0.222882 0.801312
0 0.287448 0.933256 0.275826 0.94483 0.253357 0.88233
0 0.242252 0.909336 0.242252 0.909336 0.23063 0.90162 0.250775 0.84838
0 0.229339 0.931327 0.23657 0.94213 0.261105 0.90625
0 0.246126 0.944059 0.231921 0.94213 0.239153 0.900463
0 0.191374 0.82909 0.199122 0.812886 0.230114 0.84375
0 0.199122 0.876543 0.208161 0.885031 0.224948 0.839892
0 0.176395 0.815586 0.168647 0.826389 0.200413 0.859954
0 0.155733 0.800154 0.162965 0.813657 0.195248 0.765432
0 0.120351 0.76659 0.128099 0.782793 0.163481 0.746142
0 0.146694 0.678627 0.14876 0.69213 0.184143 0.67284
0 0.177169 0.66821 0.163481 0.653549 0.142304 0.704861
0 0.163481 0.60841 0.153151 0.606481 0.156508 0.66821
0 0.121643 0.635417 0.116994 0.616898 0.1578 0.603395
0 0.188791 0.535108 0.202221 0.542824 0.208678 0.483796
0 0.159091 0.512731 0.16813 0.527392 0.197056 0.487654
0 0.133781 0.51196 0.145403 0.506173 0.14876 0.564815
0 0.096333 0.530093 0.095041 0.513889 0.135072 0.518519
0 0.111312 0.537037 0.102789 0.553241 0.135847 0.591049
0 0.103564 0.585262 0.111312 0.57446 0.136364 0.607253
0 0.09969 0.568673 0.102789 0.553241 0.154442 0.557099
0 0.088585 0.560185 0.096333 0.544753 0.125517 0.607253
0 0.094525 0.598765 0.100981 0.589892 0.11906 0.627701
0 0.087293 0.606481 0.09375 0.59375 0.117769 0.643904
0 0.08936 0.581404 0.095816 0.56983 0.122934 0.618056
0 0.095816 0.64892 0.097624 0.639275 0.120868 0.683642
0 0.088585 0.643133 0.094525 0.627701 0.131198 0.673997
0 0.091167 0.707562 0.097107 0.702932 0.116477 0.739583
0 0.091942 0.682485 0.091167 0.697145 0.133264 0.701003
0 0.105372 0.672068 0.096333 0.677855 0.119576 0.738426
0 0.13843 0.852238 0.133781 0.836034 0.168647 0.826389
0 0.157025 0.886188 0.146178 0.878472 0.167355 0.834877
0 0.102789 0.760802 0.098915 0.776235 0.140238 0.802083
0 0.08936 0.737654 0.09969 0.729938 0.118285 0.796296
0 0.112603 0.837963 0.106663 0.823302 0.135847 0.784722
0 0.093233 0.82909 0.100207 0.820602 0.126033 0.877315
0 0.110021 0.871528 0.100207 0.859182 0.129907 0.82716
0 0.086002 0.822531 0.095816 0.815586 0.104855 0.859182
0 0.088585 0.803241 0.097624 0.797454 0.107438 0.849537
0 0.089876 0.770448 0.097624 0.762731 0.109246 0.84375
0 0.086777 0.875386 0.091167 0.886188 0.124742 0.84375 0.084711 0.872685
0 0.085486 0.888117 0.092459 0.899691 0.122934 0.850309
0 0.111829 0.903549 0.105372 0.886188 0.135847 0.855324
0 0.164773 0.918981 0.170713 0.92284 0.176395 0.858025
0 0.161674 0.938272 0.16813 0.927469 0.146178 0.878472
0 0.170713 0.940201 0.160382 0.931327 0.181043 0.879244
0 0.188791 0.928627 0.197831 0.927469 0.208161 0.885031
0 0.193957 0.945988 0.185434 0.936343 0.215134 0.894676
0 0.186725 0.947917 0.177686 0.939043 0.202996 0.886188
0 0.175878 0.932485 0.182335 0.942901 0.193957 0.874614
0 0.198347 0.434799 0.194473 0.421296 0.224948 0.402006
0 0.171229 0.357639 0.180269 0.348765 0.19189 0.408565
0 0.147986 0.344136 0.159607 0.337191 0.166064 0.39892
0 0.215134 0.33642 0.224948 0.346065 0.205579 0.390432
0 0.234504 0.361497 0.233213 0.340278 0.2797 0.340278
0 0.23063 0.263889 0.238378 0.267747 0.226756 0.310185
0 0.291322 0.250386 0.295971 0.233025 0.258523 0.225309
0 0.262913 0.173225 0.258523 0.159722 0.228822 0.193673
0 0.246126 0.126929 0.240444 0.135802 0.215909 0.087577
0 0.248709 0.097222 0.246901 0.079861 0.208678 0.099151
0 0.189308 0.168596 0.179752 0.172454 0.19189 0.214892
0 0.155217 0.239969 0.144112 0.240741 0.149277 0.299769
0 0.124225 0.283179 0.116477 0.29591 0.144112 0.33912
0 0.109246 0.26196 0.102273 0.271605 0.126033 0.315972
0 0.089876 0.304398 0.098915 0.311343 0.108729 0.253472
0 0.128616 0.408565 0.136364 0.398148 0.156508 0.436728
0 0.117769 0.45679 0.115702 0.439429 0.156508 0.436728
0 0.110021 0.351852 0.103564 0.367284 0.134556 0.392361
0 0.091167 0.39429 0.097107 0.387346 0.105372 0.427083
0 0.100207 0.373843 0.095041 0.380787 0.125517 0.415509
0 0.091942 0.356481 0.09969 0.346065 0.116994 0.39892
0 0.093233 0.448302 0.095041 0.434799 0.115702 0.459877
0 0.109246 0.489583 0.104855 0.49537 0.130682 0.535108
0 0.105372 0.466435 0.09969 0.477238 0.134556 0.501157
0 0.100207 0.456019 0.098399 0.468364 0.147469 0.481867
0 0.094525 0.491512 0.102789 0.483025 0.122934 0.53125
0 0.096333 0.508102 0.091167 0.488812 0.137138 0.481096
0 0.08936 0.47608 0.100207 0.485725 0.111312 0.415509
0 0.144112 0.229167 0.153151 0.22338 0.136364 0.177083
0 0.152634 0.195602 0.160899 0.19946 0.144112 0.240741
0 0.171229 0.197531 0.161674 0.192515 0.155217 0.239969
0 0.167355 0.153164 0.156508 0.158951 0.168647 0.211034
0 0.126033 0.153164 0.128616 0.170525 0.172004 0.149306
0 0.150568 0.097994 0.145403 0.110725 0.186209 0.133873
0 0.134556 0.090278 0.124742 0.101852 0.159091 0.145448
0 0.095041 0.230324 0.100207 0.220679 0.120868 0.265818
0 0.107955 0.209105 0.100207 0.220679 0.144112 0.249614
0 0.092459 0.201389 0.097624 0.193673 0.13249 0.23804
0 0.09969 0.18287 0.092459 0.192515 0.13843 0.236883
0 0.109246 0.178241 0.106147 0.189815 0.14876 0.194444
0 0.097624 0.176312 0.106663 0.164738 0.133264 0.226466
0 0.102789 0.153164 0.097624 0.171296 0.147986 0.188657
0 0.095041 0.135802 0.100207 0.125 0.130682 0.16358
0 0.097107 0.118441 0.107955 0.110725 0.12939 0.157793
0 0.102789 0.103781 0.106663 0.123071 0.141012 0.092207
0 0.368802 0.034336 0.365702 0.021991 0.330837 0.053627
0 0.314566 0.045139 0.325671 0.033565 0.346849 0.082562 0.315857 0.046682
0 0.266787 0.033565 0.27531 0.040123 0.244318 0.078704
0 0.283058 0.04321 0.272727 0.035494 0.258523 0.090278
0 0.287448 0.031636 0.277893 0.029707 0.272727 0.08642
0 0.215134 0.028549 0.221591 0.04321 0.190599 0.072917
0 0.231405 0.042052 0.2203 0.038194 0.231921 0.084491
0 0.240444 0.042052 0.228822 0.034336 0.219008 0.091435
0 0.223657 0.022762 0.228822 0.034336 0.197056 0.070988
0 0.237862 0.024691 0.226756 0.028549 0.250775 0.074846
0 0.106663 0.059414 0.11906 0.059414 0.107955 0.110725
0 0.139721 0.052855 0.130682 0.047068 0.112603 0.091435
0 0.125517 0.032407 0.134556 0.038194 0.111829 0.08179
0 0.167355 0.063272 0.158316 0.057485 0.134556 0.090278
0 0.14876 0.040123 0.155217 0.04784 0.124742 0.094136
0 0.141529 0.033565 0.139721 0.045139 0.172521 0.059414
0 0.16219 0.030478 0.169938 0.036265 0.137138 0.079861
0 0.184143 0.042052 0.174587 0.035494 0.159607 0.082562
0 0.116219 0.940201 0.117769 0.928627 0.159091 0.927083
0 0.11157 0.923225 0.116219 0.940201 0.158574 0.899306
0 0.106405 0.935571 0.102789 0.921682 0.157541 0.922454
0 0.113636 0.915509 0.111829 0.903549 0.147727 0.889275
0 0.100207 0.911651 0.100207 0.926312 0.14876 0.910108
0 0.08781 0.907022 0.092459 0.890818 0.119835 0.923225