0 0.882748 0.89892 0.851498 0.949074 0.844525 0.936728
0 0.810176 0.873843 0.857438 0.919367 0.844525 0.936728
0 0.879649 0.888889 0.926136 0.917052 0.93001 0.895448
0 0.899535 0.86034 0.89876 0.880787 0.849948 0.869213
0 0.90031 0.796682 0.894886 0.844136 0.885589 0.837577
0 0.897986 0.832948 0.942149 0.834105 0.939824 0.814815
0 0.955062 0.841049 0.96126 0.848765 0.923812 0.887731
0 0.936725 0.853395 0.948864 0.921682 0.958161 0.913966
0 0.922262 0.933256 0.954287 0.891975 0.945248 0.87963
0 0.921746 0.772762 0.953254 0.82716 0.959969 0.814043
0 0.938533 0.764275 0.954545 0.824846 0.963326 0.81713
0 0.810434 0.824846 0.847107 0.799769 0.840909 0.783565
0 0.822572 0.778935 0.803977 0.823688 0.795455 0.811728
0 0.741736 0.875772 0.775052 0.89892 0.778409 0.885802
0 0.766529 0.90162 0.758264 0.949846 0.749483 0.944444
0 0.791581 0.73804 0.754649 0.767747 0.749225 0.753472
0 0.932593 0.709877 0.959194 0.77392 0.948605 0.783565
0 0.729081 0.803241 0.689308 0.814043 0.6875 0.796296
0 0.672004 0.816744 0.667872 0.82909 0.701705 0.850309
0 0.757231 0.655478 0.784091 0.707948 0.774535 0.716821
0 0.73812 0.646605 0.749483 0.645062 0.748709 0.713349
0 0.716684 0.67091 0.708936 0.686728 0.745868 0.720679
0 0.690083 0.642361 0.707903 0.690201 0.715651 0.680556
0 0.79468 0.600694 0.772469 0.64429 0.764463 0.634259
0 0.883264 0.655864 0.83936 0.680556 0.835227 0.662809
0 0.888688 0.658565 0.897986 0.667438 0.872676 0.717978
0 0.835744 0.686728 0.850465 0.75 0.861312 0.739969
0 0.822056 0.574074 0.819473 0.58912 0.783316 0.567515
0 0.891529 0.597222 0.900568 0.606867 0.870868 0.645833
0 0.866736 0.601466 0.864928 0.614969 0.826705 0.592593
0 0.936725 0.656636 0.958678 0.713735 0.950413 0.720679
0 0.925878 0.696759 0.95687 0.733025 0.962293 0.719907
0 0.957645 0.622685 0.959711 0.638889 0.916322 0.64159
0 0.919421 0.596451 0.960486 0.605324 0.957645 0.622685
0 0.959194 0.559028 0.956353 0.576775 0.910382 0.556327
0 0.893853 0.555556 0.901085 0.552469 0.909349 0.606867
0 0.902634 0.584491 0.896178 0.600694 0.864669 0.558642
0 0.862862 0.542052 0.8422 0.587577 0.835486 0.577546
0 0.859246 0.502701 0.852789 0.518904 0.901085 0.552469
0 0.928461 0.499228 0.958678 0.533951 0.949638 0.544753
0 0.952738 0.492284 0.959452 0.502701 0.91813 0.541667
0 0.814308 0.49537 0.812758 0.513889 0.849432 0.51196
0 0.843492 0.52392 0.835486 0.577546 0.823347 0.570216
0 0.932335 0.421296 0.960486 0.460262 0.952479 0.469907
0 0.934401 0.444444 0.963843 0.488812 0.955837 0.500772
0 0.922779 0.510417 0.922779 0.510417 0.956353 0.490355 0.95093 0.477623
0 0.914256 0.472222 0.95687 0.473765 0.956353 0.490355
0 0.889721 0.393519 0.915806 0.45409 0.904184 0.463349
0 0.923812 0.398148 0.961777 0.391975 0.959452 0.372685
0 0.921746 0.353781 0.879132 0.377701 0.875517 0.359182
0 0.952479 0.3125 0.95687 0.325231 0.922262 0.329861
0 0.952479 0.333719 0.953254 0.347222 0.914773 0.350694
0 0.905733 0.256559 0.939824 0.302083 0.930269 0.313272
0 0.947831 0.286265 0.952479 0.295525 0.920196 0.314815
0 0.953771 0.266204 0.96281 0.268519 0.948864 0.327546
0 0.957903 0.251157 0.959969 0.266204 0.923812 0.273534
0 0.868543 0.331404 0.864153 0.349923 0.831095 0.326775
0 0.868543 0.385417 0.849948 0.434799 0.841942 0.424383
0 0.885589 0.435571 0.886622 0.47608 0.876033 0.472994
0 0.887655 0.484182 0.913223 0.538194 0.902634 0.544367
0 0.877066 0.444444 0.866477 0.500772 0.855114 0.491127
0 0.834452 0.449074 0.875517 0.440201 0.874225 0.457948
0 0.816374 0.439429 0.82438 0.430941 0.842975 0.480324
0 0.824897 0.374228 0.835486 0.431713 0.821539 0.433256
0 0.815857 0.320988 0.827996 0.326003 0.8125 0.38696
0 0.832386 0.353781 0.829029 0.37037 0.862087 0.371914
0 0.800362 0.35841 0.807851 0.37037 0.7797 0.399691
0 0.777376 0.345679 0.782283 0.361497 0.737603 0.388889
0 0.757748 0.413194 0.760847 0.434799 0.795455 0.41088
0 0.780733 0.428627 0.768337 0.437114 0.793905 0.478395
0 0.794421 0.5 0.76782 0.530093 0.763688 0.514275
0 0.793905 0.533565 0.755682 0.524691 0.759814 0.509645
0 0.824897 0.510417 0.800362 0.554012 0.792872 0.542824
0 0.778926 0.307485 0.772727 0.325231 0.807335 0.340278
0 0.73218 0.287037 0.765238 0.335262 0.753357 0.347994
0 0.735795 0.44213 0.698605 0.474537 0.693182 0.457176
0 0.639463 0.480324 0.630424 0.499228 0.670455 0.526235
0 0.607955 0.538966 0.603306 0.554012 0.641012 0.569059
0 0.581353 0.361497 0.600207 0.427855 0.590393 0.432485
0 0.625517 0.437114 0.625517 0.454861 0.58032 0.445988
0 0.672521 0.244599 0.677686 0.255787 0.639463 0.287037
0 0.706612 0.308256 0.719267 0.30517 0.719267 0.357639
0 0.725207 0.246528 0.709711 0.302855 0.698605 0.291667
0 0.723657 0.239969 0.761364 0.244599 0.759298 0.259645
0 0.842459 0.228781 0.863636 0.27662 0.852531 0.282793
0 0.856147 0.249228 0.860537 0.308256 0.848657 0.308256
0 0.874225 0.238426 0.892304 0.290895 0.902634 0.282793
0 0.947314 0.21142 0.95687 0.222222 0.925878 0.26929
0 0.897211 0.234954 0.934917 0.282793 0.940857 0.268519
0 0.891271 0.208719 0.922262 0.248457 0.914773 0.258102
0 0.861054 0.202546 0.887138 0.244599 0.893595 0.231867
0 0.95532 0.189043 0.960486 0.200231 0.927686 0.230324
0 0.909349 0.202546 0.952996 0.19946 0.94938 0.185957
0 0.95093 0.168981 0.957903 0.181713 0.918388 0.222994
0 0.917872 0.150849 0.927686 0.166667 0.886105 0.198688
0 0.87061 0.147762 0.882748 0.213735 0.871643 0.216049
0 0.833936 0.180941 0.874225 0.189043 0.874225 0.169753
0 0.838585 0.140432 0.84814 0.147762 0.826963 0.19213
0 0.886105 0.115741 0.84814 0.147762 0.844525 0.133488
0 0.896178 0.109568 0.9047 0.123843 0.864669 0.154707
0 0.9047 0.108796 0.895145 0.16358 0.886105 0.15625
0 0.946798 0.09375 0.954804 0.104552 0.923812 0.15625
0 0.952479 0.123843 0.951963 0.142747 0.907283 0.130787
0 0.954287 0.149306 0.951963 0.165895 0.912707 0.141204
0 0.917872 0.083333 0.930785 0.084877 0.926395 0.154707
0 0.842459 0.082562 0.81689 0.132716 0.806818 0.118056
0 0.770919 0.131559 0.760847 0.141975 0.781767 0.185185
0 0.749225 0.129244 0.758264 0.121528 0.771694 0.171682
0 0.72314 0.147762 0.735795 0.142747 0.746126 0.201775
0 0.696539 0.177855 0.706612 0.193673 0.73063 0.145062
0 0.906767 0.092593 0.938791 0.072145 0.935434 0.064043
0 0.902634 0.097608 0.936209 0.05517 0.930269 0.045139
0 0.947314 0.087963 0.931302 0.033951 0.921229 0.042438
0 0.897211 0.075231 0.936209 0.048997 0.931302 0.033951
0 0.889721 0.031636 0.881198 0.040123 0.908833 0.087963
0 0.86751 0.065586 0.877583 0.054398 0.896178 0.109568
0 0.894628 0.036265 0.903151 0.053627 0.860537 0.082176
0 0.884556 0.0625 0.839618 0.040123 0.845041 0.025849
0 0.866994 0.039352 0.874742 0.05054 0.842459 0.082562
0 0.831612 0.033951 0.841426 0.045139 0.806818 0.096836
0 0.796488 0.024306 0.789773 0.040895 0.838068 0.061728
0 0.778409 0.024306 0.771694 0.037037 0.811467 0.065586
0 0.802944 0.065586 0.752841 0.082176 0.751291 0.0625
0 0.751291 0.021219 0.746126 0.040123 0.797004 0.072145
0 0.725723 0.025849 0.715134 0.037037 0.746126 0.078318
0 0.700671 0.061728 0.700671 0.061728 0.738636 0.079861 0.739669 0.063272
0 0.721074 0.055941 0.678977 0.041667 0.683626 0.02662
0 0.694473 0.024306 0.704029 0.037037 0.671488 0.075231
0 0.710227 0.073688 0.662448 0.060957 0.667614 0.040895
0 0.694731 0.085648 0.700671 0.099151 0.654442 0.123843
0 0.63688 0.091821 0.683626 0.096836 0.683626 0.080633
0 0.659607 0.021991 0.646952 0.028164 0.67407 0.091049
0 0.641529 0.015432 0.629907 0.025849 0.655475 0.070602
0 0.624483 0.032407 0.634039 0.040895 0.609504 0.090278
0 0.592459 0.055941 0.62655 0.016204 0.633006 0.031636
0 0.613895 0.061728 0.583419 0.02662 0.577738 0.04321
0 0.590393 0.072917 0.576188 0.016975 0.566374 0.022762
0 0.571798 0.058642 0.571281 0.013889 0.561725 0.018904
0 0.551136 0.025077 0.542614 0.037809 0.567149 0.073688
0 0.582903 0.149306 0.62655 0.147377 0.626033 0.131559
0 0.634039 0.199846 0.669163 0.217593 0.672004 0.203318
0 0.66064 0.234954 0.618027 0.224537 0.622934 0.207948
0 0.618802 0.24537 0.611829 0.259645 0.58187 0.219136
0 0.590393 0.254244 0.548295 0.267747 0.548812 0.247685
0 0.528667 0.115741 0.528667 0.131559 0.481921 0.119599
0 0.5297 0.05517 0.542097 0.053627 0.534091 0.116512
0 0.555785 0.07446 0.528151 0.018904 0.518079 0.033951
0 0.518079 0.055941 0.479081 0.021219 0.47314 0.041667
0 0.475981 0.064043 0.460486 0.008488 0.44938 0.016204
0 0.464618 0.063272 0.409866 0.035494 0.415289 0.017747
0 0.466426 0.033951 0.427944 0.033951 0.43001 0.019676
0 0.433884 0.088735 0.447056 0.023534 0.434401 0.018519
0 0.433368 0.093364 0.434401 0.091049 0.424845 0.024306 0.411415 0.030478
0 0.401343 0.024306 0.414256 0.025849 0.4078 0.081404
0 0.418388 0.0625 0.386364 0.007716 0.376808 0.021991
0 0.402376 0.060185 0.365702 0.027392 0.376808 0.013117
0 0.357696 0.091821 0.37061 0.03125 0.358729 0.027392
0 0.337035 0.075231 0.365702 0.027392 0.354081 0.016975
0 0.385847 0.085648 0.377841 0.097608 0.416322 0.140432
0 0.404442 0.170525 0.443957 0.210262 0.450413 0.192901
0 0.439566 0.218364 0.428977 0.231096 0.403409 0.165895
0 0.403409 0.173611 0.400826 0.194444 0.359246 0.170525
0 0.327479 0.145062 0.341684 0.200617 0.329545 0.206404
0 0.315599 0.197531 0.359762 0.210262 0.360795 0.192901
0 0.303719 0.073688 0.312242 0.08642 0.281508 0.115741
0 0.288998 0.09838 0.264463 0.048225 0.274535 0.040895
0 0.341167 0.02662 0.301136 0.006173 0.29907 0.022762
0 0.35124 0.04321 0.303202 0.035494 0.30656 0.018904
0 0.283058 0.011574 0.292614 0.011574 0.287965 0.071373
0 0.326188 0.054398 0.28564 0.031636 0.292614 0.019676
0 0.277118 0.010031 0.283574 0.022762 0.243543 0.041667
0 0.266529 0.07909 0.284607 0.025849 0.274535 0.018904
0 0.259556 0.053627 0.276085 0.025849 0.269112 0.020448
0 0.238378 0.058642 0.275052 0.02662 0.268595 0.01466
0 0.231921 0.0625 0.237862 0.077546 0.196281 0.093364
0 0.217459 0.106096 0.230372 0.100694 0.233471 0.16358
0 0.20687 0.154707 0.232438 0.192901 0.223915 0.200231
0 0.231921 0.207176 0.231405 0.225309 0.191374 0.219907
0 0.249483 0.206404 0.266529 0.210262 0.247934 0.279707
0 0.21875 0.260417 0.229339 0.261188 0.223915 0.200231
0 0.332645 0.270833 0.362345 0.304398 0.368802 0.289738
0 0.425103 0.226466 0.415548 0.285108 0.428461 0.28588
0 0.21875 0.022762 0.173812 0.064815 0.16968 0.052083
0 0.21436 0.018904 0.16813 0.030864 0.16813 0.01466
0 0.202738 0.052083 0.205837 0.065586 0.16813 0.072917
0 0.197314 0.061728 0.164773 0.09838 0.159091 0.08642
0 0.187758 0.149306 0.170196 0.087963 0.161674 0.097608
0 0.16064 0.099923 0.134039 0.157793 0.12655 0.146605
0 0.165289 0.114969 0.172779 0.124614 0.144112 0.143519
0 0.141012 0.153935 0.180269 0.20409 0.171229 0.216049
0 0.186725 0.19213 0.150568 0.234954 0.144112 0.222222
0 0.189824 0.25 0.148244 0.237269 0.153151 0.222222
0 0.192665 0.283565 0.192665 0.283565 0.16968 0.250772 0.177169 0.242284
0 0.293905 0.253086 0.309917 0.310957 0.296746 0.31713
0 0.151085 0.270448 0.109246 0.295139 0.107438 0.282793
0 0.153409 0.263503 0.10563 0.263503 0.107438 0.282793
0 0.107438 0.250386 0.11157 0.265432 0.15186 0.228395
0 0.110537 0.222994 0.107438 0.23804 0.157541 0.242284
0 0.152376 0.205247 0.115702 0.228395 0.109762 0.216049
0 0.131715 0.200231 0.108213 0.196373 0.109246 0.184028
0 0.136364 0.159722 0.146436 0.154321 0.155992 0.212577
0 0.156508 0.216049 0.12345 0.160494 0.115702 0.173611
0 0.108729 0.111111 0.119318 0.104167 0.12939 0.174383
0 0.131198 0.10841 0.119318 0.115355 0.141787 0.184028
0 0.150052 0.128472 0.160382 0.125772 0.155992 0.18287
0 0.167872 0.058642 0.175362 0.068287 0.145661 0.111111
0 0.192407 0.121528 0.1547 0.08912 0.162448 0.078318
0 0.14282 0.068287 0.135331 0.078704 0.168905 0.121528
0 0.110279 0.076389 0.120093 0.069444 0.136105 0.132716
0 0.116219 0.054012 0.115186 0.070988 0.158574 0.064429
0 0.121384 0.039352 0.118027 0.050154 0.161674 0.064815
0 0.138688 0.126543 0.125517 0.066744 0.117769 0.072917
0 0.138688 0.020833 0.14876 0.01466 0.158316 0.078704
0 0.123709 0.034722 0.132748 0.023534 0.154442 0.07716
0 0.160382 0.04321 0.155733 0.056327 0.202996 0.07909
0 0.147986 0.017361 0.1578 0.012346 0.171746 0.072917
0 0.192924 0.05787 0.156767 0.009645 0.15031 0.021605
0 0.113378 0.172454 0.112087 0.184414 0.154959 0.185571
0 0.21436 0.300926 0.236312 0.335648 0.227273 0.344136
0 0.24561 0.40162 0.280992 0.373457 0.272211 0.357639
0 0.292872 0.362654 0.297521 0.418981 0.307076 0.412809
0 0.324638 0.407793 0.314566 0.418981 0.349432 0.468364
0 0.336519 0.365355 0.344783 0.378472 0.318182 0.405093
0 0.348915 0.346065 0.38249 0.386574 0.390754 0.371528
0 0.342975 0.311728 0.344783 0.327546 0.302944 0.319444
0 0.392045 0.440201 0.410899 0.491512 0.41968 0.479167
0 0.330579 0.493056 0.342459 0.506559 0.315341 0.544367
0 0.259814 0.426312 0.259814 0.452546 0.202479 0.442901
0 0.208419 0.416667 0.222107 0.413966 0.228048 0.482639
0 0.194215 0.508873 0.229081 0.478009 0.222107 0.463349
0 0.171229 0.468364 0.216167 0.464892 0.213843 0.446373
0 0.183626 0.493056 0.144112 0.510031 0.143595 0.494985
0 0.165289 0.534722 0.159607 0.553241 0.206612 0.572531
0 0.212552 0.52392 0.21436 0.581404 0.203771 0.582176
0 0.235537 0.563657 0.240961 0.580247 0.275826 0.55054
0 0.313533 0.570602 0.32593 0.565586 0.33187 0.61304
0 0.28564 0.585648 0.285124 0.604938 0.234504 0.591821
0 0.249742 0.626929 0.260331 0.617284 0.278667 0.681713
0 0.223915 0.645448 0.204287 0.598765 0.195506 0.611111
0 0.162965 0.579475 0.145919 0.643133 0.135847 0.63233
0 0.106405 0.589892 0.100465 0.604167 0.135847 0.63233
0 0.109246 0.61304 0.102273 0.63233 0.150568 0.660494
0 0.180785 0.641975 0.151343 0.67284 0.144112 0.658951
0 0.145403 0.674769 0.100465 0.659722 0.102789 0.640432
0 0.108213 0.489583 0.102273 0.508102 0.147727 0.544367
0 0.099432 0.514275 0.108729 0.501929 0.12061 0.566358
0 0.14876 0.547068 0.101756 0.534722 0.106405 0.516204
0 0.159607 0.56983 0.102789 0.56713 0.102789 0.54784
0 0.141787 0.614583 0.099432 0.581404 0.108729 0.565586
0 0.132231 0.492284 0.114153 0.429012 0.105888 0.440201
0 0.110537 0.417438 0.105114 0.430556 0.1547 0.478009
0 0.145403 0.424383 0.135847 0.436728 0.16064 0.468364
0 0.1578 0.384645 0.167872 0.387346 0.1547 0.438657
0 0.166581 0.322145 0.19499 0.369985 0.180785 0.38233
0 0.19499 0.420139 0.164256 0.38233 0.174329 0.372299
0 0.155992 0.334491 0.171229 0.334491 0.168905 0.406636
0 0.155475 0.353781 0.103564 0.366127 0.102789 0.346836
0 0.110021 0.35571 0.098657 0.368056 0.133523 0.42091
0 0.106921 0.387346 0.102273 0.40162 0.139463 0.42284
0 0.138946 0.452546 0.110021 0.39892 0.100981 0.412037
0 0.122934 0.366127 0.12061 0.37963 0.158833 0.380401
0 0.13688 0.283565 0.127324 0.363812 0.110021 0.35571
0 0.170713 0.647762 0.163998 0.660494 0.201188 0.698302
0 0.1875 0.653164 0.177944 0.660494 0.192407 0.709877
0 0.256715 0.677469 0.203512 0.716435 0.197831 0.696373
0 0.202738 0.757716 0.21436 0.757716 0.20687 0.70216
0 0.183368 0.743827 0.178977 0.760802 0.220558 0.768133
0 0.231663 0.717593 0.229855 0.777006 0.219783 0.774691
0 0.146178 0.699846 0.157541 0.683642 0.182076 0.746528
0 0.14876 0.760031 0.175362 0.70216 0.16219 0.694444
0 0.168647 0.681713 0.136622 0.704861 0.133523 0.690972
0 0.122417 0.663194 0.112087 0.673611 0.139205 0.722222
0 0.142562 0.712577 0.104339 0.665509 0.097882 0.683256
0 0.103048 0.690972 0.099432 0.707176 0.139205 0.722222
0 0.096849 0.777778 0.110537 0.783179 0.110537 0.704475
0 0.116994 0.75 0.10563 0.749228 0.112862 0.811343
0 0.094267 0.803627 0.103048 0.814815 0.121384 0.755015
0 0.139463 0.78858 0.100207 0.827546 0.095816 0.8125
0 0.141787 0.748071 0.129132 0.808642 0.118285 0.80054
0 0.163998 0.787037 0.127324 0.775463 0.125 0.796296
0 0.283058 0.750772 0.2828 0.768904 0.322572 0.755787
0 0.252583 0.739969 0.245093 0.756559 0.29468 0.786651
0 0.2828 0.795525 0.274535 0.808256 0.25439 0.76196
0 0.314308 0.806327 0.279442 0.844136 0.272986 0.828318
0 0.245868 0.728781 0.239153 0.789738 0.227273 0.784722
0 0.216167 0.79321 0.190083 0.777778 0.188017 0.794367
0 0.245093 0.777778 0.224432 0.820216 0.216942 0.809799
0 0.25 0.807099 0.260072 0.873071 0.246384 0.875386
0 0.222107 0.831404 0.216942 0.846836 0.184659 0.810957
0 0.196023 0.837963 0.194731 0.855324 0.238378 0.854938
0 0.183884 0.841049 0.133006 0.876543 0.128357 0.859182
0 0.146178 0.803241 0.110537 0.858796 0.104339 0.844907
0 0.131457 0.807485 0.103822 0.853009 0.097107 0.842593
0 0.341942 0.66358 0.353048 0.670525 0.329287 0.724923
0 0.393853 0.693287 0.402118 0.701003 0.373967 0.75
0 0.423812 0.775849 0.381198 0.802469 0.378357 0.784722
0 0.403926 0.842978 0.368027 0.822531 0.366477 0.839892
0 0.192665 0.904707 0.183884 0.916667 0.155475 0.864969
0 0.178977 0.868056 0.167872 0.929784 0.158574 0.924769
0 0.149277 0.904321 0.188533 0.940972 0.194215 0.930556
0 0.152118 0.882716 0.162965 0.933642 0.152634 0.935957
0 0.137397 0.886188 0.153409 0.933256 0.144112 0.938272
0 0.127583 0.875 0.138171 0.928241 0.129907 0.931713
0 0.110279 0.911651 0.114669 0.927083 0.16219 0.886188
0 0.125775 0.861111 0.124742 0.924383 0.114411 0.92284
0 0.123192 0.861497 0.107696 0.914352 0.116994 0.920525
0 0.116219 0.844522 0.107955 0.910494 0.097882 0.904321
0 0.100981 0.847222 0.095816 0.861497 0.131457 0.886188
0 0.188533 0.898148 0.216167 0.938272 0.222366 0.929398
0 0.201963 0.896991 0.242252 0.928241 0.235537 0.940972
0 0.259298 0.887731 0.240961 0.937114 0.232438 0.928241
0 0.251808 0.857639 0.232438 0.922068 0.221849 0.914352
0 0.266012 0.86034 0.278667 0.937114 0.263688 0.940586
0 0.283833 0.859182 0.26343 0.920525 0.255165 0.909722
0 0.280733 0.888117 0.298812 0.936343 0.289773 0.942515
0 0.308368 0.862654 0.315857 0.921682 0.305269 0.923611
0 0.417872 0.876929 0.428202 0.938272 0.417097 0.940201
0 0.391012 0.876929 0.401343 0.942515 0.413223 0.935957
0 0.376033 0.894676 0.409607 0.937114 0.400052 0.945988
0 0.346074 0.882716 0.337552 0.943673 0.326963 0.938272
0 0.525568 0.843364 0.478822 0.86304 0.47624 0.844907
0 0.529442 0.885031 0.504907 0.94483 0.494835 0.931327
0 0.540806 0.75733 0.493543 0.75733 0.496126 0.739198
0 0.499483 0.626929 0.509039 0.627701 0.50155 0.66358
0 0.598915 0.707176 0.595816 0.72338 0.556302 0.705633
0 0.599432 0.67091 0.594267 0.685957 0.63843 0.709877
0 0.624483 0.743827 0.582386 0.763889 0.580837 0.748457
0 0.634814 0.766204 0.594783 0.80517 0.58936 0.787423
0 0.578254 0.82909 0.614411 0.864583 0.606405 0.875772
0 0.545713 0.843364 0.582386 0.883873 0.589876 0.866512
0 0.601756 0.877315 0.600723 0.893519 0.559143 0.880787
0 0.533058 0.913194 0.574638 0.931713 0.565599 0.949074
0 0.613895 0.911651 0.607955 0.926698 0.557076 0.889275
0 0.598399 0.942515 0.586777 0.947531 0.58032 0.889275
0 0.658574 0.85841 0.66813 0.874228 0.615444 0.918981
0 0.660899 0.909336 0.670971 0.907793 0.659091 0.849537
0 0.710227 0.907022 0.68156 0.950617 0.67407 0.937886
0 0.712293 0.875772 0.735279 0.947531 0.746384 0.939429
0 0.560434 0.594907 0.548037 0.609568 0.590909 0.657793
0 0.668388 0.944059 0.681043 0.946759 0.682593 0.890818
0 0.584452 0.591435 0.546229 0.57716 0.549329 0.562114