0 0.252324 0.043210 0.263430 0.037423 0.263429 0.069058
0 0.256715 0.016204 0.267045 0.021605 0.258393 0.048225
0 0.246126 0.024306 0.239928 0.010417 0.222753 0.026813
0 0.206353 0.029321 0.213843 0.019676 0.223141 0.043789
0 0.196281 0.034722 0.208678 0.034722 0.201317 0.061150
0 0.195248 0.022762 0.183884 0.016975 0.183368 0.049961
0 0.186467 0.076389 0.181560 0.065201 0.174071 0.079669
0 0.175362 0.085648 0.183884 0.078318 0.186467 0.104746
0 0.174070 0.088349 0.174070 0.088349 0.168517 0.111690
0 0.179494 0.147762 0.176395 0.131173 0.198218 0.136188
0 0.170971 0.018133 0.161674 0.025463 0.174975 0.042631
0 0.160382 0.016204 0.151085 0.022762 0.162577 0.045332
0 0.147986 0.023534 0.157800 0.019676 0.154184 0.044753
0 0.166581 0.058642 0.170971 0.073688 0.152635 0.076389
0 0.139205 0.069059 0.139205 0.069059 0.144757 0.094522
0 0.134298 0.047840 0.133006 0.064429 0.153151 0.056135
0 0.123709 0.034722 0.123709 0.034722 0.144499 0.027199
0 0.110795 0.041281 0.112603 0.055941 0.129003 0.045331
0 0.126291 0.051312 0.120610 0.066358 0.138688 0.062500
0 0.102531 0.097608 0.095816 0.084877 0.117510 0.074460
0 0.100723 0.050540 0.099432 0.067130 0.121772 0.062114
0 0.102014 0.103395 0.098140 0.090278 0.120868 0.089506
0 0.097107 0.101466 0.104597 0.083719 0.120609 0.106482
0 0.124225 0.091435 0.111829 0.094907 0.121772 0.121528
0 0.095041 0.108796 0.106921 0.097608 0.113378 0.124614
0 0.148502 0.129244 0.136880 0.123843 0.140108 0.151235
0 0.149277 0.146991 0.138688 0.135802 0.152635 0.123264
0 0.165289 0.185957 0.175878 0.179398 0.165935 0.157601
0 0.177686 0.194059 0.169680 0.177469 0.185822 0.171490
0 0.196281 0.195988 0.207645 0.186728 0.196410 0.173226
0 0.109504 0.173997 0.109504 0.173997 0.103564 0.148341
0 0.128099 0.186728 0.128099 0.186728 0.112216 0.157600
0 0.122417 0.155093 0.119318 0.174769 0.144757 0.172840
0 0.146694 0.188657 0.136880 0.189429 0.141787 0.216435
0 0.129390 0.203318 0.129907 0.202546 0.116219 0.190393
0 0.097107 0.181327 0.093233 0.194059 0.108471 0.197531
0 0.098140 0.202546 0.098140 0.202546 0.108083 0.216436
0 0.146694 0.211034 0.146694 0.211034 0.123063 0.222029
0 0.117510 0.285108 0.117510 0.285108 0.103564 0.254051
0 0.151085 0.260802 0.150310 0.259259 0.126549 0.252700
0 0.120610 0.246142 0.120610 0.246142 0.132102 0.230903
0 0.163481 0.260802 0.163481 0.260802 0.147598 0.241898
0 0.100723 0.312114 0.093233 0.298225 0.117510 0.285108
0 0.334194 0.135802 0.337293 0.124614 0.317407 0.121914
0 0.336002 0.146991 0.335486 0.146991 0.314566 0.141396
0 0.346591 0.167438 0.345300 0.149691 0.324251 0.158564
0 0.455320 0.131173 0.455320 0.131173 0.440728 0.157986
0 0.446023 0.082948 0.447314 0.099537 0.425490 0.091243
0 0.419938 0.073688 0.426136 0.065201 0.436725 0.092207
0 0.408058 0.066744 0.408058 0.066744 0.391658 0.085262
0 0.335227 0.085262 0.335227 0.085262 0.354210 0.095679
0 0.389979 0.023148 0.400052 0.031636 0.388946 0.047068
0 0.382748 0.028164 0.372676 0.020062 0.368156 0.051505
0 0.358729 0.020833 0.350207 0.010031 0.343879 0.037230
0 0.317149 0.029321 0.325155 0.015818 0.334581 0.039159
0 0.303202 0.010802 0.303202 0.010802 0.307980 0.038387
0 0.245351 0.124614 0.255682 0.132330 0.244964 0.154321
0 0.232696 0.143904 0.243802 0.161265 0.224691 0.170718
0 0.347366 0.195602 0.346333 0.212577 0.327480 0.204089
0 0.276860 0.239969 0.266787 0.226852 0.282412 0.212770
0 0.327221 0.277778 0.332903 0.292824 0.313792 0.294946
0 0.287965 0.291281 0.287965 0.291281 0.266658 0.296489
0 0.259039 0.276235 0.269628 0.276235 0.264333 0.250965
0 0.214618 0.201775 0.227014 0.200617 0.220816 0.234568
0 0.207386 0.258488 0.195506 0.253472 0.201962 0.230517
0 0.163481 0.260802 0.150052 0.251929 0.153538 0.285687
0 0.206353 0.329090 0.217459 0.323302 0.209195 0.306713
0 0.281508 0.346065 0.281508 0.346065 0.304623 0.340278
0 0.390496 0.489583 0.402376 0.476080 0.387267 0.462191
0 0.317924 0.519676 0.305527 0.507330 0.301653 0.539930
0 0.308884 0.562886 0.297004 0.570602 0.307851 0.595486
0 0.270919 0.582176 0.270403 0.604938 0.246772 0.593557
0 0.253874 0.552083 0.253874 0.552083 0.233988 0.570601
0 0.255940 0.442515 0.242769 0.456404 0.260848 0.472801
0 0.263171 0.434028 0.263688 0.434028 0.248708 0.415509
0 0.258006 0.349923 0.247417 0.341049 0.245222 0.368055
0 0.235021 0.456404 0.230372 0.473765 0.206870 0.454282
0 0.173037 0.375386 0.157283 0.384259 0.163223 0.353395
0 0.134298 0.346065 0.122676 0.362654 0.140238 0.377315
0 0.140238 0.421296 0.141529 0.403549 0.158833 0.412423
0 0.131198 0.428241 0.141529 0.427083 0.136363 0.458333
0 0.169680 0.490355 0.178719 0.476852 0.162061 0.463541
0 0.189308 0.472994 0.203512 0.479938 0.195765 0.504244
0 0.242769 0.493441 0.242769 0.493441 0.222495 0.482253
0 0.169680 0.434799 0.169680 0.434799 0.177557 0.462191
0 0.177428 0.552083 0.177428 0.552083 0.168905 0.526620
0 0.132490 0.501157 0.133781 0.485725 0.153668 0.493441
0 0.112087 0.313657 0.103048 0.322531 0.113120 0.341049
0 0.093233 0.298225 0.096333 0.299383 0.100077 0.329475
0 0.083419 0.434799 0.085227 0.434028 0.098398 0.447530
0 0.130424 0.486497 0.130424 0.485725 0.109505 0.465664
0 0.086519 0.511188 0.097624 0.501157 0.099948 0.538387
0 0.125258 0.550154 0.125258 0.550154 0.106275 0.516011
0 0.103564 0.497299 0.104339 0.497299 0.116994 0.521219
0 0.103564 0.467207 0.092459 0.481867 0.113378 0.495949
0 0.120610 0.530478 0.125775 0.511188 0.145790 0.526813
0 0.135072 0.545139 0.147469 0.536265 0.145532 0.572531
0 0.159091 0.589120 0.157800 0.565586 0.181431 0.577353
0 0.208936 0.599923 0.208936 0.599923 0.189953 0.598958
0 0.089101 0.565972 0.090651 0.545910 0.115573 0.557870
0 0.087293 0.585262 0.089101 0.564815 0.112215 0.575039
0 0.104339 0.598380 0.117769 0.581790 0.125517 0.609375
0 0.142045 0.625000 0.132231 0.610340 0.127582 0.646413
0 0.090651 0.604552 0.081095 0.614198 0.095428 0.635031
0 0.088068 0.638117 0.084194 0.615355 0.111053 0.623071
0 0.337810 0.675154 0.324897 0.667824 0.324897 0.699653
0 0.356147 0.701389 0.344267 0.718364 0.364669 0.727237
0 0.403667 0.751929 0.393853 0.766204 0.411544 0.780671
0 0.426136 0.711034 0.441374 0.704090 0.439308 0.736304
0 0.516012 0.689429 0.511105 0.707562 0.495093 0.689044
0 0.482180 0.627315 0.482180 0.627315 0.487862 0.648920
0 0.572056 0.654707 0.572056 0.651235 0.554365 0.627122
0 0.518337 0.731481 0.509556 0.749614 0.497418 0.729167
0 0.484762 0.757716 0.485537 0.737654 0.506328 0.747685
0 0.500000 0.816744 0.511105 0.805941 0.495093 0.788581
0 0.479081 0.852623 0.478306 0.831019 0.502325 0.841821
0 0.458161 0.881173 0.458161 0.881173 0.442148 0.908758
0 0.516787 0.947145 0.524019 0.934028 0.506328 0.926311
0 0.542355 0.862269 0.540806 0.883873 0.520274 0.873071
0 0.579287 0.944830 0.560950 0.934028 0.576963 0.908372
0 0.361829 0.939043 0.375517 0.939043 0.368673 0.905478
0 0.338585 0.942515 0.326446 0.932870 0.339360 0.913194
0 0.309659 0.945988 0.301653 0.931713 0.316503 0.916088
0 0.287965 0.935185 0.300878 0.939043 0.296359 0.909529
0 0.329804 0.863426 0.328254 0.882716 0.304494 0.873649
0 0.297779 0.861111 0.284866 0.845293 0.305268 0.833526
0 0.282283 0.821373 0.276860 0.803627 0.299716 0.809414
0 0.267045 0.766204 0.265496 0.746914 0.284737 0.756559
0 0.241477 0.736497 0.233471 0.759259 0.255940 0.759838
0 0.235021 0.622299 0.247934 0.613040 0.248322 0.646605
0 0.201446 0.681327 0.202996 0.658565 0.227918 0.671103
0 0.186983 0.689429 0.181302 0.677469 0.197702 0.668595
0 0.186983 0.662037 0.174070 0.669367 0.177685 0.640432
0 0.137138 0.642747 0.137138 0.641590 0.159220 0.652971
0 0.223915 0.714892 0.225465 0.692130 0.247934 0.703511
0 0.200671 0.714892 0.213326 0.714892 0.206482 0.689043
0 0.219008 0.716049 0.211002 0.728009 0.232696 0.739390
0 0.255165 0.808256 0.263946 0.799769 0.250258 0.784915
0 0.202996 0.780478 0.209452 0.763889 0.218621 0.776428
0 0.227014 0.746914 0.227014 0.746914 0.204545 0.748264
0 0.169163 0.732639 0.170971 0.718364 0.189308 0.725502
0 0.169163 0.695988 0.158574 0.704861 0.167613 0.722030
0 0.215651 0.825617 0.223399 0.813272 0.203900 0.799575
0 0.208678 0.928627 0.194990 0.929398 0.202350 0.890818
0 0.192149 0.940201 0.199897 0.925926 0.180398 0.920718
0 0.218750 0.915509 0.211519 0.897762 0.233342 0.894290
0 0.276343 0.902392 0.288223 0.896219 0.276988 0.864969
0 0.256973 0.921682 0.255165 0.906636 0.275826 0.913388
0 0.242769 0.924383 0.246901 0.937500 0.262010 0.923032
0 0.182076 0.917438 0.173295 0.907407 0.186596 0.887346
0 0.159607 0.831019 0.150826 0.844907 0.172004 0.854360
0 0.152634 0.807099 0.152634 0.807099 0.133135 0.829090
0 0.127841 0.834491 0.119576 0.823688 0.135201 0.803627
0 0.082903 0.801698 0.088843 0.788580 0.100594 0.809220
0 0.101756 0.868056 0.092459 0.858410 0.103306 0.838928
0 0.089360 0.895062 0.081095 0.882716 0.100852 0.869984
0 0.091942 0.892747 0.099432 0.903164 0.104597 0.875000
0 0.104081 0.915509 0.094267 0.909336 0.106922 0.885609
0 0.127841 0.844136 0.141271 0.846836 0.132748 0.880787
0 0.177428 0.891590 0.177428 0.891590 0.151085 0.900077
0 0.163223 0.925926 0.155992 0.939429 0.142820 0.916088
0 0.150826 0.871528 0.150826 0.871528 0.131069 0.866127
0 0.105372 0.931327 0.116477 0.930556 0.110924 0.904514
0 0.131457 0.931327 0.130682 0.930556 0.124354 0.906636
0 0.130165 0.925926 0.121901 0.920910 0.130811 0.898727
0 0.121901 0.742670 0.115961 0.758488 0.133910 0.760803
0 0.115961 0.716435 0.113636 0.695216 0.137784 0.705825
0 0.107696 0.711034 0.105888 0.729552 0.125129 0.720293
0 0.088843 0.748843 0.079545 0.742670 0.089747 0.717593
0 0.090651 0.760417 0.083678 0.754244 0.094267 0.732254
0 0.098399 0.750000 0.097624 0.734954 0.119189 0.742477
0 0.128874 0.800926 0.128874 0.800154 0.114153 0.777199
0 0.084194 0.775463 0.087035 0.760417 0.103693 0.778936
0 0.080579 0.783179 0.087810 0.769290 0.101240 0.788195
0 0.431302 0.936728 0.419938 0.934028 0.425620 0.903742
0 0.564050 0.868827 0.555010 0.853009 0.577221 0.847222
0 0.547521 0.937500 0.560950 0.934028 0.549457 0.908372
0 0.564050 0.925154 0.558110 0.946373 0.538869 0.927469
0 0.606405 0.903935 0.610021 0.890818 0.591943 0.892554
0 0.614669 0.913580 0.608729 0.909336 0.614024 0.904514
0 0.637138 0.942130 0.625258 0.945602 0.630036 0.918210
0 0.641787 0.937500 0.628874 0.934028 0.635331 0.904899
0 0.644112 0.949846 0.637655 0.937500 0.651860 0.926505
0 0.751550 0.889275 0.753357 0.906636 0.726756 0.901042
0 0.757490 0.946373 0.746901 0.939429 0.759814 0.922647
0 0.654700 0.814043 0.650052 0.831019 0.669551 0.832176
0 0.669421 0.816744 0.669421 0.794753 0.689566 0.805748
0 0.631198 0.769290 0.622934 0.776235 0.633523 0.797840
0 0.588843 0.801698 0.584711 0.782407 0.605243 0.789545
0 0.609246 0.718364 0.614153 0.699846 0.634427 0.711227
0 0.842459 0.887346 0.834194 0.896219 0.825930 0.868827
0 0.902118 0.936728 0.891529 0.947145 0.886235 0.915509
0 0.930527 0.905864 0.933884 0.924383 0.906767 0.920332
0 0.893853 0.908565 0.879649 0.906636 0.886751 0.871528
0 0.941116 0.866127 0.942924 0.881173 0.920196 0.881944
0 0.941116 0.866127 0.934659 0.877701 0.921617 0.855131
0 0.939824 0.827546 0.939824 0.842207 0.913868 0.834877
0 0.909091 0.848380 0.918647 0.846836 0.913610 0.816744
0 0.879649 0.800154 0.887397 0.809799 0.869060 0.824267
0 0.897469 0.792824 0.893853 0.807870 0.878874 0.794753
0 0.934659 0.814043 0.941632 0.800154 0.919550 0.790702
0 0.939824 0.742670 0.939824 0.742670 0.916581 0.754244
0 0.897469 0.689815 0.904959 0.706790 0.881069 0.711420
0 0.938791 0.724151 0.931560 0.742670 0.912190 0.721065
0 0.938791 0.704090 0.929236 0.721836 0.917485 0.697531
0 0.938017 0.649306 0.926911 0.645062 0.928848 0.677662
0 0.938791 0.616898 0.942924 0.629244 0.923683 0.634066
0 0.882748 0.601080 0.870868 0.590278 0.868802 0.615934
0 0.833161 0.619599 0.820764 0.623071 0.827221 0.651620
0 0.819473 0.679398 0.819473 0.679398 0.827996 0.712770
0 0.787707 0.825617 0.777118 0.813272 0.790677 0.800540
0 0.813533 0.787809 0.823089 0.798997 0.806560 0.813851
0 0.738636 0.769290 0.731663 0.751543 0.751937 0.752507
0 0.767045 0.705633 0.755165 0.713735 0.753745 0.685571
0 0.718750 0.648534 0.731663 0.646605 0.725206 0.678048
0 0.698089 0.668596 0.688533 0.682870 0.708290 0.694252
0 0.754649 0.649306 0.746901 0.635417 0.763172 0.623843
0 0.785124 0.554012 0.785124 0.568673 0.763688 0.562307
0 0.816116 0.608796 0.824638 0.602238 0.811596 0.582369
0 0.813533 0.564043 0.803719 0.554784 0.816115 0.538966
0 0.796229 0.516975 0.795455 0.500000 0.813534 0.508487
0 0.770145 0.496528 0.783833 0.490741 0.780088 0.522763
0 0.745351 0.515046 0.741477 0.529707 0.761364 0.527006
0 0.752841 0.529707 0.745351 0.515046 0.762009 0.515818
0 0.743285 0.433256 0.740186 0.418596 0.759169 0.423032
0 0.790031 0.370370 0.783058 0.361111 0.775052 0.380980
0 0.760072 0.345293 0.765238 0.358410 0.743414 0.368055
0 0.775052 0.325617 0.769370 0.340664 0.788094 0.343750
0 0.816116 0.363812 0.815341 0.375772 0.828125 0.369792
0 0.819731 0.440972 0.806043 0.444444 0.812242 0.412037
0 0.804752 0.366512 0.790548 0.361111 0.796746 0.391204
0 0.832128 0.439043 0.823605 0.429784 0.837810 0.412037
0 0.856921 0.441744 0.856921 0.441744 0.834582 0.452354
0 0.854597 0.478009 0.853306 0.462191 0.873838 0.469522
0 0.858988 0.496528 0.844525 0.490741 0.851757 0.462577
0 0.824638 0.490741 0.836519 0.480710 0.838068 0.509066
0 0.871901 0.550154 0.868285 0.563272 0.847753 0.553048
0 0.875775 0.558642 0.875775 0.557485 0.861699 0.583527
0 0.934143 0.609568 0.928461 0.622685 0.912319 0.605517
0 0.937758 0.570602 0.941374 0.588349 0.919034 0.579476
0 0.927944 0.583719 0.937758 0.570602 0.919422 0.559028
0 0.858213 0.535494 0.867510 0.518519 0.884943 0.548804
0 0.889979 0.555941 0.875775 0.544753 0.885072 0.520641
0 0.935950 0.525077 0.935176 0.538966 0.914772 0.532021
0 0.942665 0.515046 0.940341 0.534336 0.920713 0.516782
0 0.936467 0.481481 0.934143 0.500000 0.915419 0.490741
0 0.935950 0.509259 0.930269 0.495370 0.919809 0.507523
0 0.860021 0.448302 0.873192 0.451003 0.866607 0.424575
0 0.886880 0.405478 0.879907 0.420525 0.867897 0.401042
0 0.879907 0.379630 0.866994 0.392747 0.865961 0.362075
0 0.932851 0.366512 0.935176 0.383488 0.912836 0.375000
0 0.940857 0.390818 0.938275 0.407407 0.919422 0.399112
0 0.935950 0.454861 0.946539 0.446373 0.934400 0.425540
0 0.943957 0.413966 0.930269 0.404707 0.933368 0.437500
0 0.941374 0.339892 0.942149 0.354552 0.926265 0.349923
0 0.833936 0.349151 0.839618 0.332176 0.817278 0.335648
0 0.611054 0.603009 0.608471 0.588349 0.629649 0.595679
0 0.586260 0.559414 0.591167 0.540895 0.606663 0.554398
0 0.615961 0.504630 0.623450 0.489969 0.638688 0.511767
0 0.640238 0.527006 0.634039 0.511188 0.651085 0.506559
0 0.611570 0.437886 0.612345 0.453704 0.591813 0.445795
0 0.681818 0.474151 0.675103 0.461034 0.697701 0.460262
0 0.694990 0.306327 0.706612 0.304398 0.700801 0.335070
0 0.731405 0.310957 0.719008 0.313657 0.725206 0.278357
0 0.698089 0.286651 0.688533 0.281250 0.698863 0.256559
0 0.590651 0.288580 0.590651 0.305170 0.566374 0.296875
0 0.545196 0.308256 0.552686 0.291281 0.530604 0.283179
0 0.600465 0.250772 0.597366 0.269290 0.618802 0.263696
0 0.604855 0.232253 0.606147 0.212577 0.626550 0.225115
0 0.737087 0.244213 0.741477 0.226466 0.755036 0.241705
0 0.806043 0.254244 0.818440 0.263503 0.802944 0.282986
0 0.397469 0.025077 0.410382 0.021219 0.407283 0.053819
0 0.451963 0.019676 0.463068 0.022377 0.451576 0.047840
0 0.417872 0.009259 0.413998 0.024306 0.432076 0.020833
0 0.404700 0.028935 0.413481 0.016590 0.425232 0.040317
0 0.478048 0.013117 0.473140 0.029707 0.502324 0.033372
0 0.529700 0.048225 0.517820 0.046296 0.523760 0.074074
0 0.474948 0.025077 0.488120 0.027778 0.481534 0.051505
0 0.474948 0.025077 0.463068 0.022377 0.469008 0.052084
0 0.577996 0.018519 0.584969 0.034336 0.564437 0.037038
0 0.591167 0.027006 0.586002 0.042824 0.606922 0.044560
0 0.591167 0.027006 0.581095 0.025849 0.584323 0.057485
0 0.594267 0.052855 0.588585 0.073302 0.612216 0.075618
0 0.611570 0.091049 0.600465 0.080633 0.599431 0.106096
0 0.536415 0.091049 0.542614 0.077932 0.557593 0.093750
0 0.554494 0.104938 0.559401 0.116898 0.538610 0.121142
0 0.524019 0.158565 0.525310 0.140818 0.501679 0.149692
0 0.586002 0.133488 0.592459 0.148534 0.570635 0.154321
0 0.602273 0.213349 0.598657 0.231867 0.582128 0.217013
0 0.638171 0.168981 0.638171 0.181713 0.618414 0.175347
0 0.654442 0.204090 0.650826 0.217207 0.637009 0.207755
0 0.660640 0.120756 0.666322 0.140046 0.641142 0.133681
0 0.661157 0.097222 0.663223 0.080633 0.679494 0.088927
0 0.614669 0.031636 0.623967 0.022377 0.629520 0.048226
0 0.640754 0.025849 0.633264 0.038966 0.652505 0.038966
0 0.672521 0.038966 0.681043 0.025077 0.690858 0.048804
0 0.709194 0.027778 0.715909 0.040895 0.696669 0.043596
0 0.688017 0.197531 0.680010 0.186343 0.697056 0.173419
0 0.752066 0.024306 0.747676 0.041667 0.769757 0.038581
0 0.727789 0.067901 0.730888 0.050154 0.752325 0.063657
0 0.745868 0.079861 0.757748 0.081790 0.750258 0.108603
0 0.775568 0.107639 0.780733 0.123457 0.759297 0.122878
0 0.756973 0.139275 0.748450 0.155093 0.761105 0.161073
0 0.773244 0.139275 0.783833 0.128086 0.786286 0.161844
0 0.802944 0.112269 0.808626 0.126929 0.787190 0.127122
0 0.796746 0.114969 0.798037 0.098380 0.818440 0.106675
0 0.814050 0.032407 0.821539 0.048997 0.799586 0.057484
0 0.833936 0.038194 0.817149 0.035108 0.823993 0.070409
0 0.847107 0.034336 0.833936 0.047454 0.854468 0.066358
0 0.861312 0.034336 0.872417 0.045525 0.854468 0.070987
0 0.865186 0.103009 0.870093 0.116898 0.845816 0.121142
0 0.832128 0.136188 0.818440 0.133488 0.825026 0.160494
0 0.852789 0.168981 0.855114 0.187500 0.832774 0.178240
0 0.892304 0.140046 0.896694 0.155864 0.873063 0.153549
0 0.872417 0.140818 0.881973 0.135417 0.873579 0.117670
0 0.865186 0.103009 0.868802 0.089120 0.843363 0.096064
0 0.807335 0.076003 0.807851 0.074074 0.830966 0.071374
0 0.881973 0.031636 0.866994 0.037037 0.878486 0.061728
0 0.878874 0.068673 0.868285 0.085262 0.885976 0.095101
0 0.913481 0.099151 0.920971 0.114198 0.901085 0.125193
0 0.930785 0.091049 0.930785 0.091049 0.932206 0.118827
0 0.922262 0.061343 0.932851 0.069444 0.921358 0.090085
0 0.934659 0.086420 0.924070 0.080633 0.922908 0.108025
0 0.899793 0.047454 0.913481 0.048997 0.906637 0.083141
0 0.890496 0.039738 0.882490 0.050926 0.896178 0.070024
0 0.933368 0.156636 0.934659 0.172454 0.912319 0.164545
0 0.929752 0.190972 0.920971 0.204090 0.909865 0.182677
0 0.939050 0.211420 0.936467 0.193673 0.924071 0.202547
0 0.902893 0.241127 0.914773 0.231867 0.898632 0.207755
0 0.933368 0.238426 0.932076 0.255015 0.908575 0.246721
0 0.927169 0.305170 0.937758 0.290123 0.913482 0.272763
0 0.916581 0.295139 0.919163 0.316358 0.887784 0.305748
0 0.872417 0.197531 0.868285 0.213349 0.852015 0.195216
0 0.879907 0.241127 0.891271 0.231867 0.879390 0.213349
0 0.877583 0.216049 0.867510 0.204090 0.863895 0.239391
0 0.837035 0.283951 0.848915 0.278164 0.837810 0.256559
0 0.830320 0.307870 0.842717 0.309799 0.836518 0.276427
0 0.905992 0.346836 0.918388 0.354167 0.916581 0.322145
0 0.937242 0.337577 0.945248 0.329090 0.934401 0.306520
0 0.823605 0.114198 0.830320 0.116127 0.824380 0.132331
0 0.318957 0.369599 0.318957 0.369599 0.315728 0.388696
