0 0.715909 0.089120 0.722107 0.100309 0.704028 0.110725
0 0.689824 0.193287 0.700155 0.191358 0.693698 0.168017
0 0.637138 0.153549 0.637913 0.154321 0.658057 0.163966
0 0.640238 0.092978 0.641012 0.077160 0.664773 0.085069
0 0.588068 0.246142 0.590651 0.230710 0.607954 0.245177
0 0.589101 0.287809 0.588068 0.300154 0.566632 0.293982
0 0.642820 0.290509 0.649793 0.300926 0.636235 0.309800
0 0.737862 0.199074 0.740186 0.216049 0.720816 0.210648
0 0.702996 0.175926 0.702221 0.158179 0.726756 0.166666
0 0.719008 0.146991 0.720816 0.129630 0.745222 0.139082
0 0.496126 0.089892 0.506457 0.082948 0.509814 0.112461
0 0.456095 0.069830 0.466426 0.082948 0.451963 0.090471
0 0.419938 0.123843 0.427169 0.117670 0.427427 0.134645
0 0.424070 0.124614 0.425103 0.109182 0.442407 0.116898
0 0.786674 0.197145 0.790806 0.210262 0.777118 0.209105
0 0.799845 0.207562 0.804752 0.219136 0.787707 0.222608
0 0.780217 0.256944 0.783574 0.241127 0.802557 0.254630
0 0.803719 0.285494 0.814050 0.295525 0.798554 0.309607
0 0.797779 0.115741 0.808884 0.108025 0.810434 0.138889
0 0.819731 0.124614 0.827996 0.118056 0.832257 0.141589
0 0.909349 0.170910 0.907025 0.189429 0.883910 0.176698
0 0.923554 0.140818 0.922262 0.158179 0.904571 0.149498
0 0.912190 0.254630 0.917872 0.240355 0.896178 0.234375
0 0.921746 0.229938 0.908316 0.237654 0.915289 0.255980
0 0.889463 0.250772 0.889463 0.265432 0.871642 0.260417
0 0.917097 0.173611 0.926911 0.187114 0.910382 0.198881
0 0.926395 0.208333 0.917355 0.199074 0.916710 0.219715
0 0.885072 0.087963 0.891529 0.077160 0.900181 0.098380
0 0.865702 0.116898 0.868027 0.135031 0.886621 0.125965
0 0.864928 0.103395 0.870868 0.089120 0.884943 0.097608
0 0.862862 0.081019 0.873450 0.080247 0.868156 0.103395
0 0.848140 0.081019 0.860537 0.079090 0.856275 0.103781
0 0.828771 0.084105 0.837293 0.075231 0.843880 0.098573
0 0.817924 0.084105 0.825671 0.075617 0.835873 0.101080
0 0.811209 0.085262 0.819731 0.075617 0.825155 0.102045
0 0.807593 0.079475 0.817665 0.089892 0.803203 0.100694
0 0.802428 0.072531 0.812758 0.080247 0.794292 0.086999
0 0.790548 0.074460 0.801136 0.087191 0.785640 0.097222
0 0.923554 0.283565 0.916064 0.296296 0.905863 0.271798
0 0.919680 0.329861 0.921746 0.314429 0.903667 0.317901
0 0.921746 0.310957 0.924329 0.289738 0.903926 0.296489
0 0.928977 0.292438 0.917097 0.291281 0.923037 0.314429
0 0.655733 0.389660 0.657541 0.369599 0.631457 0.379630
0 0.598399 0.422840 0.601498 0.403164 0.582515 0.411652
0 0.764205 0.478781 0.775052 0.491127 0.780088 0.466050
0 0.803719 0.452546 0.817924 0.446759 0.805656 0.416280
0 0.784349 0.520833 0.793905 0.530478 0.799070 0.504050
0 0.853306 0.503472 0.858471 0.521991 0.839101 0.519483
0 0.858988 0.486111 0.868027 0.481481 0.864153 0.510030
0 0.841167 0.428627 0.853306 0.424769 0.847236 0.460263
0 0.827479 0.353009 0.840393 0.354938 0.833936 0.383101
0 0.846333 0.318673 0.857696 0.321373 0.852015 0.344714
0 0.888171 0.368827 0.899019 0.376157 0.887784 0.397763
0 0.930785 0.435957 0.926136 0.448688 0.912319 0.426118
0 0.887397 0.467978 0.899019 0.467207 0.893208 0.497878
0 0.925620 0.370756 0.928977 0.384259 0.910511 0.385223
0 0.921229 0.384259 0.923037 0.371528 0.903021 0.372685
0 0.924329 0.355324 0.923037 0.371528 0.902764 0.363426
0 0.913223 0.351466 0.911415 0.333719 0.893336 0.342592
0 0.928977 0.339506 0.922521 0.358025 0.907671 0.342592
0 0.911415 0.494985 0.922262 0.500772 0.913868 0.523534
0 0.929494 0.480324 0.935950 0.486497 0.924328 0.502700
0 0.926911 0.473765 0.933368 0.485340 0.917485 0.489198
0 0.934143 0.474923 0.926136 0.463349 0.915031 0.483604
0 0.927686 0.452546 0.932076 0.465278 0.915289 0.467592
0 0.931560 0.444830 0.932076 0.458333 0.911027 0.451581
0 0.722107 0.686343 0.731147 0.688657 0.728177 0.659915
0 0.830062 0.641204 0.840909 0.634259 0.842071 0.668017
0 0.874742 0.571759 0.871126 0.583333 0.862216 0.573109
0 0.879649 0.575231 0.884039 0.593750 0.862733 0.588348
0 0.891271 0.518519 0.908316 0.520062 0.899794 0.548418
0 0.925620 0.518904 0.932593 0.530864 0.918260 0.543403
0 0.926395 0.562886 0.932335 0.576775 0.914773 0.581983
0 0.917097 0.609182 0.927944 0.615741 0.917355 0.637346
0 0.923812 0.594522 0.934143 0.601080 0.923683 0.619599
0 0.933368 0.624228 0.937758 0.637346 0.923037 0.642939
0 0.905992 0.668210 0.905992 0.687114 0.884814 0.677662
0 0.929752 0.700231 0.929752 0.713349 0.911415 0.714313
0 0.926395 0.690201 0.939050 0.697917 0.927041 0.724923
0 0.933368 0.746914 0.926395 0.728395 0.912965 0.748264
0 0.769886 0.916281 0.775568 0.904707 0.757232 0.901042
0 0.794680 0.912037 0.785899 0.918596 0.787061 0.889082
0 0.782800 0.914738 0.797521 0.904321 0.778151 0.895062
0 0.803202 0.881944 0.803977 0.886574 0.801265 0.854359
0 0.785382 0.854552 0.787707 0.834105 0.762397 0.842206
0 0.724174 0.918596 0.726756 0.902392 0.711260 0.909915
0 0.707645 0.912809 0.719783 0.920139 0.716813 0.892940
0 0.672521 0.915123 0.683368 0.908565 0.668776 0.892361
0 0.655475 0.916667 0.666581 0.911265 0.654830 0.894097
0 0.855114 0.823688 0.857696 0.839506 0.837293 0.832176
0 0.896436 0.812500 0.897727 0.835262 0.876421 0.823881
0 0.893595 0.844522 0.891271 0.861883 0.873838 0.851659
0 0.851498 0.850309 0.861829 0.859568 0.845816 0.874421
0 0.875000 0.893133 0.869576 0.906250 0.853822 0.888310
0 0.846591 0.905864 0.856405 0.915895 0.859762 0.894097
0 0.905733 0.860725 0.905475 0.875000 0.884943 0.867862
0 0.928719 0.840664 0.939050 0.850694 0.923167 0.867091
0 0.885331 0.908951 0.873967 0.902392 0.885976 0.879822
0 0.892562 0.910108 0.881715 0.897377 0.896436 0.881752
0 0.900826 0.907407 0.900568 0.910880 0.901214 0.883488
0 0.939050 0.770833 0.930785 0.761960 0.924845 0.788194
0 0.927944 0.753858 0.937758 0.760802 0.923424 0.776620
0 0.644886 0.824846 0.650052 0.809799 0.629520 0.805170
0 0.644886 0.899691 0.648502 0.880015 0.620868 0.888117
0 0.618285 0.912809 0.623967 0.899306 0.605501 0.899305
0 0.508006 0.908179 0.518595 0.912809 0.520919 0.879630
0 0.479339 0.908951 0.494060 0.913580 0.486828 0.882330
0 0.401085 0.680556 0.412707 0.682099 0.406896 0.655865
0 0.336519 0.658951 0.346333 0.656250 0.343880 0.680170
0 0.280733 0.667052 0.288740 0.681327 0.298812 0.662616
0 0.405475 0.748843 0.413223 0.758488 0.402892 0.769097
0 0.394112 0.868441 0.401343 0.854938 0.383265 0.846257
0 0.435434 0.864583 0.441890 0.851852 0.425878 0.840857
0 0.296488 0.824074 0.302169 0.840664 0.317020 0.828511
0 0.417614 0.878858 0.419938 0.896605 0.443441 0.886381
0 0.421229 0.921682 0.432851 0.915123 0.419163 0.902392
0 0.376550 0.913966 0.365702 0.906250 0.383781 0.892168
0 0.366736 0.919753 0.357438 0.907407 0.372417 0.893132
0 0.353048 0.917824 0.345041 0.910108 0.354209 0.901620
0 0.347107 0.923611 0.336777 0.912423 0.353951 0.893132
0 0.326188 0.916281 0.326963 0.918596 0.335743 0.896412
0 0.311467 0.913580 0.304236 0.902392 0.320765 0.889274
0 0.306818 0.912809 0.297779 0.908565 0.308110 0.885031
0 0.293905 0.907022 0.302944 0.908565 0.302428 0.877122
0 0.284091 0.906250 0.296488 0.906250 0.290289 0.879244
0 0.246901 0.833719 0.250517 0.849151 0.269887 0.835262
0 0.254132 0.781250 0.257748 0.798225 0.274664 0.789737
0 0.206870 0.780864 0.208161 0.762346 0.229985 0.771605
0 0.176653 0.795525 0.183368 0.804784 0.190470 0.778357
0 0.188017 0.700231 0.197831 0.712191 0.202608 0.685185
0 0.195764 0.846065 0.195248 0.830633 0.217458 0.838349
0 0.192924 0.872299 0.193182 0.872299 0.197702 0.844521
0 0.157283 0.865355 0.159607 0.845293 0.176266 0.855324
0 0.141529 0.841049 0.145403 0.826389 0.153668 0.842785
0 0.151085 0.807099 0.156508 0.800540 0.170455 0.819059
0 0.144112 0.801698 0.152893 0.793210 0.155217 0.820795
0 0.146178 0.772377 0.154442 0.764660 0.159478 0.798418
0 0.171229 0.733025 0.178202 0.736111 0.173295 0.765240
0 0.172004 0.727238 0.179752 0.718364 0.180785 0.742669
0 0.163740 0.738812 0.158574 0.744599 0.154830 0.730710
0 0.155217 0.699460 0.160899 0.698688 0.158058 0.716821
0 0.149793 0.690972 0.156767 0.693673 0.153280 0.715857
0 0.150568 0.644290 0.145919 0.656250 0.161673 0.667631
0 0.154700 0.682485 0.157283 0.669367 0.166322 0.698303
0 0.150310 0.664352 0.145919 0.675540 0.160770 0.681906
0 0.148760 0.661651 0.141271 0.673997 0.155863 0.695794
0 0.200930 0.660108 0.211002 0.656636 0.202221 0.632716
0 0.173295 0.619213 0.181043 0.614969 0.180914 0.643132
0 0.149019 0.620756 0.157025 0.613812 0.162061 0.645447
0 0.197831 0.584877 0.205062 0.577160 0.211648 0.600694
0 0.156767 0.580633 0.164256 0.577932 0.163998 0.599537
0 0.148502 0.586420 0.153151 0.575617 0.163739 0.594908
0 0.153409 0.564043 0.149535 0.576389 0.168517 0.570216
0 0.144886 0.568673 0.150052 0.553627 0.164127 0.576775
0 0.155475 0.545139 0.152893 0.557099 0.174071 0.552469
0 0.249483 0.582562 0.258006 0.580633 0.250904 0.558449
0 0.220558 0.517361 0.229597 0.521605 0.226627 0.496914
0 0.188533 0.506559 0.195248 0.497685 0.199638 0.520254
0 0.188533 0.476080 0.195506 0.484568 0.184659 0.500193
0 0.163481 0.485340 0.171229 0.482253 0.167097 0.508680
0 0.155992 0.535494 0.155733 0.551698 0.172650 0.543596
0 0.159866 0.458719 0.151601 0.465278 0.163094 0.485532
0 0.217200 0.409722 0.228822 0.411265 0.223011 0.442129
0 0.229855 0.376543 0.239669 0.358410 0.249354 0.385995
0 0.306302 0.472608 0.311467 0.460648 0.295842 0.450232
0 0.311209 0.513117 0.321023 0.512346 0.316116 0.482832
0 0.174845 0.416281 0.175620 0.401620 0.195377 0.408950
0 0.165806 0.436728 0.161415 0.445988 0.172908 0.455246
0 0.149277 0.444059 0.157800 0.433256 0.162448 0.457368
0 0.149277 0.434028 0.156250 0.421682 0.165418 0.449267
0 0.158574 0.414352 0.153409 0.428241 0.177427 0.430555
0 0.170455 0.406636 0.161674 0.420525 0.176653 0.429977
0 0.208419 0.342978 0.202221 0.344522 0.205707 0.369213
0 0.196798 0.349923 0.205837 0.350309 0.200543 0.326582
0 0.155475 0.367284 0.164256 0.367284 0.159865 0.389853
0 0.162707 0.356481 0.174587 0.358410 0.168647 0.386381
0 0.173812 0.343750 0.181302 0.336034 0.184659 0.361111
0 0.176136 0.324846 0.175103 0.323302 0.184013 0.342014
0 0.169421 0.321759 0.163481 0.333719 0.171358 0.344715
0 0.160124 0.319444 0.165548 0.335262 0.178978 0.327353
0 0.150052 0.325231 0.159349 0.314815 0.164515 0.343750
0 0.163998 0.293981 0.172004 0.294753 0.166710 0.314236
0 0.177169 0.303627 0.168130 0.300926 0.176266 0.276042
0 0.158316 0.271991 0.164773 0.259259 0.174070 0.285687
0 0.184659 0.264660 0.190083 0.251543 0.200284 0.275077
0 0.208161 0.253086 0.214618 0.262346 0.223270 0.242477
0 0.154700 0.236111 0.159607 0.224923 0.169550 0.244020
0 0.184917 0.207562 0.193182 0.214120 0.194602 0.186728
0 0.158574 0.192901 0.166581 0.187500 0.166193 0.211420
0 0.153667 0.189043 0.159091 0.179784 0.166580 0.201967
0 0.159091 0.170910 0.165806 0.160494 0.175878 0.178819
0 0.153926 0.170910 0.162190 0.162037 0.169422 0.190007
0 0.270145 0.224151 0.272727 0.211806 0.288353 0.225309
0 0.258523 0.201775 0.265754 0.193287 0.270790 0.219907
0 0.271436 0.201775 0.267045 0.189815 0.285511 0.184607
0 0.252066 0.181713 0.253357 0.193287 0.271823 0.181134
0 0.260072 0.152392 0.268079 0.159336 0.256070 0.174190
0 0.246901 0.157407 0.247676 0.170525 0.228952 0.163966
0 0.301395 0.206019 0.301911 0.216821 0.318570 0.211420
0 0.319473 0.154707 0.323864 0.167052 0.306172 0.171297
0 0.313017 0.141975 0.314050 0.155478 0.293388 0.148726
0 0.308110 0.108796 0.315599 0.103009 0.314954 0.126929
0 0.341942 0.091049 0.351756 0.094522 0.344783 0.115933
0 0.273760 0.078318 0.283058 0.073688 0.282025 0.102431
0 0.281767 0.099537 0.274535 0.085648 0.268725 0.105710
0 0.311983 0.082176 0.312242 0.095293 0.298296 0.088734
0 0.316632 0.076003 0.323347 0.084491 0.311855 0.093364
0 0.323347 0.077160 0.333678 0.084105 0.317536 0.096064
0 0.323864 0.070216 0.323347 0.084491 0.340651 0.079283
0 0.238378 0.137346 0.246384 0.139275 0.241607 0.166088
0 0.231405 0.143904 0.234246 0.155093 0.214747 0.150463
0 0.188791 0.136188 0.192665 0.145448 0.182980 0.146219
0 0.192149 0.125772 0.200671 0.126929 0.196410 0.150271
0 0.210227 0.130401 0.215909 0.118441 0.223657 0.134066
0 0.203254 0.137731 0.207645 0.126157 0.218750 0.138117
0 0.245610 0.112654 0.256973 0.115741 0.251162 0.136960
0 0.237862 0.113426 0.245868 0.104938 0.251679 0.129051
0 0.243285 0.082948 0.251033 0.076003 0.251292 0.095486
0 0.239928 0.075231 0.245868 0.081790 0.239670 0.089313
0 0.214360 0.108796 0.214360 0.123843 0.200543 0.116319
0 0.187242 0.113040 0.190083 0.123843 0.176266 0.127122
0 0.165289 0.109182 0.175103 0.110340 0.170196 0.132330
0 0.172779 0.080247 0.182076 0.084491 0.172262 0.107446
0 0.184143 0.075231 0.191374 0.082176 0.179623 0.098380
0 0.231147 0.102238 0.223657 0.106867 0.232179 0.126157
0 0.215909 0.102238 0.215393 0.101080 0.226498 0.124421
0 0.223657 0.096836 0.228048 0.111111 0.213714 0.114390
0 0.194473 0.087577 0.199897 0.087577 0.197185 0.101659
0 0.190599 0.076775 0.200413 0.082562 0.191244 0.106675
0 0.201188 0.077932 0.208936 0.081019 0.202092 0.098959
0 0.217717 0.094907 0.222882 0.085262 0.230888 0.105517
0 0.204029 0.082176 0.204545 0.070216 0.222753 0.079668
0 0.214618 0.077160 0.223915 0.079090 0.218620 0.091820
0 0.208161 0.103009 0.209452 0.087963 0.222624 0.095486
0 0.200930 0.105710 0.208161 0.095679 0.206999 0.108024
0 0.369576 0.082948 0.374742 0.074460 0.387655 0.092592
0 0.337552 0.152778 0.340134 0.163966 0.354985 0.151234
0 0.380682 0.181327 0.383264 0.168981 0.397081 0.180748
0 0.409091 0.206404 0.410640 0.222222 0.391012 0.214699
0 0.371643 0.244213 0.380940 0.237654 0.367640 0.217786
0 0.352789 0.274691 0.347107 0.268519 0.360408 0.256366
0 0.346849 0.305170 0.335227 0.299769 0.343104 0.271991
0 0.329804 0.331019 0.336260 0.349537 0.353435 0.324846
0 0.397986 0.385417 0.406508 0.400077 0.421488 0.377507
0 0.443957 0.402392 0.443698 0.419753 0.424587 0.411073
0 0.496901 0.462963 0.501291 0.477238 0.483213 0.475888
0 0.312500 0.516975 0.322831 0.513889 0.319086 0.542439
0 0.268595 0.911265 0.263688 0.902006 0.276343 0.892168
0 0.258006 0.903935 0.258523 0.915123 0.273631 0.909529
0 0.263430 0.907022 0.253616 0.900463 0.268337 0.885803
0 0.253874 0.905864 0.253357 0.889660 0.268595 0.897762
0 0.250517 0.913580 0.245093 0.909336 0.256973 0.896991
0 0.241994 0.918981 0.235021 0.911265 0.250646 0.897955
0 0.229855 0.911651 0.241477 0.909336 0.235666 0.889468
0 0.226756 0.905864 0.234246 0.902392 0.229597 0.878279
0 0.219525 0.904321 0.225207 0.906636 0.226498 0.886960
0 0.223915 0.916667 0.216684 0.908179 0.228693 0.891011
0 0.214360 0.903935 0.222882 0.907407 0.218621 0.884645
0 0.201446 0.892361 0.206870 0.900077 0.214359 0.873264
0 0.194215 0.908179 0.201446 0.920139 0.212035 0.896991
0 0.171746 0.909722 0.171746 0.910880 0.192149 0.902778
0 0.157025 0.898148 0.157541 0.883873 0.179235 0.891010
0 0.168130 0.895062 0.159349 0.889660 0.169938 0.869599
0 0.149793 0.895833 0.152376 0.881559 0.170842 0.890625
0 0.154442 0.880787 0.156508 0.866127 0.177944 0.873457
0 0.147986 0.872299 0.153409 0.859954 0.163353 0.876157
