0 0.397211 0.544367 0.408574 0.547068 0.402892 0.573303
0 0.356405 0.494985 0.365186 0.482639 0.348140 0.471451
0 0.359504 0.438272 0.369835 0.442130 0.364927 0.417053
0 0.332128 0.347222 0.326963 0.333333 0.313533 0.353780
0 0.412707 0.327160 0.409607 0.306327 0.431043 0.315586
0 0.467459 0.362654 0.465393 0.344136 0.448605 0.354552
0 0.460744 0.333333 0.465909 0.319444 0.476757 0.342592
0 0.492252 0.334877 0.483988 0.320988 0.499742 0.310571
0 0.552169 0.346451 0.550620 0.331019 0.565858 0.336420
0 0.616736 0.337963 0.625000 0.327160 0.608988 0.314043
0 0.585227 0.273148 0.586260 0.289352 0.602015 0.281250
0 0.630165 0.336420 0.642045 0.340278 0.636105 0.312115
0 0.605372 0.434414 0.610021 0.418981 0.627066 0.432291
0 0.673037 0.388117 0.684917 0.388117 0.678977 0.364198
0 0.689566 0.325617 0.682851 0.309414 0.668130 0.322531
0 0.670455 0.285494 0.682851 0.295525 0.680269 0.269290
0 0.330579 0.256944 0.324380 0.237654 0.348915 0.236882
0 0.311467 0.192901 0.300103 0.189815 0.303978 0.213734
0 0.228306 0.253086 0.235537 0.244599 0.220816 0.229938
0 0.251033 0.360340 0.259298 0.350309 0.247417 0.334877
0 0.271178 0.150463 0.275826 0.134259 0.289773 0.150463
0 0.278409 0.121142 0.275826 0.134259 0.291064 0.130787
0 0.228822 0.132716 0.226240 0.116512 0.248838 0.120756
0 0.375000 0.178241 0.371384 0.155093 0.394112 0.165124
0 0.433884 0.152778 0.444731 0.148148 0.445248 0.179398
0 0.423037 0.122685 0.429752 0.108796 0.442407 0.130787
0 0.452996 0.134259 0.451446 0.117284 0.469525 0.125771
0 0.502583 0.145062 0.514979 0.139660 0.514722 0.169367
0 0.376033 0.079861 0.386880 0.088349 0.372934 0.107446
0 0.388430 0.048225 0.394628 0.057485 0.381973 0.067515
0 0.469525 0.074460 0.480888 0.072145 0.480889 0.100887
0 0.501033 0.112654 0.500000 0.091049 0.520919 0.101852
0 0.541322 0.085262 0.542872 0.096836 0.561983 0.090664
0 0.511364 0.068287 0.513430 0.051312 0.533833 0.059800
0 0.481405 0.031636 0.485537 0.016590 0.506198 0.033372
0 0.539256 0.028164 0.534607 0.045910 0.557851 0.047840
0 0.576963 0.043596 0.587810 0.031250 0.596591 0.052469
0 0.580579 0.026620 0.579804 0.028164 0.577221 0.052083
0 0.598140 0.025077 0.591942 0.037423 0.612861 0.043789
0 0.612087 0.018133 0.606405 0.034336 0.629132 0.034144
0 0.615186 0.095293 0.616219 0.073688 0.635589 0.084490
0 0.556818 0.118056 0.565083 0.132716 0.547005 0.135802
0 0.537707 0.196759 0.530992 0.180556 0.549071 0.177469
0 0.556818 0.223765 0.554236 0.206019 0.533833 0.214892
0 0.566116 0.217593 0.554236 0.211420 0.564050 0.190201
0 0.588326 0.206790 0.583678 0.192901 0.596591 0.194445
0 0.623967 0.191358 0.618802 0.175926 0.636880 0.178626
0 0.615186 0.228395 0.613120 0.209105 0.632748 0.218364
0 0.467459 0.016590 0.458161 0.025849 0.472365 0.045139
0 0.451446 0.024306 0.458161 0.018133 0.460485 0.030865
0 0.435434 0.037809 0.444215 0.027392 0.455321 0.041860
0 0.431302 0.028164 0.440083 0.020448 0.447056 0.045911
0 0.425103 0.016590 0.414773 0.019676 0.426395 0.042053
0 0.397211 0.021991 0.402893 0.010417 0.418388 0.034336
0 0.383781 0.013503 0.375000 0.020448 0.387655 0.043210
0 0.365702 0.013503 0.362603 0.022762 0.385847 0.027392
0 0.355888 0.027392 0.366219 0.018133 0.367768 0.047068
0 0.335227 0.013503 0.323347 0.024306 0.344008 0.045139
0 0.318698 0.011188 0.310950 0.019676 0.323605 0.033758
0 0.306818 0.011188 0.313017 0.028164 0.297392 0.030478
0 0.279442 0.019676 0.270145 0.009645 0.263946 0.030479
0 0.259814 0.004244 0.264463 0.017361 0.245093 0.017361
0 0.186983 0.011188 0.177686 0.018133 0.194473 0.038966
0 0.151860 0.108025 0.147727 0.089506 0.174586 0.094136
0 0.142820 0.038966 0.153926 0.041281 0.148373 0.069444
0 0.152893 0.028935 0.152893 0.028935 0.166839 0.047068
0 0.158058 0.012731 0.151343 0.023534 0.170197 0.032215
0 0.174070 0.266590 0.177686 0.254630 0.192407 0.267940
0 0.142820 0.295525 0.155475 0.291667 0.147210 0.261574
0 0.245868 0.667824 0.241736 0.653164 0.220816 0.663774
0 0.220041 0.641204 0.226756 0.622685 0.207645 0.621721
0 0.186467 0.627701 0.179236 0.615355 0.166322 0.641011
0 0.129649 0.560185 0.139979 0.560957 0.134814 0.593364
0 0.149277 0.569059 0.153151 0.555941 0.140625 0.556906
0 0.199380 0.558642 0.213843 0.552083 0.201963 0.521991
0 0.227273 0.436728 0.233471 0.418210 0.254262 0.437307
0 0.199897 0.431327 0.202479 0.432870 0.198605 0.406250
0 0.173037 0.442130 0.178202 0.432870 0.169421 0.423226
0 0.178719 0.378858 0.165806 0.368827 0.175362 0.352237
0 0.132490 0.392747 0.122934 0.382716 0.134040 0.367284
0 0.149793 0.462963 0.136880 0.456404 0.144112 0.432484
0 0.122934 0.466049 0.131715 0.471836 0.132748 0.444252
0 0.123450 0.483025 0.131715 0.471836 0.138688 0.499035
0 0.280475 0.734954 0.283574 0.717978 0.264075 0.721451
0 0.113120 0.809028 0.122159 0.804398 0.119318 0.835263
0 0.144112 0.829090 0.136364 0.815972 0.155992 0.804784
0 0.181302 0.841435 0.195764 0.836806 0.188017 0.807485
0 0.152893 0.853781 0.153926 0.835262 0.176911 0.846450
0 0.188017 0.875386 0.195248 0.886188 0.205578 0.866512
0 0.220041 0.877701 0.226756 0.890046 0.241348 0.869598
0 0.306818 0.896219 0.294938 0.878472 0.316890 0.869598
0 0.261364 0.866898 0.266012 0.880787 0.277376 0.863811
0 0.246901 0.876929 0.249483 0.887731 0.267304 0.874614
0 0.299587 0.826775 0.299070 0.808256 0.322055 0.817516
0 0.322314 0.782793 0.316116 0.764275 0.300620 0.782794
0 0.507748 0.779707 0.504132 0.765818 0.492510 0.780479
0 0.444215 0.680941 0.442665 0.663194 0.467201 0.672068
0 0.563017 0.894676 0.563533 0.877701 0.540806 0.886189
0 0.672004 0.807485 0.668388 0.792824 0.684400 0.793210
0 0.572831 0.904707 0.580062 0.895448 0.564049 0.880787
0 0.596591 0.770448 0.587810 0.755787 0.605114 0.746142
0 0.705579 0.752701 0.704545 0.755787 0.723915 0.746142
0 0.785124 0.703318 0.776860 0.687886 0.795455 0.684414
0 0.747417 0.603781 0.754649 0.590664 0.765754 0.611883
0 0.841942 0.643133 0.835227 0.623071 0.820248 0.641204
0 0.780475 0.811343 0.769628 0.804398 0.775310 0.786652
0 0.766012 0.826003 0.762913 0.810571 0.750517 0.827546
0 0.774277 0.896991 0.760847 0.895448 0.767562 0.865741
0 0.730888 0.908565 0.721074 0.898534 0.736053 0.885803
0 0.742769 0.863812 0.745351 0.882330 0.726756 0.873071
0 0.715393 0.900849 0.720041 0.875386 0.696022 0.888118
0 0.888946 0.691744 0.878099 0.701003 0.873708 0.670524
0 0.893595 0.733410 0.887913 0.748843 0.872675 0.726852
0 0.858471 0.765818 0.844008 0.764275 0.851239 0.739969
0 0.820764 0.762731 0.828512 0.749614 0.836777 0.768132
0 0.839876 0.792052 0.831612 0.774306 0.818440 0.792825
0 0.857438 0.804398 0.856921 0.790509 0.840135 0.797454
0 0.808884 0.842207 0.804236 0.826775 0.824380 0.829476
0 0.827479 0.890818 0.839876 0.893904 0.836002 0.861882
0 0.844525 0.907022 0.848140 0.891590 0.826188 0.890432
0 0.853306 0.903935 0.864669 0.898534 0.855114 0.877700
0 0.881715 0.846836 0.881715 0.862269 0.862604 0.853781
0 0.700930 0.506173 0.711777 0.502315 0.706870 0.531250
0 0.735021 0.444444 0.742769 0.458333 0.724948 0.465857
0 0.739153 0.469136 0.749483 0.464506 0.748967 0.493441
0 0.778926 0.491127 0.789773 0.488426 0.784350 0.511960
0 0.805785 0.489969 0.811983 0.479167 0.795713 0.470293
0 0.863636 0.466435 0.851240 0.460262 0.853564 0.496721
0 0.863120 0.433642 0.854339 0.426698 0.861828 0.415509
0 0.896694 0.380401 0.886364 0.376543 0.888429 0.407022
0 0.933884 0.428241 0.930785 0.409722 0.912964 0.425926
0 0.928719 0.464506 0.924070 0.450617 0.906767 0.466049
0 0.937500 0.487269 0.931818 0.469907 0.916581 0.490934
0 0.720558 0.263117 0.730372 0.254630 0.736312 0.280865
0 0.695764 0.226852 0.695764 0.226852 0.717458 0.227624
0 0.723140 0.240741 0.727273 0.251543 0.739669 0.235725
0 0.802169 0.225309 0.812500 0.232253 0.800104 0.248071
0 0.820764 0.260031 0.825413 0.277006 0.800878 0.274691
0 0.809401 0.202932 0.822831 0.199074 0.820248 0.230710
0 0.853822 0.282407 0.862603 0.292438 0.851239 0.305169
0 0.902376 0.227623 0.889463 0.226852 0.895919 0.259259
0 0.936983 0.369599 0.927169 0.363426 0.922521 0.389275
0 0.935950 0.347222 0.927686 0.347222 0.931818 0.369598
0 0.925620 0.342593 0.930785 0.350309 0.915031 0.362268
0 0.811983 0.181327 0.805269 0.172068 0.816632 0.162423
0 0.784607 0.195988 0.783574 0.174383 0.764463 0.185186
0 0.738636 0.192901 0.729855 0.182099 0.739928 0.174382
0 0.753099 0.141975 0.750000 0.155864 0.768854 0.152006
0 0.685950 0.161265 0.683368 0.146605 0.706611 0.152778
0 0.684401 0.183642 0.686467 0.192901 0.702996 0.180555
0 0.671488 0.201389 0.672004 0.186728 0.692924 0.194059
0 0.672521 0.167438 0.684917 0.169753 0.678719 0.199074
0 0.638430 0.131944 0.647727 0.117284 0.662190 0.139274
0 0.656508 0.119599 0.657541 0.105710 0.677428 0.114198
0 0.663740 0.079861 0.657541 0.094136 0.683110 0.099344
0 0.726240 0.096065 0.730372 0.081790 0.745093 0.098766
0 0.777376 0.080633 0.773760 0.066744 0.758006 0.074846
0 0.806818 0.104167 0.809917 0.087963 0.824639 0.096065
0 0.795971 0.096065 0.799587 0.081404 0.814308 0.096257
0 0.672004 0.042824 0.676136 0.031250 0.685176 0.048611
0 0.683368 0.035108 0.686467 0.023534 0.701963 0.044753
0 0.696798 0.030478 0.688533 0.018133 0.681818 0.047840
0 0.715909 0.032022 0.724690 0.042824 0.708936 0.056906
0 0.726756 0.023534 0.720041 0.035880 0.737086 0.040123
0 0.866219 0.155093 0.858988 0.144290 0.849948 0.162808
0 0.898244 0.190586 0.893079 0.175926 0.879907 0.190586
0 0.883264 0.149691 0.871901 0.149691 0.878616 0.174768
0 0.858471 0.129630 0.867252 0.121142 0.870351 0.150463
0 0.592975 0.327932 0.604339 0.328704 0.599948 0.367669
0 0.901860 0.186728 0.910124 0.195216 0.896436 0.216821
0 0.924587 0.219907 0.930785 0.230710 0.922004 0.245756
0 0.930785 0.213735 0.936983 0.230710 0.919163 0.233025
0 0.914773 0.176698 0.924070 0.180556 0.918646 0.204089
0 0.936983 0.184414 0.928202 0.173611 0.922778 0.198302
0 0.931302 0.515432 0.935434 0.528549 0.917355 0.535494
0 0.944731 0.550540 0.935434 0.557099 0.931818 0.529707
0 0.928719 0.544753 0.935434 0.557099 0.920196 0.565972
0 0.929752 0.599151 0.938533 0.584105 0.923037 0.565393
0 0.926653 0.602623 0.932335 0.617670 0.921488 0.619406
0 0.943182 0.617670 0.938017 0.600309 0.923296 0.614777
0 0.940083 0.624228 0.930269 0.607253 0.925104 0.641397
0 0.920971 0.698688 0.910640 0.692515 0.909608 0.707369
0 0.916839 0.684028 0.911157 0.701003 0.898760 0.675926
0 0.935434 0.658951 0.928719 0.642361 0.913998 0.651813
0 0.942665 0.650849 0.933884 0.637346 0.926395 0.660687
0 0.937500 0.680170 0.933368 0.666281 0.916839 0.681713
0 0.893595 0.765818 0.895145 0.774306 0.880940 0.774691
0 0.898244 0.791281 0.900310 0.775849 0.881973 0.776620
0 0.878616 0.801312 0.874483 0.811343 0.861828 0.791667
0 0.924070 0.137731 0.929236 0.143904 0.918001 0.163773
0 0.936725 0.135802 0.927944 0.129630 0.927557 0.156636
0 0.911674 0.109568 0.915806 0.120756 0.898244 0.124035
0 0.869318 0.095293 0.864669 0.107639 0.875000 0.122685
0 0.856405 0.106481 0.865961 0.096065 0.872934 0.112268
0 0.849948 0.086420 0.858471 0.078318 0.864153 0.105903
0 0.881457 0.042438 0.872934 0.047454 0.882489 0.063464
0 0.878099 0.034722 0.868027 0.043981 0.879520 0.063079
0 0.851240 0.037423 0.848657 0.047068 0.866478 0.047454
0 0.862862 0.035880 0.851240 0.037423 0.862087 0.067323
0 0.836260 0.035494 0.831612 0.047454 0.847495 0.051698
0 0.827479 0.048225 0.824122 0.056713 0.843750 0.058063
0 0.823089 0.043210 0.816374 0.048997 0.831483 0.062693
0 0.801395 0.026620 0.794680 0.034722 0.813533 0.050540
0 0.789256 0.050926 0.795713 0.041281 0.808238 0.056713
0 0.783574 0.037037 0.793130 0.029707 0.803331 0.051312
0 0.748967 0.033179 0.755682 0.042052 0.737216 0.060571
0 0.748967 0.046682 0.752324 0.039738 0.766271 0.056713
0 0.756457 0.030093 0.748192 0.039352 0.767562 0.049962
0 0.778926 0.048225 0.772211 0.053241 0.793647 0.067129
0 0.776601 0.031636 0.771952 0.041667 0.792613 0.054784
0 0.905475 0.080247 0.900310 0.070988 0.891787 0.086420
0 0.935950 0.101852 0.925103 0.096451 0.924845 0.128472
0 0.939050 0.087963 0.929752 0.077160 0.927686 0.104167
0 0.909091 0.092593 0.917355 0.090278 0.915031 0.111497
0 0.928719 0.072531 0.915289 0.070216 0.922004 0.101466
0 0.912707 0.047068 0.905475 0.056327 0.913740 0.072916
0 0.892562 0.064043 0.901343 0.059414 0.902635 0.074846
0 0.904442 0.037809 0.895661 0.047068 0.904442 0.059028
0 0.887913 0.039352 0.899793 0.038580 0.893853 0.062114
0 0.922521 0.314815 0.919938 0.329475 0.902893 0.322145
0 0.923554 0.322531 0.928202 0.337191 0.912706 0.342207
0 0.933368 0.327160 0.933368 0.339506 0.909608 0.333333
0 0.943182 0.332562 0.933884 0.321759 0.929494 0.346836
0 0.936983 0.312500 0.931302 0.299383 0.917355 0.318673
0 0.930269 0.283179 0.933884 0.295525 0.915547 0.292053
0 0.918388 0.265432 0.927169 0.273148 0.920971 0.288580
0 0.931818 0.263117 0.936983 0.274691 0.918388 0.280478
0 0.941116 0.296296 0.931302 0.299383 0.934659 0.273149
0 0.866736 0.877315 0.871384 0.884259 0.878357 0.868827
0 0.899793 0.847222 0.889463 0.850309 0.886363 0.829090
0 0.881198 0.789352 0.876033 0.804784 0.896436 0.800926
0 0.897727 0.816358 0.900826 0.802469 0.880424 0.809414
0 0.905475 0.831790 0.903926 0.814815 0.881715 0.824460
0 0.892562 0.807099 0.903926 0.814815 0.900826 0.795910
0 0.878616 0.904321 0.887397 0.902778 0.882490 0.881559
0 0.898244 0.908951 0.898244 0.898920 0.878616 0.895062
0 0.889979 0.891204 0.897727 0.885031 0.884556 0.863812
0 0.903926 0.895833 0.911157 0.891975 0.905992 0.873071
0 0.903409 0.908179 0.909091 0.899691 0.893337 0.883487
0 0.915289 0.891204 0.911674 0.901235 0.894628 0.871528
0 0.919938 0.885802 0.912707 0.889660 0.909865 0.864969
0 0.923554 0.880401 0.918905 0.891975 0.911932 0.862654
0 0.932335 0.864969 0.927169 0.875772 0.916323 0.854553
0 0.929752 0.886574 0.919938 0.885802 0.921746 0.854167
0 0.928719 0.856481 0.928719 0.859568 0.919679 0.836034
0 0.936983 0.860340 0.942149 0.847222 0.923037 0.837577
0 0.938017 0.834877 0.933884 0.849537 0.922779 0.831018
0 0.929752 0.815586 0.929236 0.831790 0.909865 0.818287
0 0.919938 0.807099 0.909091 0.804012 0.914515 0.783565
0 0.919938 0.750000 0.919421 0.760031 0.901860 0.755016
0 0.934917 0.782407 0.933368 0.793981 0.917355 0.787809
0 0.938017 0.802469 0.939050 0.788580 0.922005 0.795524
0 0.926136 0.748457 0.928202 0.739198 0.912964 0.737268
0 0.928202 0.732253 0.931302 0.743827 0.912190 0.743056
0 0.937500 0.739969 0.930269 0.731481 0.932851 0.755401
0 0.941632 0.750000 0.936467 0.731481 0.923296 0.754244
0 0.932851 0.716049 0.933368 0.731481 0.910640 0.723765
0 0.945248 0.706019 0.940083 0.694444 0.931560 0.715278
0 0.932335 0.685185 0.940083 0.694444 0.927169 0.705632
