0 0.539773 0.313272 0.535124 0.302469 0.569215 0.270062
0 0.49845 0.302469 0.49845 0.284722 0.536157 0.292438
0 0.514979 0.424769 0.524277 0.412809 0.494318 0.372685
0 0.50155 0.447917 0.498967 0.435185 0.475723 0.450617
0 0.834194 0.322531 0.840909 0.310957 0.862603 0.35571
0 0.774793 0.147377 0.780475 0.133488 0.813017 0.167438
0 0.56405 0.091435 0.564566 0.075231 0.608471 0.087577
0 0.463843 0.068287 0.463326 0.054398 0.5 0.062114
0 0.420455 0.126543 0.425103 0.11034 0.38843 0.096836
0 0.440599 0.045525 0.436983 0.033179 0.47469 0.01659
0 0.443698 0.004244 0.43595 0.008873 0.456095 0.041281
0 0.422004 0.012731 0.430269 0.006559 0.452479 0.042052
0 0.395661 0.013889 0.40186 0.001543 0.436467 0.041281
0 0.740186 0.023534 0.733988 0.01196 0.694731 0.046682
0 0.799587 0.092593 0.802169 0.078318 0.768595 0.055941
0 0.783574 0.017747 0.793905 0.020833 0.786674 0.073302
0 0.861054 0.094522 0.871901 0.096065 0.871384 0.038966
0 0.928719 0.096065 0.919421 0.085648 0.894628 0.141975
0 0.882231 0.233025 0.890496 0.224537 0.911157 0.282022
0 0.92407 0.279321 0.931302 0.282022 0.922521 0.32716
0 0.276343 0.335648 0.272211 0.317901 0.316632 0.299383
0 0.233471 0.295139 0.23812 0.282793 0.264979 0.314815
0 0.287707 0.225309 0.291839 0.212191 0.25749 0.200617
0 0.259814 0.145833 0.252841 0.132716 0.225207 0.16821
0 0.253616 0.104938 0.252066 0.088349 0.292355 0.082948
0 0.324897 0.005787 0.317665 0.014275 0.346074 0.049383
0 0.320764 0.005787 0.31095 0.000386 0.295971 0.04321
0 0.281508 0.00733 0.271694 0.005015 0.275826 0.061343
0 0.17562 0.152006 0.185434 0.14892 0.192149 0.195216
0 0.186983 0.077932 0.195248 0.076003 0.206095 0.134259 0.187758 0.080633
0 0.207645 0.025849 0.216426 0.028164 0.20093 0.073688
0 0.22314 0.015818 0.226756 0.030864 0.190083 0.049383
0 0.195248 0.008102 0.200413 0.019676 0.165289 0.052083
0 0.181818 0.06983 0.186467 0.059028 0.156508 0.032793
0 0.169938 0.017361 0.163223 0.015046 0.158058 0.060571
0 0.158058 0.024691 0.150568 0.023534 0.147211 0.069059
0 0.152893 0.014275 0.158058 0.005015 0.188017 0.044367
0 0.133781 0.126543 0.133781 0.109568 0.179236 0.115741
0 0.135072 0.199074 0.145403 0.198302 0.141012 0.256173
0 0.145403 0.175926 0.13688 0.179012 0.147727 0.233796
0 0.122934 0.114198 0.115186 0.121914 0.147211 0.162809
0 0.11157 0.080633 0.109246 0.069059 0.154442 0.052083
0 0.103822 0.094522 0.109246 0.07909 0.133781 0.126543
0 0.097107 0.082948 0.104081 0.080633 0.105372 0.122685
0 0.105888 0.053627 0.114411 0.055556 0.105888 0.08912
0 0.122159 0.142747 0.116219 0.146605 0.106405 0.094522
0 0.108988 0.134259 0.107438 0.14892 0.15186 0.168981
0 0.104855 0.162037 0.104855 0.148148 0.147986 0.16821
0 0.104081 0.174383 0.104855 0.162037 0.13843 0.20216
0 0.097107 0.19213 0.095041 0.177469 0.145403 0.169753
0 0.116219 0.199846 0.110021 0.206019 0.128616 0.256944
0 0.097882 0.20679 0.110537 0.199846 0.126033 0.258102
0 0.09375 0.189043 0.097624 0.202932 0.138946 0.179784
0 0.096333 0.126543 0.105372 0.122685 0.102789 0.182099
0 0.115186 0.256944 0.122934 0.251929 0.130682 0.307485
0 0.100207 0.228395 0.109246 0.229167 0.112603 0.271605
0 0.095041 0.236111 0.103048 0.228395 0.114153 0.292438
0 0.116219 0.286265 0.121901 0.286265 0.113636 0.328704
0 0.118285 0.028164 0.124483 0.029707 0.122159 0.083719
0 0.110021 0.021991 0.118802 0.021219 0.115702 0.070602
0 0.123967 0.014275 0.115702 0.019676 0.14282 0.076003
0 0.146694 0.015046 0.152893 0.022762 0.118285 0.041281
0 0.134298 0.008102 0.143595 0.008102 0.13688 0.061343
0 0.243802 0.02662 0.239153 0.015046 0.209711 0.054398
0 0.230372 0.011188 0.241736 0.011188 0.225207 0.060571
0 0.243285 0.009645 0.252066 0.01659 0.241736 0.065972
0 0.246901 0.005015 0.256715 0.005015 0.247159 0.059799
0 0.262655 0.023534 0.256198 0.010417 0.228306 0.056713
0 0.266012 0.010417 0.256198 0.010417 0.256715 0.074846
0 0.230372 0.356481 0.232955 0.344136 0.263171 0.366512 0.231147 0.356867
0 0.221591 0.326389 0.229339 0.329475 0.213326 0.375772
0 0.183368 0.339506 0.191632 0.337963 0.191632 0.396605
0 0.147211 0.324846 0.158316 0.317901 0.167872 0.380401
0 0.189566 0.522377 0.200413 0.525463 0.205579 0.469136
0 0.169938 0.508488 0.16219 0.489969 0.200413 0.464892
0 0.13688 0.453704 0.145403 0.452932 0.140238 0.503858
0 0.376033 0.445216 0.386364 0.447531 0.376033 0.503472
0 0.525826 0.482253 0.537707 0.484568 0.537707 0.438272
0 0.492252 0.51196 0.493802 0.489969 0.545455 0.506173
0 0.503099 0.5625 0.509814 0.551312 0.533574 0.592207
0 0.39876 0.545525 0.396694 0.535494 0.432335 0.528549
0 0.395661 0.60841 0.391012 0.592207 0.427686 0.566358
0 0.366736 0.609568 0.363636 0.596065 0.395145 0.591049
0 0.320764 0.584491 0.332128 0.579861 0.342459 0.640432
0 0.404442 0.662809 0.401343 0.648534 0.444215 0.634259
0 0.480372 0.611883 0.490186 0.612654 0.486054 0.658951
0 0.508264 0.599537 0.514463 0.587191 0.533574 0.626929
0 0.22624 0.611111 0.222624 0.594907 0.262655 0.588735
0 0.290806 0.625386 0.289256 0.642747 0.334711 0.631944
0 0.27686 0.64892 0.285124 0.658951 0.310434 0.609568
0 0.147727 0.588349 0.145403 0.571373 0.189566 0.565201
0 0.128099 0.548997 0.13843 0.53858 0.149277 0.603395
0 0.540806 0.560185 0.548037 0.542824 0.58626 0.583719
0 0.532541 0.643904 0.531508 0.626929 0.566632 0.630787
0 0.521178 0.713349 0.528409 0.713349 0.516012 0.655478
0 0.530992 0.667824 0.534091 0.654707 0.566632 0.678627
0 0.557851 0.662809 0.558884 0.645448 0.601756 0.650077
0 0.604855 0.662809 0.598657 0.65162 0.568698 0.683256
0 0.627583 0.667824 0.616219 0.667052 0.614153 0.728781
0 0.542355 0.697145 0.551136 0.689429 0.57593 0.735725
0 0.492252 0.734954 0.497934 0.748843 0.539256 0.71412
0 0.643595 0.665123 0.635331 0.658565 0.660124 0.616898
0 0.667355 0.65625 0.679752 0.653935 0.681302 0.710262
0 0.678202 0.643133 0.686467 0.627701 0.717975 0.689429
0 0.717459 0.644676 0.726756 0.635802 0.743285 0.693673
0 0.690083 0.579861 0.694731 0.565201 0.727273 0.602238
0 0.681818 0.732639 0.683368 0.71412 0.730888 0.731867
0 0.767045 0.62963 0.759814 0.614583 0.796488 0.587577
0 0.808368 0.58642 0.820248 0.580247 0.827479 0.648534
0 0.867252 0.566358 0.867252 0.548997 0.821281 0.547068
0 0.789773 0.436728 0.802169 0.4375 0.797004 0.50463
0 0.910124 0.439043 0.905475 0.449846 0.874483 0.410494
0 0.914773 0.45409 0.90186 0.448302 0.893595 0.523148
0 0.923037 0.584877 0.91064 0.579861 0.916322 0.645448
0 0.930269 0.390432 0.93905 0.395448 0.923554 0.449074
0 0.943698 0.618441 0.944731 0.605324 0.907025 0.599151
0 0.923037 0.629244 0.930785 0.626929 0.930785 0.677083
0 0.939566 0.685571 0.928719 0.681713 0.922004 0.738812
0 0.870868 0.730324 0.86312 0.71875 0.841426 0.769676
0 0.863636 0.794367 0.853306 0.78588 0.879649 0.73804
0 0.899277 0.811343 0.904442 0.797454 0.868802 0.774306
0 0.832128 0.790509 0.835744 0.774306 0.870351 0.805941
0 0.797004 0.811343 0.792872 0.796682 0.833161 0.779707
0 0.781508 0.774306 0.789256 0.788194 0.823347 0.748071
0 0.757748 0.768904 0.751033 0.751929 0.786157 0.729552
0 0.747417 0.758873 0.740702 0.739583 0.708161 0.774306
0 0.691632 0.777392 0.691116 0.762731 0.720558 0.763503
0 0.677169 0.794367 0.6875 0.793596 0.682335 0.73804
0 0.717975 0.815201 0.727789 0.818287 0.734504 0.770448
0 0.681818 0.821373 0.679752 0.80517 0.717975 0.811343
0 0.67562 0.85841 0.668905 0.844522 0.706612 0.819059
0 0.727273 0.872299 0.716942 0.86304 0.739153 0.822145
0 0.70093 0.846836 0.706612 0.859182 0.668905 0.885417
0 0.661157 0.919367 0.672004 0.917824 0.662707 0.856867
0 0.649793 0.828318 0.638946 0.820602 0.621384 0.881559
0 0.621384 0.833719 0.61312 0.817515 0.650826 0.77662
0 0.59969 0.801312 0.608988 0.808256 0.622417 0.764275
0 0.582128 0.774306 0.579029 0.758873 0.618802 0.753472
0 0.568182 0.832948 0.575413 0.836034 0.577996 0.784336
0 0.532025 0.861497 0.530475 0.841435 0.580579 0.837577
0 0.586777 0.853781 0.585227 0.837577 0.616736 0.831404
0 0.545455 0.88696 0.538223 0.876157 0.577996 0.842978
0 0.603306 0.923225 0.611054 0.915509 0.583161 0.876157
0 0.645145 0.919367 0.631715 0.91088 0.655475 0.850694
0 0.638946 0.93017 0.643595 0.917052 0.614669 0.896219
0 0.619835 0.92554 0.631198 0.917052 0.594008 0.872299
0 0.73657 0.91088 0.741219 0.897762 0.706095 0.866898
0 0.727789 0.927083 0.733471 0.915509 0.702996 0.88233
0 0.74845 0.926312 0.737087 0.915509 0.763946 0.868441
0 0.76343 0.913966 0.755682 0.896219 0.796488 0.868441
0 0.774277 0.926312 0.766529 0.91088 0.803202 0.888503
0 0.786157 0.864583 0.791839 0.857639 0.758264 0.812886
0 0.797004 0.852238 0.795455 0.852238 0.786157 0.852238 0.786674 0.789738
0 0.800103 0.866127 0.795971 0.84838 0.84814 0.822917
0 0.835227 0.922454 0.843492 0.908565 0.795455 0.876157
0 0.859504 0.922454 0.866736 0.91088 0.829029 0.869213
0 0.869318 0.866898 0.873967 0.853009 0.842459 0.831404
0 0.892045 0.894676 0.891529 0.878472 0.851756 0.873071
0 0.907025 0.921682 0.910124 0.908565 0.867769 0.893904
0 0.889979 0.85841 0.90031 0.866898 0.917355 0.811343
0 0.931302 0.881559 0.933884 0.863812 0.891529 0.86304
0 0.915289 0.912423 0.903926 0.905478 0.922004 0.846836
0 0.145145 0.667824 0.143595 0.650849 0.177686 0.640818
0 0.152893 0.678627 0.149793 0.663194 0.190083 0.657022
0 0.09375 0.359568 0.103822 0.369599 0.126033 0.314815
0 0.097107 0.378858 0.09969 0.362654 0.131715 0.39429
0 0.129132 0.423611 0.118802 0.42284 0.110021 0.471065
0 0.102789 0.388117 0.09969 0.396991 0.127066 0.411265
0 0.093492 0.399306 0.09969 0.391204 0.116736 0.429012
0 0.0953 0.414352 0.097624 0.400463 0.135072 0.423611
0 0.096333 0.437114 0.102273 0.429012 0.114411 0.462191
0 0.09375 0.443287 0.093492 0.452546 0.129132 0.441358
0 0.090909 0.459105 0.093492 0.446759 0.125517 0.475309
0 0.091167 0.416667 0.091167 0.434028 0.134298 0.429784
0 0.096333 0.487654 0.098915 0.471065 0.135072 0.494599
0 0.097882 0.50463 0.102273 0.490355 0.137655 0.529321
0 0.103048 0.544753 0.105372 0.525463 0.151343 0.537423
0 0.095041 0.527392 0.10124 0.515432 0.122934 0.569059
0 0.097624 0.562114 0.102273 0.57446 0.135847 0.55054
0 0.089876 0.577546 0.097624 0.562114 0.133264 0.60841
0 0.092459 0.597222 0.093492 0.584105 0.13843 0.593364
0 0.122159 0.607639 0.131198 0.610725 0.119318 0.648534
0 0.096333 0.623843 0.103822 0.614583 0.121901 0.644676
0 0.0953 0.61767 0.0953 0.606481 0.131198 0.614969
0 0.08936 0.613812 0.096074 0.596065 0.12655 0.64159
0 0.21126 0.684028 0.207128 0.67091 0.175103 0.698688
0 0.139463 0.697145 0.128616 0.694059 0.142045 0.626157
0 0.097882 0.653164 0.098657 0.63696 0.133781 0.670139
0 0.102273 0.67554 0.100207 0.66088 0.134298 0.663194
0 0.125517 0.677083 0.114411 0.667824 0.106663 0.721065
0 0.094525 0.691744 0.09969 0.679398 0.134814 0.719522
0 0.09375 0.721836 0.101498 0.707948 0.124742 0.765818
0 0.230888 0.728781 0.230372 0.708719 0.267045 0.71412
0 0.208161 0.752701 0.206612 0.734954 0.246901 0.729552
0 0.263946 0.670139 0.274277 0.662423 0.28874 0.70409
0 0.158058 0.75733 0.164256 0.739583 0.205579 0.778164
0 0.14876 0.787423 0.144628 0.771219 0.178719 0.764275
0 0.175103 0.834491 0.184401 0.832948 0.181818 0.78588
0 0.16219 0.846065 0.153151 0.832176 0.178202 0.80054
0 0.143595 0.823688 0.135847 0.809028 0.178719 0.784336
0 0.096074 0.788966 0.095041 0.76659 0.144628 0.784336
0 0.261364 0.738812 0.264979 0.751929 0.289773 0.726466
0 0.262397 0.771219 0.260072 0.753472 0.300103 0.748843
0 0.333678 0.78125 0.335227 0.762731 0.293388 0.762731
0 0.268337 0.779707 0.273244 0.76196 0.31405 0.796682
0 0.320764 0.837577 0.329545 0.828318 0.303719 0.792052
0 0.277376 0.831404 0.273244 0.814429 0.31095 0.80517
0 0.278926 0.864583 0.268079 0.866898 0.273244 0.814429
0 0.235537 0.828318 0.244318 0.830633 0.239928 0.774306
0 0.244576 0.855324 0.23657 0.84375 0.259298 0.805941
0 0.425103 0.68017 0.426653 0.695602 0.468492 0.677855
0 0.38843 0.684028 0.392562 0.697917 0.422004 0.669367
0 0.40186 0.719522 0.40186 0.719522 0.405992 0.732639 0.440083 0.704861
0 0.385847 0.741898 0.390496 0.728009 0.432335 0.755787
0 0.365186 0.76659 0.375 0.765818 0.373967 0.828318
0 0.340909 0.825231 0.350723 0.822145 0.33626 0.770448
0 0.389463 0.879244 0.392562 0.89159 0.419938 0.85841
0 0.309401 0.887731 0.316116 0.899306 0.33781 0.853009
0 0.369318 0.920139 0.360537 0.911651 0.379649 0.85841
0 0.353822 0.922454 0.359762 0.916281 0.338843 0.863812 0.354339 0.92554
0 0.347107 0.927083 0.356405 0.92554 0.335744 0.868441
0 0.407541 0.917824 0.411157 0.904707 0.382748 0.885417
0 0.433368 0.922454 0.423554 0.920139 0.435434 0.865355
0 0.416322 0.910108 0.423554 0.920139 0.447831 0.86767
0 0.453512 0.928627 0.458161 0.916281 0.419938 0.887731
0 0.262655 0.890046 0.273244 0.884645 0.253616 0.82446
0 0.271952 0.919367 0.261364 0.909336 0.28719 0.868441
0 0.239411 0.929398 0.232955 0.919367 0.256715 0.876929
0 0.226756 0.918596 0.236829 0.916281 0.231921 0.846836
0 0.217459 0.907022 0.221591 0.918596 0.246901 0.88696
0 0.202996 0.909336 0.213326 0.916281 0.226756 0.85841
0 0.202996 0.890046 0.191632 0.888503 0.202479 0.840664
0 0.176653 0.907793 0.182335 0.91088 0.204029 0.862269
0 0.191632 0.920139 0.180785 0.913966 0.205062 0.866127
0 0.162707 0.893133 0.173037 0.898534 0.182851 0.849151
0 0.172004 0.92091 0.161674 0.91088 0.193698 0.869985
0 0.158058 0.915509 0.166064 0.921682 0.194215 0.860725
0 0.103822 0.822917 0.102273 0.802855 0.137655 0.805941
0 0.547521 0.922454 0.556818 0.911651 0.533058 0.870756
0 0.531508 0.926312 0.52376 0.915509 0.553202 0.881559
0 0.521178 0.922454 0.514979 0.912423 0.536674 0.881559
0 0.509298 0.913194 0.516529 0.921682 0.533058 0.866127
0 0.485021 0.922454 0.487603 0.908565 0.46281 0.88233
0 0.475207 0.914738 0.48812 0.924769 0.495351 0.870756
0 0.430785 0.809799 0.432851 0.799769 0.404442 0.787423
0 0.504649 0.755787 0.504132 0.771991 0.554236 0.76659
0 0.446798 0.798225 0.454545 0.787423 0.481405 0.82909
0 0.473657 0.832948 0.473657 0.84838 0.512397 0.836806
0 0.521694 0.866127 0.509814 0.854552 0.544421 0.807485
0 0.517045 0.869985 0.521178 0.856096 0.477789 0.841435
0 0.091167 0.842978 0.0953 0.856096 0.135847 0.825231
0 0.08936 0.805556 0.099432 0.79784 0.112087 0.856481
0 0.140238 0.871142 0.098915 0.859568 0.096333 0.875
0 0.154959 0.871142 0.142045 0.916281 0.150568 0.921682
0 0.111054 0.919753 0.110537 0.902778 0.161415 0.898148
0 0.1547 0.869213 0.13249 0.923225 0.123967 0.908179
0 0.092459 0.874228 0.089876 0.888503 0.12939 0.896219
0 0.140754 0.880787 0.104081 0.903935 0.10124 0.890818
0 0.145403 0.846836 0.123709 0.890046 0.115961 0.883488
0 0.149793 0.873071 0.109246 0.909336 0.106147 0.897762
0 0.129907 0.836034 0.106147 0.877315 0.099432 0.867284