0 0.514205 0.578704 0.520919 0.569444 0.527247 0.589506
0 0.560176 0.491898 0.566116 0.483410 0.575414 0.495563
0 0.668647 0.456404 0.676395 0.445602 0.657412 0.436149
0 0.447056 0.457562 0.445248 0.444059 0.425233 0.455633
0 0.402634 0.496142 0.394370 0.491127 0.392045 0.516782
0 0.369835 0.511188 0.365961 0.497685 0.354339 0.512153
0 0.360021 0.558642 0.358213 0.574846 0.342846 0.566358
0 0.333419 0.611497 0.327738 0.597994 0.347753 0.594329
0 0.430269 0.649306 0.431043 0.634645 0.412061 0.641976
0 0.353564 0.395833 0.352531 0.396219 0.337035 0.402971
0 0.682851 0.176698 0.692665 0.177469 0.687758 0.202740
0 0.653667 0.140046 0.662707 0.142747 0.660253 0.120178
0 0.683368 0.081404 0.688791 0.071759 0.700800 0.090085
0 0.712552 0.095679 0.719783 0.089120 0.708677 0.070216
0 0.696539 0.136960 0.692407 0.126543 0.701446 0.119599
0 0.681560 0.131173 0.683626 0.117670 0.700026 0.126351
0 0.769370 0.141204 0.777118 0.137346 0.776472 0.157407
0 0.730630 0.137346 0.741477 0.142747 0.741348 0.122107
0 0.734504 0.162037 0.740444 0.154321 0.747804 0.174768
0 0.712035 0.163966 0.704029 0.152392 0.717329 0.141783
0 0.699122 0.177469 0.691890 0.167824 0.705707 0.153357
0 0.683626 0.160494 0.691116 0.172840 0.697831 0.149691
0 0.751291 0.159336 0.753099 0.141204 0.728564 0.150270
0 0.723399 0.106481 0.731405 0.100694 0.722236 0.083140
0 0.753099 0.071759 0.758264 0.089120 0.741477 0.092014
0 0.773244 0.080247 0.766012 0.070602 0.757490 0.089892
0 0.804752 0.130401 0.812500 0.119599 0.819344 0.141397
0 0.835227 0.190972 0.846333 0.194059 0.840780 0.172261
0 0.843750 0.137346 0.854597 0.131559 0.849432 0.155672
0 0.868802 0.181713 0.870610 0.199074 0.851240 0.192709
0 0.870093 0.212191 0.875775 0.202546 0.862216 0.192516
0 0.861054 0.210262 0.848657 0.208333 0.853306 0.233603
0 0.876550 0.227623 0.870093 0.215278 0.862087 0.231096
0 0.827996 0.209491 0.838585 0.204861 0.835098 0.237075
0 0.873967 0.266204 0.870093 0.253858 0.856276 0.266396
0 0.870610 0.121528 0.861829 0.121528 0.866219 0.145834
0 0.837293 0.152392 0.826705 0.149691 0.831999 0.128472
0 0.818957 0.089120 0.819473 0.089892 0.831999 0.098959
0 0.814050 0.052083 0.825413 0.055941 0.819085 0.083912
0 0.837035 0.094522 0.846333 0.095679 0.841684 0.071567
0 0.870868 0.098380 0.870868 0.082176 0.857309 0.090278
0 0.851498 0.062114 0.850207 0.060185 0.855372 0.087577
0 0.865702 0.077546 0.869318 0.070602 0.862345 0.062885
0 0.827996 0.031250 0.832128 0.021219 0.843492 0.034336
0 0.804236 0.032022 0.803461 0.021219 0.789385 0.027199
0 0.809917 0.033179 0.806818 0.020448 0.794550 0.032022
0 0.737862 0.029321 0.740961 0.016590 0.758523 0.030093
0 0.698864 0.011960 0.705579 0.004244 0.714489 0.026427
0 0.679494 0.008873 0.686725 0.018519 0.671488 0.033951
0 0.613636 0.048225 0.622676 0.046682 0.618156 0.072145
0 0.635847 0.032793 0.633006 0.017747 0.617640 0.028743
0 0.597107 0.050540 0.599690 0.032793 0.580836 0.040317
0 0.592459 0.075617 0.599690 0.065586 0.590264 0.056327
0 0.585486 0.089892 0.591167 0.077546 0.575284 0.066165
0 0.587810 0.128472 0.590393 0.114969 0.573735 0.117284
0 0.836002 0.004244 0.824122 0.001929 0.830062 0.035687
0 0.812758 0.000000 0.824122 0.001929 0.809918 0.010802
0 0.750000 0.008102 0.744318 0.000386 0.737087 0.026427
0 0.720300 0.019290 0.718233 0.003858 0.731275 0.009838
0 0.751808 0.006944 0.755940 0.000386 0.765496 0.007909
0 0.681043 0.007716 0.674329 0.000000 0.663223 0.008873
0 0.616477 0.004244 0.607180 0.003086 0.609633 0.020448
0 0.571023 0.005787 0.582128 0.001157 0.585356 0.016975
0 0.529700 0.067901 0.529700 0.048225 0.550361 0.058063
0 0.540806 0.002315 0.528667 0.000000 0.526214 0.014660
0 0.520919 0.222222 0.511880 0.212577 0.528280 0.200425
0 0.480888 0.295139 0.472366 0.289352 0.479081 0.274884
0 0.821539 0.313657 0.831870 0.311728 0.829416 0.338734
0 0.832128 0.548997 0.840393 0.547840 0.836260 0.568673
0 0.864411 0.395448 0.855888 0.385802 0.852660 0.414351
0 0.850207 0.370756 0.860537 0.376157 0.856922 0.345871
0 0.874742 0.388117 0.877324 0.372685 0.861053 0.373649
0 0.876550 0.293210 0.870610 0.285494 0.863379 0.307678
0 0.518337 0.822917 0.512913 0.812500 0.527505 0.800733
0 0.546746 0.649306 0.542614 0.636574 0.527892 0.650270
0 0.698347 0.749614 0.706870 0.746914 0.702608 0.764660
0 0.731147 0.754630 0.738378 0.755401 0.734762 0.769869
0 0.753099 0.789352 0.763688 0.796682 0.752325 0.818287
0 0.768595 0.825617 0.776343 0.815972 0.783187 0.836420
0 0.696539 0.856481 0.693182 0.869213 0.673166 0.859568
0 0.794680 0.689043 0.786674 0.679398 0.780346 0.699074
0 0.811467 0.726466 0.815341 0.711806 0.796875 0.712384
0 0.857180 0.706404 0.852014 0.689815 0.834582 0.704861
0 0.861829 0.722608 0.874483 0.727623 0.868156 0.699074
0 0.885072 0.664738 0.876033 0.672454 0.873321 0.646027
0 0.854597 0.619213 0.855114 0.620756 0.859246 0.642361
0 0.837810 0.623071 0.847366 0.627315 0.842588 0.648341
0 0.864928 0.779707 0.875258 0.783179 0.870093 0.755401
0 0.853306 0.791281 0.847624 0.777778 0.861441 0.763311
0 0.821023 0.787423 0.831870 0.787037 0.826446 0.815586
0 0.833936 0.770833 0.831870 0.787037 0.849303 0.788773
0 0.856405 0.816358 0.860279 0.831404 0.838068 0.827932
0 0.865702 0.839506 0.870093 0.829861 0.852402 0.815779
0 0.876033 0.834491 0.864411 0.829861 0.870222 0.808835
0 0.878357 0.843364 0.870868 0.840278 0.874613 0.815393
0 0.864411 0.852623 0.870868 0.840278 0.853306 0.828704
0 0.578254 0.842207 0.576188 0.854938 0.556947 0.847029
0 0.590651 0.866512 0.591942 0.851080 0.570635 0.858217
0 0.586002 0.881559 0.588068 0.869985 0.568957 0.869213
0 0.534349 0.876929 0.541322 0.866127 0.523631 0.859182
0 0.472366 0.879630 0.461519 0.869985 0.475336 0.854167
0 0.488378 0.806713 0.487862 0.825617 0.462939 0.816165
0 0.448605 0.842207 0.440599 0.858796 0.425361 0.835648
0 0.429236 0.739969 0.425878 0.726466 0.412320 0.736111
0 0.347882 0.736883 0.348399 0.719522 0.370093 0.728202
0 0.343750 0.681327 0.354339 0.680941 0.349044 0.710455
0 0.391012 0.699460 0.394886 0.684799 0.375517 0.684993
0 0.446023 0.679398 0.444731 0.689043 0.430527 0.682292
0 0.435434 0.665509 0.449638 0.677083 0.447056 0.644869
0 0.346333 0.653935 0.343233 0.644676 0.327092 0.658950
0 0.350207 0.642361 0.341942 0.655093 0.335098 0.628666
0 0.295971 0.727623 0.301911 0.717593 0.288739 0.709298
0 0.269112 0.748843 0.269628 0.731481 0.290031 0.740162
0 0.336260 0.755401 0.325671 0.746914 0.323218 0.766976
0 0.299845 0.794753 0.307851 0.793210 0.303848 0.778357
0 0.294163 0.808642 0.294163 0.792824 0.276730 0.800733
0 0.318698 0.793981 0.310176 0.787037 0.306043 0.808256
0 0.356921 0.768133 0.350465 0.751543 0.335485 0.771412
0 0.367769 0.788966 0.361829 0.774691 0.348399 0.789159
0 0.340651 0.819830 0.330837 0.826775 0.340522 0.847415
0 0.298554 0.831404 0.305010 0.815201 0.319215 0.829282
0 0.330837 0.888503 0.338068 0.875772 0.320377 0.867284
0 0.301136 0.876929 0.298037 0.862654 0.317794 0.863811
0 0.298037 0.847994 0.300620 0.866127 0.277118 0.857061
0 0.254132 0.886574 0.258006 0.873843 0.239023 0.870756
0 0.241736 0.833719 0.240702 0.816358 0.262913 0.825039
0 0.210227 0.845293 0.207128 0.830633 0.224432 0.836034
0 0.209452 0.871142 0.197314 0.870370 0.203383 0.837384
0 0.183884 0.885802 0.187758 0.868056 0.206483 0.876929
0 0.190857 0.873071 0.185692 0.885417 0.178590 0.869599
0 0.165031 0.878858 0.176136 0.879630 0.170583 0.849923
0 0.157283 0.876157 0.164256 0.868056 0.153409 0.852044
0 0.176653 0.843364 0.188791 0.840278 0.181043 0.816165
0 0.162965 0.829475 0.167614 0.817901 0.154701 0.811342
0 0.193957 0.793981 0.189050 0.777392 0.173425 0.791088
0 0.212810 0.812500 0.211002 0.795910 0.231017 0.802276
0 0.282541 0.775463 0.280733 0.760417 0.261234 0.768133
0 0.223657 0.778549 0.219267 0.768904 0.208807 0.781443
0 0.227789 0.766975 0.223657 0.752701 0.208678 0.767554
0 0.239153 0.763117 0.240702 0.748843 0.227660 0.755980
0 0.263688 0.748457 0.259298 0.733410 0.249612 0.744406
0 0.228822 0.727238 0.232180 0.714892 0.221462 0.713928
0 0.244318 0.729167 0.246901 0.718750 0.235925 0.718557
0 0.265754 0.733410 0.270403 0.717593 0.247675 0.718750
0 0.245093 0.734182 0.244318 0.744599 0.224690 0.739005
0 0.207645 0.743056 0.214618 0.751543 0.200414 0.760803
0 0.201705 0.735340 0.212293 0.744985 0.194473 0.755402
0 0.183884 0.748457 0.184143 0.746528 0.189695 0.721643
0 0.181302 0.700231 0.168130 0.702160 0.174716 0.669560
0 0.154184 0.701389 0.163740 0.690972 0.170583 0.718364
0 0.285124 0.660880 0.273502 0.652392 0.271952 0.673418
0 0.267045 0.658179 0.274277 0.649306 0.259685 0.639274
0 0.277893 0.631944 0.276601 0.647377 0.259815 0.639660
0 0.290806 0.616512 0.290806 0.616898 0.288998 0.646412
0 0.269112 0.615355 0.267562 0.627315 0.254778 0.620564
0 0.238636 0.633102 0.243027 0.618441 0.228306 0.624421
0 0.246901 0.675154 0.244318 0.662037 0.226627 0.678241
0 0.257231 0.657793 0.247159 0.654321 0.247933 0.677855
0 0.251550 0.647377 0.241736 0.640818 0.238378 0.667245
0 0.225723 0.658179 0.227789 0.641590 0.205707 0.647955
0 0.202996 0.659722 0.197314 0.646219 0.184013 0.658950
0 0.211002 0.606096 0.203771 0.597222 0.198089 0.616898
0 0.150310 0.648148 0.161674 0.643519 0.155992 0.619213
0 0.161157 0.615741 0.155992 0.600309 0.172779 0.600309
0 0.142562 0.702160 0.153926 0.696759 0.144887 0.671296
0 0.123709 0.604938 0.135847 0.599151 0.133135 0.628665
0 0.131457 0.696373 0.121126 0.696759 0.126292 0.673997
0 0.116477 0.723765 0.112862 0.707176 0.129262 0.711033
0 0.114669 0.744599 0.124483 0.745756 0.123063 0.721064
0 0.128874 0.753472 0.136622 0.759259 0.141141 0.735533
0 0.113378 0.779321 0.125775 0.783565 0.122159 0.755015
0 0.149019 0.782407 0.146952 0.766204 0.166710 0.770255
0 0.140496 0.768133 0.134814 0.757330 0.156121 0.752508
0 0.147727 0.797068 0.141012 0.779321 0.160511 0.769097
0 0.141271 0.815972 0.128874 0.814429 0.135072 0.786266
0 0.138430 0.874228 0.130940 0.863426 0.145790 0.847608
0 0.136105 0.884645 0.142562 0.876929 0.128874 0.859568
0 0.130165 0.839120 0.121901 0.846065 0.122159 0.824267
0 0.095816 0.630787 0.082386 0.635802 0.092071 0.660880
0 0.076705 0.668596 0.082903 0.658179 0.089618 0.672646
0 0.051911 0.666667 0.060434 0.681327 0.071281 0.661072
0 0.053202 0.608025 0.059917 0.601852 0.066503 0.621335
0 0.053461 0.597994 0.059143 0.589506 0.065987 0.612075
0 0.048295 0.684799 0.051395 0.670525 0.066244 0.683064
0 0.081095 0.754630 0.089360 0.758488 0.086648 0.730517
0 0.066890 0.751543 0.059917 0.738040 0.077221 0.733796
0 0.057851 0.722608 0.058626 0.707176 0.079416 0.714892
0 0.053461 0.700231 0.060434 0.687886 0.072443 0.715857
0 0.059659 0.779321 0.060950 0.766204 0.080449 0.762153
0 0.055785 0.798997 0.064308 0.808642 0.076575 0.780092
0 0.048295 0.757330 0.054494 0.746914 0.064695 0.769483
0 0.086777 0.823688 0.092200 0.810571 0.106276 0.826774
0 0.080579 0.813272 0.079029 0.794753 0.099432 0.803048
0 0.079804 0.826775 0.091426 0.822917 0.082387 0.798226
0 0.053461 0.819059 0.052686 0.805556 0.072959 0.805555
0 0.067407 0.854552 0.058368 0.844907 0.066890 0.825231
0 0.049329 0.829861 0.056043 0.812500 0.061596 0.835455
0 0.312758 0.570988 0.300620 0.570988 0.306689 0.598187
0 0.290806 0.575231 0.296229 0.590278 0.281250 0.595293
0 0.183626 0.579090 0.188791 0.569444 0.199767 0.588156
0 0.179752 0.571373 0.183884 0.557870 0.198476 0.575039
0 0.151343 0.572145 0.158058 0.579861 0.147598 0.589120
0 0.168905 0.564429 0.158058 0.557870 0.162448 0.579090
0 0.122934 0.596065 0.135331 0.594522 0.129133 0.572917
0 0.235537 0.553627 0.236570 0.537423 0.217975 0.545525
0 0.310950 0.555941 0.315341 0.542052 0.303848 0.541859
0 0.183626 0.536651 0.174587 0.522762 0.168517 0.540316
0 0.071539 0.577160 0.074638 0.568287 0.087293 0.579476
0 0.062242 0.575231 0.062242 0.561728 0.081999 0.568480
0 0.055269 0.582948 0.053977 0.585648 0.072443 0.596450
0 0.055269 0.557870 0.058626 0.566358 0.070119 0.551505
0 0.045713 0.564429 0.052686 0.550926 0.064437 0.576003
0 0.052169 0.517361 0.057335 0.505401 0.070764 0.527199
0 0.059143 0.541281 0.050878 0.530478 0.065341 0.514854
0 0.099174 0.520062 0.110795 0.515432 0.107567 0.545139
0 0.146178 0.554784 0.152634 0.540509 0.134039 0.532601
0 0.139205 0.525849 0.128874 0.516204 0.140496 0.501351
0 0.146436 0.469136 0.152118 0.484568 0.133652 0.485918
0 0.174070 0.517361 0.180010 0.504630 0.171488 0.503279
0 0.150052 0.500772 0.158574 0.503858 0.157154 0.481675
0 0.187758 0.500000 0.197831 0.506559 0.195506 0.488233
0 0.212035 0.505401 0.204287 0.489969 0.194732 0.507909
0 0.229597 0.529707 0.227014 0.515046 0.212164 0.522955
0 0.218750 0.505787 0.227014 0.496914 0.217587 0.482446
0 0.241994 0.534336 0.247159 0.521219 0.232309 0.517168
0 0.271694 0.512346 0.280475 0.505401 0.270790 0.489583
0 0.313533 0.482253 0.307851 0.470679 0.297133 0.485147
0 0.283316 0.436343 0.290806 0.429398 0.296230 0.452160
0 0.243027 0.390046 0.252324 0.398534 0.242252 0.413966
0 0.228306 0.424383 0.234762 0.413194 0.223527 0.411073
0 0.205062 0.397377 0.217459 0.397377 0.211261 0.371914
0 0.191632 0.376543 0.201705 0.387731 0.189437 0.402006
0 0.181818 0.432485 0.180010 0.444830 0.168647 0.438465
0 0.199122 0.418981 0.187758 0.413194 0.192149 0.437307
0 0.205579 0.455247 0.213585 0.445602 0.204417 0.428434
0 0.234762 0.459491 0.240444 0.445988 0.223657 0.445988
0 0.236054 0.476466 0.239153 0.463349 0.228822 0.466050
0 0.248967 0.484182 0.258523 0.478781 0.251163 0.461612
0 0.258523 0.493056 0.250258 0.500772 0.248322 0.477045
0 0.260589 0.501929 0.247676 0.504630 0.247675 0.484761
0 0.059659 0.461420 0.057076 0.444830 0.071668 0.453125
0 0.062242 0.406250 0.074638 0.407407 0.069473 0.382330
0 0.078512 0.343364 0.072572 0.354938 0.088455 0.362268
0 0.075155 0.329090 0.080579 0.340664 0.090780 0.324846
0 0.094525 0.337963 0.100981 0.353009 0.111054 0.339120
0 0.102273 0.366898 0.094783 0.350309 0.111828 0.347029
0 0.110795 0.397377 0.123192 0.393519 0.118285 0.420525
0 0.107438 0.465278 0.103048 0.450617 0.119190 0.457948
0 0.103564 0.469136 0.104855 0.453704 0.123580 0.461805
0 0.087035 0.474537 0.085744 0.472608 0.105630 0.471836
0 0.081870 0.484568 0.093233 0.491898 0.094137 0.466050
0 0.136105 0.434028 0.127066 0.418596 0.141271 0.417246
0 0.150052 0.381173 0.161157 0.382330 0.155604 0.409722
0 0.172262 0.389660 0.181818 0.395833 0.174070 0.412037
0 0.298037 0.393904 0.296746 0.376543 0.278667 0.385223
0 0.267820 0.377315 0.259298 0.387731 0.257102 0.368634
0 0.253357 0.338735 0.248967 0.354938 0.239282 0.341435
0 0.228822 0.319444 0.224948 0.336034 0.212423 0.323302
0 0.268853 0.346451 0.277376 0.345293 0.273115 0.365548
0 0.280733 0.331019 0.281250 0.345293 0.268078 0.338156
0 0.304494 0.354167 0.307593 0.338735 0.290935 0.339314
0 0.339360 0.355324 0.349174 0.351080 0.338843 0.334105
0 0.132748 0.374228 0.144370 0.377315 0.138559 0.355132
0 0.165548 0.336806 0.155475 0.328318 0.156250 0.350888
0 0.190341 0.367670 0.181818 0.375386 0.177945 0.356096
0 0.162448 0.374614 0.174587 0.380401 0.173037 0.350502
0 0.447056 0.307870 0.438791 0.299383 0.433885 0.319638
0 0.363120 0.320602 0.351756 0.320602 0.357438 0.297840
0 0.377324 0.260802 0.373709 0.243056 0.356663 0.253858
0 0.397469 0.225694 0.392820 0.211420 0.380036 0.228395
0 0.395661 0.192130 0.406508 0.190201 0.402634 0.218172
0 0.439308 0.220293 0.450413 0.213349 0.440083 0.196180
0 0.436209 0.170910 0.435692 0.156636 0.417743 0.163773
0 0.497417 0.125386 0.499483 0.109954 0.479855 0.117670
0 0.472366 0.064815 0.461519 0.062886 0.466943 0.088927
0 0.401860 0.117670 0.400052 0.100694 0.383523 0.110725
0 0.381198 0.138889 0.371643 0.131173 0.366735 0.158372
0 0.314050 0.126543 0.316116 0.109954 0.336132 0.118248
0 0.333678 0.173997 0.339360 0.162037 0.326059 0.157986
0 0.295971 0.173997 0.295455 0.158179 0.313921 0.166088
0 0.280475 0.197917 0.293388 0.195216 0.286932 0.172454
0 0.266271 0.212191 0.265754 0.199074 0.281508 0.205632
0 0.305010 0.241512 0.304752 0.240741 0.323477 0.233796
0 0.286932 0.251929 0.298037 0.255015 0.295455 0.231867
0 0.308884 0.255015 0.298037 0.255015 0.303461 0.277006
0 0.320506 0.299383 0.315599 0.285494 0.304365 0.299575
0 0.254907 0.320602 0.267562 0.332176 0.272211 0.305170
0 0.292355 0.261574 0.289514 0.278164 0.270402 0.269483
0 0.258781 0.253086 0.255940 0.237269 0.274147 0.237654
0 0.240444 0.241127 0.251550 0.242284 0.245997 0.218750
0 0.241736 0.264275 0.235537 0.250772 0.228177 0.270255
0 0.265754 0.158565 0.259814 0.148534 0.251162 0.167052
0 0.274019 0.160108 0.276601 0.142747 0.257232 0.151427
0 0.227014 0.127315 0.216684 0.128472 0.221849 0.157215
0 0.210227 0.150463 0.214876 0.139275 0.202867 0.138118
0 0.196798 0.141204 0.207645 0.150849 0.193827 0.169561
0 0.164256 0.216435 0.159349 0.199074 0.179881 0.196566
0 0.160640 0.182485 0.147727 0.175540 0.158961 0.151620
0 0.177944 0.124614 0.177944 0.124614 0.200800 0.117284
0 0.186983 0.082176 0.191632 0.095679 0.176782 0.097994
0 0.224948 0.082176 0.218492 0.071373 0.208807 0.087770
0 0.240702 0.071759 0.240702 0.072145 0.234504 0.104938
0 0.194215 0.214506 0.194731 0.201003 0.214747 0.207755
0 0.225723 0.221065 0.222624 0.204475 0.204803 0.223958
0 0.217200 0.234568 0.212035 0.222222 0.203383 0.238426
0 0.222366 0.253858 0.213585 0.248071 0.210228 0.269290
0 0.226240 0.244985 0.221074 0.228781 0.209452 0.247493
0 0.180010 0.272377 0.189050 0.258488 0.173812 0.243827
0 0.175878 0.229938 0.175878 0.229938 0.192148 0.214313
0 0.307851 0.089892 0.311467 0.073688 0.293130 0.074845
0 0.328512 0.073688 0.336777 0.062114 0.346849 0.089120
0 0.362087 0.102623 0.358729 0.087963 0.371255 0.092013
0 0.414773 0.090664 0.413740 0.073688 0.393466 0.082176
0 0.144886 0.328318 0.155475 0.328318 0.150180 0.304013
0 0.124483 0.312500 0.137138 0.314815 0.133781 0.291474
0 0.179236 0.296296 0.190857 0.280093 0.171875 0.270255
0 0.149535 0.248843 0.155992 0.238426 0.141788 0.229167
0 0.129649 0.243441 0.134039 0.228781 0.117639 0.229938
0 0.110795 0.268519 0.111570 0.251157 0.133006 0.259838
0 0.099690 0.259645 0.096591 0.241512 0.117898 0.250579
0 0.063791 0.282793 0.063533 0.270448 0.083936 0.276621
0 0.057851 0.277006 0.066374 0.283565 0.063274 0.256559
0 0.056560 0.314815 0.049587 0.301312 0.065987 0.290509
0 0.057335 0.251157 0.058368 0.240355 0.074638 0.247107
0 0.051911 0.217207 0.057335 0.203704 0.071927 0.228781
0 0.068957 0.213349 0.061209 0.200617 0.079545 0.190200
0 0.495093 0.071759 0.500775 0.058256 0.487216 0.050540
0 0.466426 0.043596 0.456095 0.041667 0.460744 0.063272
0 0.445248 0.089120 0.431043 0.092978 0.438145 0.072145
0 0.448605 0.052469 0.447314 0.036651 0.427169 0.044560
0 0.470300 0.035108 0.469783 0.017361 0.448089 0.026235
0 0.463843 0.010802 0.461260 0.001157 0.446152 0.008487
0 0.392304 0.030864 0.389205 0.018519 0.374613 0.031058
0 0.352273 0.077546 0.347107 0.065586 0.361699 0.065393
0 0.391012 0.063657 0.395661 0.069444 0.403538 0.051312
0 0.386364 0.065972 0.386364 0.065972 0.405088 0.062114
0 0.396694 0.046682 0.396178 0.062114 0.379648 0.054398
0 0.318698 0.079475 0.324638 0.062114 0.304235 0.060185
0 0.292097 0.018519 0.301911 0.006173 0.311596 0.035108
0 0.263946 0.020448 0.253357 0.027392 0.261235 0.047454
0 0.244318 0.028935 0.254132 0.032793 0.249225 0.049190
0 0.229081 0.069830 0.238636 0.071759 0.233858 0.043209
0 0.225723 0.076389 0.230372 0.059028 0.209969 0.066744
0 0.383264 0.003086 0.391012 0.000000 0.398115 0.015625
0 0.293388 0.002315 0.284349 0.000000 0.280475 0.013118
0 0.278151 0.002315 0.267820 0.000000 0.260589 0.012538
0 0.174587 0.025463 0.161674 0.028935 0.168131 0.056134
0 0.163740 0.065972 0.159349 0.049383 0.146952 0.064237
0 0.144370 0.116127 0.136105 0.102238 0.148631 0.093750
0 0.139721 0.116898 0.129390 0.114198 0.132748 0.144097
0 0.119835 0.143133 0.130682 0.143133 0.125258 0.123650
0 0.158058 0.019290 0.162965 0.033179 0.147857 0.036651
0 0.113895 0.052083 0.123709 0.044367 0.124226 0.071952
0 0.102273 0.078318 0.104855 0.061728 0.120352 0.070023
0 0.085486 0.078318 0.094525 0.067901 0.099432 0.091435
0 0.118543 0.036651 0.128099 0.028164 0.129777 0.055556
