0 0.519370 0.276620 0.533574 0.275463 0.528668 0.312114
0 0.552169 0.292824 0.556043 0.280478 0.571281 0.301698
0 0.592975 0.277392 0.592975 0.297840 0.615832 0.287616
0 0.444990 0.272762 0.449638 0.283179 0.436725 0.288195
0 0.397211 0.357639 0.408833 0.366127 0.398244 0.386574
0 0.315857 0.346065 0.306818 0.332562 0.326576 0.321373
0 0.299845 0.299769 0.308884 0.311343 0.294292 0.326775
0 0.312758 0.438657 0.319215 0.423997 0.333677 0.444252
0 0.279700 0.529321 0.279184 0.512731 0.304623 0.521026
0 0.258523 0.461806 0.270661 0.466435 0.262009 0.492670
0 0.235279 0.541667 0.237862 0.524306 0.259168 0.537423
0 0.241736 0.552469 0.253874 0.548611 0.249483 0.579476
0 0.452738 0.675926 0.457386 0.656636 0.436080 0.657986
0 0.502583 0.632330 0.516787 0.624614 0.503228 0.597608
0 0.528409 0.567901 0.519370 0.564815 0.526730 0.551505
0 0.590393 0.560185 0.596849 0.540895 0.571022 0.538002
0 0.637397 0.616127 0.625775 0.626543 0.620997 0.598572
0 0.638688 0.635417 0.627841 0.646991 0.619706 0.623842
0 0.532800 0.701003 0.543130 0.689429 0.525052 0.671489
0 0.730372 0.560957 0.734246 0.577546 0.714230 0.578897
0 0.703254 0.285108 0.705837 0.300540 0.684272 0.294368
0 0.755682 0.306327 0.745351 0.317130 0.738895 0.293017
0 0.758264 0.355710 0.748450 0.340278 0.765883 0.333527
0 0.304236 0.701003 0.294680 0.699846 0.298425 0.716243
0 0.299070 0.683642 0.299070 0.701775 0.278797 0.695216
0 0.244060 0.630401 0.254649 0.616127 0.259943 0.640240
0 0.223657 0.616127 0.227531 0.598765 0.244964 0.613233
0 0.216426 0.635417 0.222882 0.619985 0.235150 0.642169
0 0.470816 0.045139 0.479339 0.035494 0.486957 0.056713
0 0.394628 0.108796 0.401860 0.124228 0.414385 0.108217
0 0.417872 0.124228 0.426395 0.139660 0.404055 0.152199
0 0.372676 0.109568 0.386364 0.097222 0.389850 0.122685
0 0.359762 0.066358 0.370868 0.057485 0.369189 0.079669
0 0.284349 0.057485 0.293905 0.043981 0.306560 0.068672
0 0.304236 0.238812 0.311983 0.227238 0.293647 0.214313
0 0.330062 0.219522 0.330837 0.238812 0.307852 0.229167
0 0.320506 0.184799 0.325671 0.207176 0.300103 0.203125
0 0.225465 0.281250 0.221591 0.265818 0.241994 0.268711
0 0.207386 0.287037 0.219008 0.269676 0.202867 0.264467
0 0.220300 0.157793 0.222882 0.139660 0.244577 0.151234
0 0.209969 0.196373 0.218492 0.180941 0.202738 0.172646
0 0.204804 0.076003 0.216167 0.075231 0.210485 0.103009
0 0.189050 0.054784 0.199897 0.051698 0.197702 0.082562
0 0.160382 0.068673 0.172521 0.060185 0.175490 0.087963
0 0.212552 0.048225 0.201963 0.064429 0.226240 0.073495
0 0.141012 0.082562 0.128357 0.092207 0.141916 0.108217
0 0.119576 0.114583 0.128357 0.130787 0.138946 0.115740
0 0.086777 0.065586 0.087552 0.084877 0.111054 0.075232
0 0.103822 0.140432 0.095300 0.126543 0.110408 0.115162
0 0.090393 0.103009 0.100465 0.092207 0.102144 0.123264
0 0.073089 0.126543 0.086002 0.124228 0.080321 0.151427
0 0.083161 0.114583 0.096074 0.111497 0.089618 0.141976
0 0.073864 0.079475 0.086002 0.071759 0.082774 0.092592
0 0.130424 0.159722 0.120351 0.148920 0.115445 0.179784
0 0.091167 0.186343 0.102531 0.187500 0.096849 0.210263
0 0.075413 0.196759 0.088068 0.207562 0.090005 0.176119
0 0.071798 0.215278 0.081095 0.201389 0.087165 0.231675
0 0.187758 0.223765 0.183368 0.239583 0.165160 0.227816
0 0.134814 0.237654 0.144112 0.223765 0.161286 0.247299
0 0.116736 0.264275 0.118285 0.247299 0.145403 0.259066
0 0.136105 0.331404 0.129649 0.311343 0.153280 0.303627
0 0.116736 0.347608 0.123192 0.326389 0.141142 0.348187
0 0.107438 0.336034 0.123192 0.341049 0.115315 0.305362
0 0.091684 0.313272 0.103306 0.308256 0.098916 0.340857
0 0.063791 0.271605 0.074638 0.279321 0.071281 0.251929
0 0.061725 0.288966 0.071023 0.281250 0.077092 0.312307
0 0.081870 0.267361 0.071023 0.281250 0.082774 0.302662
0 0.088068 0.260031 0.078771 0.272762 0.097495 0.286266
0 0.626291 0.234182 0.627583 0.215278 0.606793 0.224730
0 0.581095 0.089892 0.590393 0.078318 0.598270 0.104939
0 0.619060 0.038580 0.629649 0.051698 0.613249 0.068094
0 0.508781 0.775077 0.503874 0.762346 0.519628 0.756945
0 0.542355 0.719522 0.534607 0.731481 0.557206 0.736690
0 0.602531 0.748457 0.613378 0.737654 0.594783 0.723766
0 0.633264 0.794367 0.647727 0.796296 0.640496 0.768518
0 0.642045 0.805170 0.654184 0.797454 0.646953 0.772956
0 0.335744 0.842593 0.336260 0.838349 0.342846 0.809414
0 0.381457 0.824460 0.373709 0.812500 0.385073 0.799768
0 0.361570 0.813657 0.378616 0.816744 0.370093 0.776620
0 0.327738 0.754630 0.335744 0.771991 0.350723 0.745178
0 0.277118 0.770833 0.275568 0.750386 0.301653 0.760609
0 0.177686 0.718364 0.186209 0.703318 0.195893 0.725888
0 0.168388 0.796296 0.173295 0.777392 0.192277 0.796489
0 0.121901 0.753858 0.138946 0.750386 0.125774 0.716435
0 0.128874 0.824460 0.131198 0.805941 0.152118 0.816165
0 0.159607 0.525077 0.169680 0.528164 0.163223 0.552855
0 0.123192 0.638503 0.121126 0.622299 0.145015 0.629244
0 0.111829 0.550540 0.103822 0.536651 0.122804 0.526620
0 0.064566 0.540123 0.064566 0.519676 0.089617 0.532986
0 0.061725 0.580633 0.068957 0.561343 0.085357 0.584877
0 0.071798 0.648920 0.064566 0.636188 0.083161 0.622686
0 0.068957 0.686343 0.064566 0.704475 0.086777 0.701389
0 0.060950 0.716435 0.067407 0.730324 0.085356 0.705247
0 0.080320 0.738812 0.078771 0.753858 0.098528 0.745178
0 0.066116 0.734568 0.072572 0.749614 0.087552 0.733024
0 0.061725 0.755787 0.060950 0.737654 0.086002 0.747299
0 0.108213 0.472608 0.115444 0.454475 0.131844 0.475887
0 0.108213 0.444830 0.105372 0.426698 0.128616 0.435764
0 0.093233 0.444830 0.088843 0.424383 0.111828 0.427662
0 0.064566 0.396605 0.069473 0.379630 0.085357 0.395062
0 0.067407 0.500386 0.069473 0.514275 0.090263 0.504244
0 0.068957 0.484568 0.072572 0.499228 0.092201 0.488619
0 0.070248 0.461034 0.068957 0.484568 0.087165 0.472801
0 0.058884 0.468364 0.071798 0.483410 0.072055 0.452353
0 0.406508 0.848765 0.403667 0.836034 0.421229 0.841821
0 0.528926 0.854167 0.540289 0.839120 0.547908 0.867476
0 0.699897 0.881944 0.714101 0.881944 0.706999 0.849344
0 0.653409 0.923611 0.649019 0.907793 0.666968 0.908179
0 0.259814 0.909722 0.254132 0.888503 0.278797 0.892168
0 0.352273 0.919367 0.340134 0.923611 0.341168 0.890046
0 0.329287 0.941744 0.335744 0.920525 0.309659 0.922068
0 0.332128 0.947145 0.335744 0.920525 0.355372 0.934993
0 0.312242 0.971836 0.326446 0.976080 0.319344 0.953125
0 0.384298 0.940586 0.368543 0.945216 0.376420 0.919946
0 0.356405 0.977238 0.350723 0.963349 0.367510 0.958912
0 0.340134 0.973765 0.337035 0.954475 0.354597 0.959877
0 0.265496 0.979167 0.254132 0.965278 0.273760 0.951389
0 0.249225 0.945988 0.256198 0.970679 0.271307 0.947145
0 0.238378 0.955633 0.224174 0.955633 0.231276 0.927855
0 0.214876 0.955633 0.227014 0.940586 0.206999 0.930555
0 0.203254 0.956790 0.196023 0.962191 0.195377 0.941165
0 0.200930 0.942130 0.201963 0.922454 0.228564 0.932292
0 0.187242 0.980710 0.178719 0.966821 0.202738 0.953125
0 0.167872 0.974923 0.161932 0.966821 0.183238 0.953511
0 0.395919 0.932485 0.395919 0.949460 0.417743 0.940972
0 0.383006 0.961034 0.394370 0.967978 0.392950 0.938079
0 0.408833 0.967978 0.397211 0.957176 0.412706 0.942901
0 0.396952 0.977623 0.390496 0.961420 0.412190 0.956983
0 0.097366 0.857253 0.096333 0.854938 0.119189 0.858989
0 0.131198 0.900463 0.130940 0.885031 0.151601 0.893711
0 0.150568 0.966049 0.161932 0.963349 0.156250 0.929976
0 0.145919 0.920525 0.156250 0.909336 0.140754 0.892554
0 0.137655 0.925540 0.136880 0.910108 0.154701 0.917824
0 0.108471 0.978781 0.106405 0.969907 0.120738 0.969136
0 0.694990 0.240741 0.694215 0.222608 0.674328 0.233217
0 0.709711 0.192515 0.720041 0.192515 0.712939 0.223958
0 0.728564 0.211806 0.729081 0.194444 0.704287 0.198881
0 0.675620 0.158951 0.680785 0.143519 0.661674 0.139082
0 0.658833 0.040123 0.665289 0.047840 0.651343 0.061342
0 0.704029 0.096065 0.692924 0.105710 0.710098 0.125579
0 0.682593 0.055556 0.680010 0.056327 0.677428 0.087963
0 0.675620 0.039352 0.685176 0.052855 0.669034 0.067709
0 0.691632 0.041281 0.677428 0.043981 0.685176 0.078318
0 0.709194 0.036265 0.698864 0.041281 0.704029 0.059992
0 0.705837 0.027778 0.694215 0.043210 0.704933 0.054784
0 0.712293 0.043210 0.725207 0.047840 0.718750 0.067709
0 0.724690 0.076775 0.720816 0.091435 0.739153 0.094136
0 0.733729 0.033565 0.720041 0.032407 0.726885 0.054591
0 0.771178 0.132716 0.780217 0.143519 0.767304 0.153935
0 0.806560 0.153164 0.806560 0.168596 0.788482 0.160880
0 0.783316 0.179012 0.785899 0.197531 0.761364 0.189621
0 0.818957 0.172454 0.821539 0.188657 0.803719 0.184993
0 0.805269 0.118441 0.816890 0.117284 0.814308 0.147763
0 0.794938 0.083719 0.800878 0.103009 0.778925 0.104938
0 0.827996 0.110725 0.822831 0.124228 0.813792 0.111111
0 0.806043 0.214892 0.808626 0.227238 0.789256 0.232253
0 0.831870 0.209105 0.837552 0.224537 0.818182 0.222994
0 0.840134 0.299769 0.849948 0.290895 0.853693 0.322338
0 0.809143 0.375000 0.814308 0.392361 0.791064 0.387925
0 0.870610 0.326775 0.882231 0.324846 0.875775 0.299768
0 0.904184 0.290895 0.906767 0.270833 0.888043 0.280864
0 0.807076 0.039738 0.819473 0.038194 0.818440 0.070987
0 0.837552 0.025077 0.835486 0.037423 0.845816 0.033564
0 0.833936 0.057485 0.845816 0.057485 0.839876 0.083913
0 0.853564 0.105710 0.856663 0.118056 0.839747 0.114969
0 0.856663 0.155093 0.867510 0.150463 0.857438 0.130402
0 0.892820 0.039738 0.893337 0.056713 0.870093 0.048226
0 0.896436 0.073688 0.893337 0.053627 0.874483 0.063658
0 0.911932 0.093750 0.903151 0.104938 0.896694 0.082368
0 0.899019 0.117284 0.905733 0.101466 0.883781 0.096643
0 0.905217 0.121142 0.901601 0.135802 0.888430 0.121914
0 0.906767 0.143519 0.909866 0.128086 0.887139 0.126930
0 0.905217 0.163580 0.906250 0.147377 0.885331 0.150077
0 0.907800 0.172840 0.903151 0.184414 0.888430 0.169368
0 0.900568 0.192901 0.901601 0.177469 0.886363 0.176312
0 0.912965 0.192130 0.910382 0.176698 0.892562 0.184414
0 0.910382 0.216821 0.902634 0.225309 0.896694 0.207562
0 0.917097 0.241512 0.908833 0.249228 0.903151 0.228395
0 0.906250 0.266204 0.909866 0.252315 0.890754 0.248842
0 0.788481 0.029707 0.791581 0.041281 0.777118 0.038966
0 0.786932 0.035880 0.791581 0.041281 0.780733 0.052470
0 0.799329 0.036651 0.785382 0.030478 0.792097 0.064429
0 0.918647 0.355710 0.909866 0.364198 0.907025 0.335263
0 0.920713 0.371142 0.908316 0.377315 0.908832 0.347994
0 0.912448 0.386574 0.917097 0.371914 0.897469 0.366127
0 0.917097 0.402006 0.920713 0.416667 0.898244 0.414737
0 0.918130 0.393519 0.910899 0.407407 0.901601 0.383873
0 0.918647 0.456404 0.919680 0.441358 0.896694 0.447338
0 0.921229 0.474537 0.920196 0.460648 0.903925 0.467592
0 0.877841 0.493056 0.888688 0.491898 0.883265 0.519097
0 0.860279 0.513889 0.861829 0.529321 0.837552 0.521605
0 0.875775 0.574460 0.873192 0.589120 0.856405 0.579668
0 0.795196 0.604167 0.786415 0.586806 0.769111 0.616127
0 0.925362 0.486883 0.919163 0.478395 0.912191 0.496528
0 0.934143 0.516590 0.925878 0.523148 0.918905 0.502507
0 0.917614 0.513117 0.925878 0.523148 0.910899 0.534529
0 0.931560 0.589120 0.923295 0.578318 0.915547 0.598572
0 0.925362 0.624614 0.924845 0.606096 0.901601 0.615355
0 0.750258 0.763503 0.753874 0.747299 0.731922 0.746142
0 0.804494 0.721836 0.813791 0.706404 0.793130 0.698688
0 0.715134 0.869213 0.719783 0.856096 0.736570 0.870370
0 0.926395 0.655478 0.925878 0.634259 0.898760 0.644869
0 0.934143 0.695602 0.922262 0.700231 0.927169 0.670524
0 0.930010 0.760417 0.933110 0.745756 0.913740 0.741899
0 0.931043 0.711806 0.919680 0.724923 0.914772 0.697917
0 0.937242 0.704861 0.934143 0.720293 0.914257 0.706404
0 0.920196 0.717978 0.910382 0.733410 0.904958 0.709105
0 0.918130 0.806713 0.903667 0.801312 0.910899 0.773148
0 0.921746 0.832176 0.909866 0.836806 0.909349 0.806328
0 0.939308 0.833719 0.930010 0.840664 0.927944 0.814815
0 0.895403 0.850694 0.906767 0.839892 0.892821 0.824074
0 0.849948 0.802855 0.859246 0.791281 0.865703 0.810571
0 0.861829 0.830633 0.856663 0.848380 0.838843 0.824846
0 0.852014 0.874614 0.847366 0.861497 0.867510 0.858024
0 0.830837 0.866898 0.844267 0.876929 0.842459 0.850694
0 0.820506 0.925540 0.813791 0.910108 0.831870 0.906250
0 0.711002 0.930170 0.703771 0.914738 0.730114 0.910108
0 0.933626 0.896219 0.920713 0.894676 0.926395 0.866127
0 0.927428 0.905478 0.914514 0.907022 0.917872 0.876929
0 0.917614 0.921682 0.906767 0.922454 0.908575 0.890818
0 0.903667 0.937114 0.912965 0.927855 0.903409 0.904321
0 0.893337 0.922454 0.898502 0.936343 0.905992 0.917439
0 0.886622 0.920910 0.897469 0.921682 0.892046 0.893904
0 0.872676 0.930170 0.881457 0.943287 0.886364 0.925926
0 0.879907 0.934028 0.891787 0.933256 0.881973 0.905864
0 0.866477 0.947917 0.852014 0.937114 0.865702 0.918596
0 0.825155 0.945602 0.814824 0.933256 0.836002 0.922068
0 0.782283 0.947917 0.774535 0.933256 0.794163 0.929013
0 0.728564 0.948688 0.723915 0.937886 0.744835 0.934028
0 0.714101 0.944059 0.700155 0.936343 0.726756 0.919368
0 0.715651 0.953318 0.701188 0.950231 0.708419 0.918982
0 0.670196 0.955633 0.663998 0.944059 0.683110 0.934028
0 0.653667 0.947145 0.650568 0.926312 0.672004 0.936729
0 0.647986 0.952546 0.638688 0.940972 0.650568 0.926311
0 0.641787 0.957948 0.631973 0.945602 0.645919 0.924383
0 0.592717 0.961806 0.583936 0.953318 0.599174 0.934028
0 0.579287 0.960262 0.571539 0.947917 0.590909 0.936342
0 0.576188 0.917824 0.574638 0.900849 0.595557 0.909336
0 0.562242 0.917052 0.557593 0.901620 0.575672 0.896991
0 0.558110 0.961806 0.552944 0.946373 0.576188 0.938272
0 0.538481 0.960262 0.532283 0.945602 0.558626 0.944058
0 0.532283 0.966435 0.520919 0.957176 0.536674 0.937886
0 0.518337 0.966435 0.509039 0.951775 0.527892 0.941358
0 0.513171 0.967207 0.505424 0.952546 0.525052 0.937500
0 0.506973 0.967207 0.497676 0.961034 0.507748 0.940586
0 0.464618 0.964892 0.456870 0.955633 0.471591 0.936728
0 0.450671 0.966435 0.457903 0.959491 0.446539 0.939429
0 0.438791 0.957176 0.445506 0.971836 0.457386 0.949846
0 0.494060 0.961034 0.482696 0.954090 0.495351 0.929398
0 0.487345 0.969522 0.474432 0.955633 0.493027 0.940201
0 0.071798 0.770448 0.067407 0.786651 0.092458 0.783179
0 0.057593 0.788194 0.068957 0.797454 0.066762 0.775077
0 0.061467 0.798225 0.070764 0.779707 0.076317 0.805170
0 0.061467 0.853009 0.074380 0.862269 0.073863 0.826775
0 0.069990 0.880015 0.081095 0.884645 0.079287 0.855324
0 0.108729 0.907022 0.115702 0.913966 0.126291 0.888503
0 0.128616 0.956404 0.137655 0.953318 0.130165 0.932484
0 0.137138 0.941744 0.137655 0.953318 0.159349 0.945602
0 0.151601 0.970293 0.137138 0.972608 0.144370 0.946759
0 0.143853 0.965664 0.129907 0.961034 0.136622 0.936728
0 0.113120 0.937114 0.126808 0.932485 0.114153 0.904707
0 0.107955 0.952546 0.119576 0.946373 0.111828 0.920138
0 0.116994 0.957176 0.128616 0.956404 0.122805 0.934414
0 0.083419 0.936343 0.069215 0.935571 0.084582 0.899692
0 0.066374 0.946373 0.072572 0.927083 0.092717 0.944830
0 0.067407 0.934028 0.071539 0.919367 0.091942 0.926697
0 0.064824 0.913966 0.065599 0.925540 0.087552 0.913966
0 0.063791 0.890818 0.065341 0.907793 0.091038 0.898919
