0 0.529184 0.242284 0.522211 0.231867 0.534736 0.221450
0 0.594525 0.146605 0.599432 0.134259 0.580837 0.135995
0 0.687242 0.194059 0.697056 0.194059 0.692149 0.220101
0 0.670713 0.147762 0.681560 0.145833 0.676137 0.125000
0 0.690083 0.102238 0.695248 0.089892 0.708032 0.109182
0 0.726240 0.108025 0.718233 0.113812 0.715135 0.088927
0 0.728822 0.125772 0.737087 0.120756 0.728694 0.103974
0 0.719008 0.183256 0.710744 0.172840 0.723012 0.163195
0 0.706095 0.195988 0.699122 0.183642 0.712035 0.172261
0 0.698347 0.189043 0.690599 0.177469 0.704416 0.167824
0 0.691890 0.135031 0.690083 0.150463 0.708807 0.144290
0 0.694473 0.164352 0.690083 0.150463 0.704933 0.142940
0 0.739669 0.156636 0.749483 0.163966 0.749096 0.143711
0 0.759814 0.092978 0.764205 0.108025 0.747676 0.112269
0 0.774535 0.090664 0.779184 0.102238 0.764592 0.109183
0 0.741736 0.180556 0.749225 0.171682 0.755165 0.195409
0 0.757231 0.177855 0.758264 0.157407 0.736958 0.167631
0 0.796488 0.198688 0.803461 0.194059 0.803978 0.211806
0 0.811467 0.150463 0.817665 0.140046 0.827480 0.163195
0 0.844267 0.170139 0.832128 0.170139 0.838197 0.146412
0 0.832128 0.116127 0.838326 0.105324 0.845042 0.123649
0 0.880424 0.133102 0.873967 0.120756 0.863895 0.137153
0 0.861829 0.152392 0.850723 0.157407 0.858083 0.178626
0 0.855372 0.224151 0.844267 0.219136 0.849819 0.201389
0 0.849948 0.241127 0.839618 0.240355 0.844783 0.272184
0 0.862862 0.237654 0.866219 0.225694 0.847236 0.229938
0 0.868802 0.243441 0.877066 0.237269 0.867123 0.220100
0 0.853306 0.243441 0.863120 0.243056 0.858213 0.269290
0 0.882231 0.248843 0.877066 0.237269 0.868414 0.257524
0 0.880940 0.262731 0.875775 0.256944 0.871642 0.273726
0 0.876033 0.306713 0.866994 0.312500 0.863120 0.293210
0 0.821539 0.074460 0.831353 0.075617 0.824639 0.105324
0 0.846333 0.114198 0.855372 0.111111 0.850853 0.091821
0 0.856405 0.081019 0.865702 0.080247 0.861571 0.105324
0 0.870868 0.098380 0.877324 0.089892 0.870738 0.082176
0 0.838326 0.039738 0.833936 0.055170 0.850982 0.053241
0 0.841684 0.025077 0.829545 0.025077 0.835614 0.055556
0 0.815341 0.053241 0.812500 0.042438 0.801395 0.052276
0 0.809401 0.038580 0.811983 0.050154 0.797133 0.047260
0 0.826963 0.033951 0.822314 0.018519 0.807464 0.032987
0 0.755682 0.027392 0.755940 0.014660 0.770015 0.022955
0 0.744060 0.048611 0.748709 0.033179 0.764850 0.047647
0 0.745610 0.018519 0.754390 0.025077 0.743414 0.044561
0 0.727531 0.036651 0.724690 0.024306 0.738636 0.027971
0 0.704287 0.033179 0.713068 0.022377 0.719654 0.044946
0 0.736312 0.007716 0.740961 0.017361 0.727661 0.021219
0 0.706612 0.006944 0.712552 0.017747 0.694860 0.024691
0 0.664773 0.017747 0.651343 0.011574 0.658058 0.043981
0 0.634298 0.039738 0.640754 0.031250 0.648632 0.051890
0 0.621384 0.067515 0.631715 0.067515 0.626550 0.090664
0 0.600207 0.091821 0.607955 0.081404 0.597624 0.071567
0 0.540806 0.079475 0.539514 0.060957 0.557593 0.070216
0 0.637655 0.015818 0.640754 0.031250 0.623063 0.033179
0 0.602789 0.039738 0.598140 0.025463 0.584711 0.042824
0 0.585227 0.011960 0.588068 0.027006 0.568957 0.026814
0 0.631715 0.011574 0.622676 0.005787 0.618285 0.032407
0 0.620351 0.003086 0.629132 0.021219 0.611828 0.019869
0 0.687242 0.490355 0.693182 0.478781 0.677686 0.467592
0 0.656508 0.572917 0.660124 0.586806 0.645015 0.586034
0 0.837035 0.565201 0.846333 0.561728 0.841684 0.585262
0 0.883523 0.585648 0.889979 0.576775 0.877711 0.560185
0 0.842200 0.504630 0.833936 0.496142 0.844654 0.482446
0 0.878357 0.432485 0.867510 0.426312 0.866736 0.451003
0 0.862345 0.423611 0.873450 0.431327 0.869060 0.398148
0 0.883523 0.411265 0.884298 0.398534 0.867123 0.404899
0 0.833161 0.343750 0.844267 0.340664 0.839618 0.369020
0 0.879132 0.345679 0.872676 0.334877 0.864928 0.355131
0 0.601498 0.700617 0.605888 0.689815 0.586906 0.686149
0 0.561467 0.786265 0.556818 0.773534 0.572701 0.769483
0 0.522211 0.596451 0.529959 0.586420 0.534995 0.605324
0 0.545455 0.885417 0.549845 0.872299 0.533962 0.875000
0 0.582903 0.885802 0.585486 0.871914 0.562758 0.873649
0 0.593750 0.878086 0.586002 0.888503 0.578254 0.868248
0 0.655733 0.883873 0.662707 0.869985 0.643983 0.863040
0 0.704804 0.766204 0.713326 0.761188 0.709065 0.780478
0 0.737087 0.769676 0.744835 0.770833 0.740961 0.786072
0 0.784866 0.842207 0.786932 0.856867 0.765883 0.851274
0 0.799070 0.837577 0.805010 0.850694 0.788223 0.856675
0 0.823605 0.809414 0.831870 0.816358 0.821539 0.838928
0 0.827996 0.802855 0.838326 0.802855 0.833161 0.833527
0 0.870093 0.869213 0.871901 0.853009 0.849948 0.861111
0 0.790289 0.689815 0.784091 0.676312 0.803461 0.671682
0 0.801653 0.705633 0.795455 0.695988 0.787190 0.711227
0 0.808884 0.738812 0.816632 0.728395 0.806818 0.725309
0 0.864669 0.661651 0.854339 0.658951 0.858471 0.687500
0 0.870868 0.737654 0.883264 0.739198 0.877066 0.712578
0 0.867769 0.795910 0.876033 0.800540 0.875517 0.776042
0 0.853306 0.796682 0.859504 0.806713 0.865186 0.785494
0 0.889463 0.842978 0.879649 0.841435 0.884556 0.815393
0 0.876033 0.846065 0.874483 0.857639 0.858471 0.844136
0 0.875517 0.826775 0.872934 0.841435 0.855114 0.832176
0 0.880165 0.846836 0.866736 0.841435 0.873450 0.817322
0 0.842975 0.791281 0.838326 0.802855 0.856405 0.806327
0 0.504132 0.899306 0.505682 0.884645 0.488895 0.889660
0 0.481405 0.891590 0.471074 0.885417 0.481405 0.867670
0 0.498450 0.821373 0.496901 0.843750 0.474174 0.832561
0 0.450413 0.896219 0.456612 0.881559 0.433885 0.876543
0 0.455062 0.799769 0.457128 0.782022 0.427944 0.788002
0 0.436983 0.757330 0.430785 0.744985 0.421229 0.761189
0 0.455062 0.694059 0.455579 0.680941 0.442666 0.687500
0 0.399277 0.716435 0.404959 0.701003 0.385589 0.701774
0 0.356405 0.697145 0.366219 0.701775 0.360021 0.728395
0 0.358988 0.750386 0.360021 0.731867 0.380682 0.741127
0 0.373967 0.763503 0.383264 0.756559 0.383006 0.783951
0 0.351756 0.825231 0.351756 0.839120 0.370868 0.832175
0 0.331095 0.835262 0.331353 0.849923 0.355113 0.842592
0 0.374483 0.798997 0.369835 0.784336 0.357179 0.800540
0 0.362603 0.765818 0.370868 0.781250 0.350465 0.787809
0 0.321798 0.802083 0.330062 0.809799 0.317149 0.819059
0 0.313533 0.835262 0.310950 0.815972 0.335485 0.825617
0 0.309401 0.808256 0.317665 0.805941 0.313275 0.790509
0 0.301136 0.822145 0.302686 0.806713 0.286416 0.814429
0 0.345558 0.771219 0.333678 0.765818 0.331611 0.785880
0 0.286157 0.768904 0.286157 0.749614 0.306044 0.759259
0 0.290289 0.793596 0.288223 0.775077 0.270273 0.784336
0 0.304752 0.744213 0.310950 0.731867 0.297262 0.721836
0 0.345558 0.900077 0.341684 0.882330 0.361183 0.883487
0 0.360537 0.893904 0.351756 0.898534 0.342975 0.873457
0 0.289773 0.889275 0.289256 0.869985 0.311725 0.879630
0 0.280992 0.886960 0.284091 0.866898 0.264979 0.876929
0 0.260589 0.858410 0.261880 0.843750 0.281896 0.851080
0 0.209711 0.886188 0.225723 0.886960 0.217717 0.853009
0 0.175103 0.892361 0.186467 0.891590 0.180785 0.862654
0 0.198347 0.903935 0.206612 0.888503 0.189050 0.881173
0 0.192149 0.862269 0.203512 0.859182 0.197830 0.836806
0 0.201963 0.811343 0.198864 0.792824 0.183626 0.804013
0 0.168388 0.875386 0.158316 0.880015 0.161415 0.855324
0 0.149277 0.889275 0.141012 0.876157 0.156508 0.862268
0 0.166064 0.832176 0.155475 0.840664 0.159995 0.818673
0 0.150568 0.833719 0.141012 0.832176 0.145790 0.808642
0 0.129907 0.841435 0.141012 0.832176 0.126033 0.814043
0 0.135072 0.871528 0.144112 0.861497 0.131198 0.847222
0 0.132490 0.893133 0.119318 0.896991 0.124096 0.868055
0 0.231921 0.793596 0.226756 0.778935 0.219783 0.790895
0 0.225723 0.769676 0.221074 0.757330 0.210744 0.773534
0 0.218492 0.746528 0.225207 0.756559 0.208161 0.763503
0 0.238636 0.775849 0.232955 0.761960 0.222108 0.777006
0 0.156508 0.784336 0.153151 0.766590 0.174457 0.775463
0 0.163481 0.805170 0.152893 0.792052 0.171230 0.778936
0 0.146178 0.768133 0.151343 0.782022 0.164515 0.762732
0 0.137655 0.760417 0.146178 0.768133 0.150439 0.744213
0 0.124483 0.762731 0.137397 0.765046 0.133006 0.743441
0 0.119318 0.711806 0.119576 0.725694 0.136880 0.718750
0 0.113636 0.746528 0.107955 0.733410 0.123450 0.728395
0 0.146694 0.704861 0.134298 0.704861 0.140496 0.677083
0 0.134814 0.618441 0.145403 0.616127 0.142303 0.655478
0 0.396178 0.644676 0.396694 0.626929 0.375775 0.633102
0 0.354855 0.673997 0.350723 0.659336 0.336002 0.672068
0 0.356921 0.656250 0.349690 0.669367 0.340392 0.640818
0 0.343492 0.631559 0.337293 0.614583 0.357696 0.614583
0 0.370351 0.574460 0.366736 0.592978 0.352272 0.583719
0 0.321798 0.588735 0.309917 0.590664 0.315858 0.615163
0 0.307851 0.606867 0.299070 0.592207 0.291581 0.611111
0 0.276860 0.644676 0.278409 0.629244 0.264076 0.636960
0 0.300103 0.632330 0.289256 0.640046 0.298554 0.658950
0 0.292872 0.677083 0.283058 0.668596 0.279184 0.691358
0 0.273244 0.677855 0.283058 0.668596 0.267691 0.655479
0 0.286674 0.645448 0.287190 0.663966 0.268078 0.654707
0 0.260072 0.663194 0.249483 0.655478 0.247547 0.678627
0 0.247676 0.704090 0.244576 0.717978 0.236441 0.711034
0 0.243285 0.709491 0.238636 0.701003 0.233212 0.723380
0 0.258781 0.730324 0.254132 0.738040 0.240186 0.725695
0 0.248967 0.765818 0.246384 0.751929 0.231663 0.758873
0 0.263946 0.745756 0.254132 0.738040 0.249484 0.750772
0 0.261364 0.731867 0.257231 0.744985 0.240961 0.731868
0 0.198864 0.738812 0.210744 0.741127 0.204804 0.719522
0 0.207645 0.754244 0.216426 0.746528 0.204545 0.736497
0 0.164773 0.714120 0.176653 0.704090 0.180527 0.729167
0 0.192665 0.716435 0.180269 0.717978 0.186467 0.690586
0 0.223140 0.686343 0.225207 0.707948 0.206612 0.697145
0 0.211260 0.677855 0.206095 0.662423 0.195506 0.675154
0 0.233471 0.676312 0.236570 0.660880 0.217975 0.665123
0 0.241994 0.647762 0.236570 0.660880 0.229727 0.649306
0 0.223140 0.624614 0.213326 0.613812 0.208935 0.632716
0 0.175103 0.661651 0.162707 0.663194 0.168388 0.635802
0 0.172521 0.630015 0.168388 0.614583 0.183884 0.613811
0 0.192665 0.592978 0.201446 0.582176 0.209194 0.602623
0 0.187500 0.583719 0.195248 0.574460 0.207128 0.591435
0 0.167872 0.597608 0.159607 0.587577 0.158316 0.604553
0 0.180269 0.576389 0.166064 0.575231 0.173167 0.597994
0 0.132490 0.609954 0.146694 0.609182 0.139592 0.587577
0 0.320764 0.572917 0.323864 0.561343 0.312500 0.558642
0 0.243802 0.562114 0.241736 0.548225 0.226240 0.555169
0 0.193698 0.550540 0.184917 0.538194 0.178590 0.555555
0 0.412707 0.511960 0.402376 0.508488 0.402635 0.532022
0 0.380165 0.527778 0.374483 0.513117 0.363378 0.529707
0 0.451963 0.473765 0.449897 0.457562 0.430268 0.469522
0 0.365702 0.425540 0.362603 0.408179 0.346333 0.418982
0 0.292355 0.461420 0.300620 0.450617 0.307593 0.474537
0 0.295455 0.485340 0.305269 0.494599 0.291839 0.506559
0 0.274277 0.510802 0.282541 0.503086 0.274018 0.492283
0 0.259298 0.487269 0.248967 0.486111 0.254132 0.468750
0 0.258781 0.519290 0.264463 0.511960 0.251808 0.501929
0 0.273244 0.516975 0.258781 0.519290 0.263042 0.501929
0 0.242510 0.510802 0.228822 0.516204 0.230501 0.494213
0 0.262655 0.548225 0.253616 0.556713 0.247805 0.537616
0 0.232438 0.538580 0.228306 0.523920 0.217717 0.534915
0 0.207128 0.516204 0.204545 0.533951 0.189050 0.524691
0 0.487603 0.312500 0.481921 0.307870 0.488119 0.294753
0 0.447314 0.315586 0.454545 0.325617 0.442148 0.334877
0 0.446798 0.236883 0.458161 0.233025 0.450413 0.216821
0 0.444731 0.176698 0.444731 0.192901 0.428977 0.184800
0 0.415806 0.205247 0.403926 0.210648 0.410899 0.236111
0 0.402376 0.229167 0.407025 0.245370 0.387139 0.246528
0 0.387397 0.280093 0.384298 0.261574 0.364153 0.271991
0 0.359504 0.341049 0.371901 0.341049 0.365702 0.313657
0 0.334711 0.334105 0.345558 0.334105 0.340135 0.312886
0 0.327996 0.302469 0.330579 0.316358 0.313792 0.315972
0 0.316632 0.275463 0.306302 0.273920 0.310951 0.295910
0 0.318182 0.261574 0.316632 0.245370 0.334711 0.251543
0 0.295971 0.270062 0.309401 0.277006 0.305268 0.252700
0 0.299845 0.295525 0.302169 0.278549 0.282283 0.286652
0 0.263171 0.340278 0.277893 0.350309 0.279829 0.324846
0 0.315083 0.371142 0.319215 0.356481 0.302686 0.357639
0 0.291839 0.362654 0.291839 0.347994 0.278668 0.355324
0 0.278409 0.363426 0.289256 0.361883 0.283833 0.381752
0 0.308884 0.393519 0.306818 0.411265 0.291581 0.402392
0 0.279442 0.396605 0.269112 0.408951 0.268466 0.389275
0 0.263946 0.356481 0.257490 0.369599 0.251679 0.358410
0 0.391012 0.155864 0.380165 0.148148 0.376549 0.175926
0 0.409607 0.119985 0.410640 0.135802 0.393336 0.129244
0 0.507748 0.128858 0.505165 0.143519 0.489669 0.136188
0 0.480888 0.082948 0.469008 0.083719 0.474948 0.107832
0 0.475723 0.064429 0.465909 0.062886 0.470042 0.083334
0 0.453512 0.114969 0.442665 0.118056 0.446798 0.096258
0 0.423037 0.092978 0.425620 0.110340 0.406250 0.101659
0 0.376550 0.121914 0.370868 0.109568 0.386880 0.107446
0 0.336260 0.091435 0.347107 0.082176 0.354855 0.105903
0 0.324380 0.148920 0.324897 0.127315 0.348140 0.138118
0 0.349690 0.179784 0.344008 0.190586 0.336002 0.176312
0 0.304752 0.194444 0.304236 0.176698 0.323605 0.185571
0 0.303202 0.214506 0.290806 0.215278 0.297004 0.189044
0 0.275310 0.234568 0.272727 0.216821 0.291064 0.225695
0 0.277893 0.178241 0.271694 0.165123 0.262138 0.183642
0 0.286157 0.160494 0.286157 0.175926 0.267820 0.168210
0 0.273760 0.097608 0.284091 0.095293 0.283574 0.120177
0 0.267562 0.270833 0.263171 0.256173 0.280863 0.257716
0 0.254649 0.266204 0.256198 0.266975 0.258910 0.242284
0 0.246384 0.267747 0.254132 0.280864 0.237862 0.288388
0 0.492769 0.014275 0.480888 0.017361 0.490444 0.045525
0 0.509298 0.079861 0.500000 0.090664 0.494576 0.067902
0 0.477789 0.051698 0.478306 0.035880 0.459195 0.043789
0 0.463326 0.014275 0.469525 0.000000 0.475206 0.012538
0 0.458161 0.020448 0.455579 0.007330 0.444732 0.016203
0 0.446798 0.005787 0.440599 0.001157 0.429236 0.014660
0 0.415806 0.016590 0.427686 0.008488 0.431818 0.033758
0 0.457128 0.075231 0.457128 0.056713 0.438017 0.065972
0 0.397211 0.089506 0.405217 0.098765 0.414515 0.085455
0 0.394112 0.085262 0.398502 0.096836 0.409608 0.076774
0 0.406508 0.064815 0.405992 0.083333 0.385589 0.074074
0 0.363120 0.099923 0.359504 0.086034 0.374742 0.084491
0 0.403409 0.052855 0.399793 0.035880 0.384039 0.049769
0 0.371384 0.017361 0.364153 0.005787 0.356663 0.020061
0 0.313533 0.022762 0.304752 0.035880 0.322831 0.052083
0 0.325413 0.093750 0.329029 0.074074 0.309142 0.078704
0 0.318182 0.108025 0.321798 0.091435 0.303461 0.094715
0 0.300103 0.018133 0.306302 0.032022 0.291323 0.038966
0 0.275310 0.007330 0.280475 0.018133 0.261234 0.027777
0 0.292355 0.011188 0.283058 0.001157 0.277118 0.023148
0 0.269628 0.059799 0.260072 0.054398 0.261622 0.071952
0 0.239411 0.092593 0.254132 0.093750 0.246772 0.123457
0 0.250258 0.087577 0.239411 0.092593 0.244835 0.061535
0 0.244576 0.082948 0.239411 0.092593 0.221203 0.084298
0 0.234504 0.110340 0.228822 0.097608 0.220558 0.116705
0 0.238120 0.148920 0.226240 0.149691 0.232180 0.177855
0 0.219008 0.172840 0.225207 0.158951 0.212035 0.155865
0 0.194215 0.153549 0.198864 0.166667 0.211777 0.151234
0 0.188533 0.167438 0.202479 0.168981 0.194215 0.199846
0 0.174070 0.233025 0.169938 0.217593 0.186725 0.214120
0 0.201963 0.233025 0.207645 0.217593 0.221978 0.226081
0 0.198347 0.260802 0.186983 0.249228 0.203254 0.230324
0 0.217975 0.239198 0.224690 0.248071 0.213068 0.254244
0 0.235021 0.256944 0.229855 0.245370 0.219008 0.264661
0 0.231405 0.269290 0.221074 0.264660 0.220299 0.286651
0 0.190599 0.313272 0.200930 0.299769 0.180527 0.285880
0 0.192149 0.283951 0.202479 0.272762 0.185950 0.259838
0 0.202479 0.115741 0.196281 0.100694 0.187758 0.116705
0 0.172521 0.209105 0.158058 0.202160 0.170713 0.174768
0 0.214876 0.029707 0.204029 0.029707 0.209452 0.052855
0 0.202996 0.013503 0.191632 0.014660 0.197314 0.043596
0 0.179236 0.011188 0.182335 0.023534 0.163740 0.023148
0 0.190083 0.031250 0.185950 0.015818 0.173812 0.030478
0 0.174587 0.056713 0.171488 0.038966 0.158703 0.056327
0 0.186983 0.046682 0.174070 0.046682 0.180527 0.076967
0 0.157541 0.136574 0.147986 0.121914 0.160253 0.116126
0 0.153151 0.138117 0.139979 0.131173 0.144499 0.160494
0 0.134814 0.148920 0.123967 0.147377 0.129390 0.130402
0 0.170455 0.067515 0.175103 0.085262 0.158962 0.081597
0 0.127324 0.064815 0.137655 0.064429 0.135460 0.086999
0 0.146178 0.054398 0.132490 0.059028 0.139334 0.080825
0 0.111829 0.111883 0.105372 0.100694 0.118543 0.094329
0 0.254132 0.415123 0.261622 0.421296 0.251679 0.434414
0 0.237603 0.439043 0.243802 0.426698 0.233729 0.427855
0 0.214876 0.414352 0.223657 0.416667 0.219267 0.391590
0 0.239411 0.337963 0.234504 0.351080 0.221720 0.339120
0 0.197314 0.393519 0.201963 0.385031 0.189825 0.374615
0 0.173554 0.389660 0.185434 0.397377 0.182852 0.368827
0 0.160640 0.392747 0.174587 0.392747 0.167613 0.420139
0 0.165806 0.340278 0.176136 0.346451 0.166839 0.364969
0 0.142045 0.392747 0.152376 0.392747 0.147211 0.366127
0 0.121901 0.412037 0.132490 0.410108 0.127582 0.436921
0 0.147986 0.451003 0.142045 0.434799 0.154700 0.434992
0 0.194731 0.412809 0.184917 0.407793 0.184400 0.429591
0 0.199380 0.454475 0.198347 0.440972 0.186725 0.447723
0 0.208678 0.445988 0.199897 0.437500 0.200672 0.463927
0 0.211260 0.404321 0.210744 0.404321 0.197055 0.421103
0 0.213843 0.465664 0.223140 0.461420 0.213585 0.441165
0 0.205062 0.490741 0.213843 0.494213 0.211518 0.476273
0 0.237603 0.472222 0.238636 0.459877 0.226239 0.466050
0 0.244318 0.476080 0.249483 0.459105 0.232696 0.461612
0 0.182335 0.508873 0.189050 0.500772 0.178719 0.492476
0 0.175620 0.506559 0.166064 0.501543 0.173167 0.481868
0 0.161674 0.525463 0.147986 0.521605 0.158187 0.500772
0 0.159607 0.488040 0.164256 0.506944 0.145661 0.500386
0 0.131198 0.547068 0.141529 0.547840 0.136363 0.519290
0 0.155733 0.569444 0.160640 0.554784 0.144369 0.548418
0 0.111829 0.537423 0.121384 0.533565 0.118156 0.561342
0 0.112603 0.494599 0.113636 0.484182 0.132232 0.489391
0 0.110537 0.474151 0.111829 0.489198 0.128615 0.478009
0 0.106405 0.507716 0.097882 0.490355 0.117123 0.487268
0 0.093750 0.498843 0.106405 0.507716 0.106276 0.478781
0 0.070506 0.488040 0.067665 0.474537 0.083678 0.478009
0 0.058884 0.463349 0.065083 0.478009 0.078383 0.455825
0 0.083161 0.430941 0.068698 0.426698 0.075929 0.399498
0 0.084969 0.365741 0.086002 0.364583 0.100594 0.380980
0 0.105372 0.351852 0.111829 0.362654 0.122417 0.348765
0 0.114411 0.379630 0.107438 0.366512 0.123708 0.358797
0 0.156508 0.334105 0.167872 0.330247 0.162190 0.310957
0 0.145145 0.329475 0.131715 0.324074 0.141529 0.304784
0 0.143595 0.284722 0.151343 0.298611 0.131457 0.306713
0 0.126033 0.275463 0.127324 0.260031 0.146694 0.270062
0 0.113636 0.314043 0.104081 0.310957 0.108858 0.293210
0 0.066116 0.547068 0.062500 0.532407 0.081095 0.533179
0 0.072056 0.634645 0.070248 0.649306 0.087552 0.643518
0 0.064050 0.627701 0.058884 0.636960 0.076317 0.641976
0 0.070506 0.604552 0.066116 0.613040 0.091426 0.622299
0 0.057335 0.609182 0.064308 0.596065 0.073735 0.619984
0 0.066890 0.590664 0.068698 0.603781 0.086648 0.596450
0 0.065083 0.577546 0.066890 0.590664 0.084582 0.577932
0 0.071281 0.553627 0.064308 0.562114 0.081612 0.576004
0 0.090134 0.668596 0.080837 0.674769 0.089876 0.684414
0 0.074638 0.701003 0.070248 0.684799 0.091425 0.681327
0 0.072831 0.771991 0.072831 0.757330 0.101369 0.764275
0 0.058368 0.782022 0.064308 0.767361 0.074122 0.778935
0 0.093492 0.752701 0.086002 0.747299 0.089747 0.736883
0 0.102789 0.704861 0.088326 0.707176 0.095558 0.731095
0 0.071798 0.754244 0.069215 0.743441 0.090393 0.733410
0 0.058884 0.738812 0.066890 0.727238 0.071151 0.755016
0 0.066116 0.717978 0.068698 0.735725 0.089876 0.726851
0 0.064308 0.694059 0.059917 0.707948 0.081999 0.719907
0 0.111312 0.857253 0.115186 0.872685 0.129649 0.858218
0 0.107438 0.898534 0.119318 0.896991 0.111700 0.872493
0 0.067407 0.825231 0.070506 0.836034 0.084452 0.821952
0 0.075155 0.844522 0.066116 0.844522 0.074767 0.819059
0 0.062242 0.828318 0.061467 0.845679 0.079933 0.836998
0 0.062758 0.863812 0.063791 0.861497 0.071152 0.845101
