0 0.451705 0.435957 0.447056 0.422454 0.463198 0.420717
0 0.519628 0.410880 0.527893 0.401620 0.514334 0.388311
0 0.532541 0.386960 0.540806 0.385802 0.536674 0.407600
0 0.660124 0.361883 0.662707 0.375386 0.645015 0.372107
0 0.475723 0.503858 0.485279 0.506559 0.480501 0.527006
0 0.388430 0.530864 0.384039 0.513503 0.405217 0.516782
0 0.409866 0.569444 0.412190 0.555556 0.429235 0.566166
0 0.351756 0.582948 0.352273 0.582948 0.370997 0.576967
0 0.324638 0.441744 0.332903 0.429398 0.341425 0.455439
0 0.338585 0.626157 0.342717 0.611497 0.357955 0.626543
0 0.500000 0.603781 0.487862 0.602238 0.493931 0.628666
0 0.509039 0.597222 0.517562 0.590664 0.508910 0.573109
0 0.545971 0.513503 0.535124 0.506559 0.532799 0.532215
0 0.540289 0.646219 0.550620 0.646219 0.545454 0.616320
0 0.564566 0.570988 0.575671 0.574846 0.570118 0.600502
0 0.629390 0.556713 0.631198 0.543210 0.615057 0.548418
0 0.582903 0.640818 0.584711 0.657022 0.605113 0.645062
0 0.646694 0.543210 0.646694 0.543210 0.645791 0.572724
0 0.670713 0.325231 0.674587 0.338735 0.655863 0.335262
0 0.718233 0.199074 0.709194 0.200617 0.713714 0.176698
0 0.822314 0.309028 0.830062 0.322145 0.814566 0.332948
0 0.891529 0.339506 0.889463 0.352238 0.870093 0.344136
0 0.724690 0.573302 0.728822 0.560571 0.710743 0.558256
0 0.692407 0.576003 0.697831 0.586806 0.682335 0.599151
0 0.701446 0.596065 0.690083 0.597994 0.695765 0.620756
0 0.772469 0.612654 0.767562 0.594136 0.749354 0.608604
0 0.866994 0.559414 0.861829 0.543981 0.844008 0.558063
0 0.864928 0.521991 0.860537 0.506559 0.843880 0.524305
0 0.902376 0.489969 0.889979 0.494985 0.896177 0.524884
0 0.830837 0.457176 0.828771 0.438272 0.850982 0.444252
0 0.906767 0.435185 0.917097 0.443673 0.911932 0.463156
0 0.938017 0.435957 0.947572 0.432099 0.940211 0.404321
0 0.930269 0.462963 0.941632 0.464120 0.935951 0.485726
0 0.942924 0.521991 0.950930 0.530864 0.938533 0.548032
0 0.952738 0.549769 0.943698 0.543981 0.944603 0.569637
0 0.930269 0.646605 0.921746 0.646219 0.925749 0.626351
0 0.869576 0.624228 0.866994 0.608796 0.885331 0.614005
0 0.859762 0.631944 0.858471 0.617284 0.838197 0.626158
0 0.854597 0.597222 0.861570 0.592593 0.858471 0.612847
0 0.779184 0.646219 0.784091 0.631944 0.795326 0.645833
0 0.763430 0.630787 0.770145 0.640818 0.754520 0.647377
0 0.709194 0.625000 0.697572 0.634645 0.709581 0.651042
0 0.881198 0.685185 0.891529 0.684028 0.886364 0.664737
0 0.936467 0.693673 0.943698 0.694830 0.940083 0.716821
0 0.865702 0.692515 0.865444 0.707176 0.847495 0.699846
0 0.866736 0.764275 0.855888 0.768133 0.860925 0.740548
0 0.884814 0.802855 0.891271 0.788966 0.874871 0.784529
0 0.903151 0.817901 0.917355 0.815972 0.907929 0.781250
0 0.932851 0.849923 0.928719 0.863426 0.910899 0.853202
0 0.877066 0.861497 0.886364 0.867284 0.889076 0.834105
0 0.889463 0.814429 0.888688 0.827546 0.870351 0.820987
0 0.861054 0.787423 0.861829 0.800926 0.844654 0.795139
0 0.828771 0.792052 0.824380 0.800926 0.815858 0.785880
0 0.806043 0.808256 0.795971 0.810185 0.801007 0.780864
0 0.800362 0.730324 0.803719 0.743056 0.785253 0.747107
0 0.793388 0.753472 0.799070 0.763117 0.783187 0.773341
0 0.770145 0.717593 0.770661 0.701389 0.787836 0.709491
0 0.733988 0.749614 0.731405 0.733025 0.751678 0.740934
0 0.722107 0.701389 0.710486 0.698688 0.712810 0.725116
0 0.699122 0.731096 0.701705 0.744985 0.684143 0.740355
0 0.707386 0.678241 0.697831 0.671296 0.696022 0.689622
0 0.704029 0.810571 0.701705 0.796682 0.720300 0.803241
0 0.848915 0.841049 0.852014 0.825617 0.834969 0.824267
0 0.856405 0.855710 0.848915 0.841049 0.867897 0.842207
0 0.858988 0.868056 0.862862 0.856481 0.845429 0.851659
0 0.826188 0.857639 0.818440 0.856481 0.822314 0.831597
0 0.837293 0.864198 0.844267 0.855710 0.827479 0.843171
0 0.813791 0.868056 0.815857 0.858796 0.800749 0.852623
0 0.827996 0.871914 0.830837 0.859568 0.813017 0.856096
0 0.799587 0.871142 0.802428 0.861497 0.788094 0.856096
0 0.804752 0.871142 0.810176 0.860340 0.792098 0.857639
0 0.776343 0.868441 0.777893 0.869985 0.763688 0.846836
0 0.749483 0.863426 0.753357 0.847994 0.734246 0.852237
0 0.759814 0.871914 0.766787 0.862269 0.750258 0.849730
0 0.717200 0.826775 0.709452 0.832562 0.703642 0.810764
0 0.706870 0.835648 0.708161 0.822145 0.686208 0.828896
0 0.709969 0.871142 0.699638 0.867284 0.704803 0.846643
0 0.689824 0.870370 0.699122 0.860340 0.682593 0.844329
0 0.648760 0.822917 0.646178 0.808642 0.662965 0.815201
0 0.690083 0.771991 0.690083 0.788966 0.669938 0.780478
0 0.678202 0.864198 0.682335 0.850694 0.663223 0.850309
0 0.666064 0.864198 0.657025 0.863426 0.661544 0.836227
0 0.650052 0.872299 0.657025 0.863426 0.641271 0.849923
0 0.621643 0.869985 0.610537 0.869985 0.616090 0.844907
0 0.604597 0.872299 0.612345 0.865355 0.595558 0.852045
0 0.592459 0.829475 0.588068 0.812114 0.608988 0.813079
0 0.613120 0.759259 0.615186 0.773534 0.595171 0.776234
0 0.627324 0.746914 0.633781 0.759259 0.615057 0.770062
0 0.598915 0.715664 0.605888 0.698302 0.617381 0.726466
0 0.604597 0.736111 0.608729 0.748843 0.591942 0.750193
0 0.755165 0.688657 0.764979 0.687886 0.760072 0.710070
0 0.595816 0.686728 0.603306 0.696373 0.588585 0.715278
0 0.550620 0.672454 0.552944 0.682870 0.536286 0.683449
0 0.531250 0.648148 0.536157 0.658179 0.521436 0.661265
0 0.501291 0.628086 0.512913 0.630787 0.506198 0.659336
0 0.493802 0.677469 0.492510 0.692901 0.477919 0.684607
0 0.466684 0.656250 0.471074 0.671682 0.450413 0.675540
0 0.469783 0.626157 0.474174 0.642747 0.457774 0.643518
0 0.379907 0.639660 0.389205 0.630015 0.390238 0.656057
0 0.509814 0.732253 0.508523 0.713735 0.489153 0.722994
0 0.514463 0.716049 0.512397 0.731481 0.531508 0.728009
0 0.520145 0.741898 0.521436 0.755401 0.501808 0.748649
0 0.531767 0.748457 0.534866 0.760417 0.518078 0.762925
0 0.462810 0.790895 0.458678 0.776620 0.482696 0.781250
0 0.491219 0.797068 0.497676 0.785108 0.482051 0.777585
0 0.494318 0.835648 0.493543 0.851080 0.477531 0.843364
0 0.511880 0.841435 0.518337 0.830633 0.501162 0.821952
0 0.529700 0.822917 0.534349 0.812114 0.519886 0.803241
0 0.536415 0.803627 0.536157 0.816358 0.555527 0.809993
0 0.562242 0.849151 0.565857 0.834491 0.547778 0.836034
0 0.551653 0.854938 0.558110 0.849923 0.545842 0.831211
0 0.532283 0.864198 0.522211 0.863426 0.527247 0.840278
0 0.542872 0.856867 0.536932 0.864583 0.526343 0.855710
0 0.530475 0.869213 0.531250 0.871914 0.514463 0.859182
0 0.550620 0.868441 0.557593 0.860725 0.547908 0.850887
0 0.543905 0.873843 0.550362 0.860340 0.534220 0.855132
0 0.552428 0.877701 0.545196 0.866512 0.565211 0.860532
0 0.392304 0.750772 0.397469 0.765046 0.412320 0.745756
0 0.413481 0.761960 0.413740 0.761574 0.431559 0.760417
0 0.438017 0.783179 0.431043 0.797840 0.416065 0.782407
0 0.376033 0.819059 0.372934 0.802855 0.396436 0.806134
0 0.400568 0.822145 0.405733 0.808642 0.387138 0.808063
0 0.378874 0.781636 0.377583 0.770062 0.363378 0.776814
0 0.360021 0.812500 0.372159 0.814043 0.366865 0.784143
0 0.343233 0.809414 0.347624 0.793981 0.330966 0.791474
0 0.419421 0.837577 0.427944 0.842978 0.429493 0.817901
0 0.452996 0.843364 0.454804 0.856481 0.438404 0.849923
0 0.459452 0.864198 0.449122 0.868441 0.447443 0.847222
0 0.435692 0.872299 0.428977 0.867284 0.438791 0.849151
0 0.466426 0.862269 0.463326 0.875772 0.447056 0.866127
0 0.416839 0.868441 0.427686 0.864583 0.418647 0.842207
0 0.377324 0.858796 0.377583 0.858410 0.392820 0.844136
0 0.357955 0.858796 0.369835 0.858410 0.363895 0.835455
0 0.340651 0.860340 0.349174 0.854552 0.338843 0.836420
0 0.318182 0.818287 0.310950 0.830633 0.301007 0.808449
0 0.310434 0.779321 0.309143 0.763117 0.328125 0.768905
0 0.332128 0.689043 0.337552 0.679398 0.349948 0.696566
0 0.324380 0.658951 0.326446 0.643519 0.340522 0.654707
0 0.324638 0.711034 0.332128 0.719907 0.343879 0.699074
0 0.318182 0.725694 0.323864 0.737269 0.307076 0.745370
0 0.275310 0.750386 0.285124 0.759259 0.288869 0.729359
0 0.260072 0.754630 0.254132 0.741898 0.270016 0.736304
0 0.221333 0.716821 0.222624 0.702160 0.239670 0.712770
0 0.282025 0.700231 0.283316 0.684799 0.263172 0.691744
0 0.277376 0.647377 0.276860 0.659722 0.261622 0.653550
0 0.267820 0.619599 0.276860 0.612654 0.281379 0.638117
0 0.241994 0.625000 0.245610 0.635031 0.256070 0.620564
0 0.226240 0.649306 0.222366 0.636960 0.236312 0.638696
0 0.282025 0.856867 0.288998 0.865355 0.298167 0.847415
0 0.307851 0.869985 0.300620 0.876157 0.293905 0.857831
0 0.286415 0.878086 0.294163 0.868056 0.278022 0.864005
0 0.268337 0.841435 0.256198 0.845293 0.258265 0.815779
0 0.241994 0.773534 0.245610 0.763117 0.256198 0.773148
0 0.253616 0.755401 0.243802 0.766975 0.235538 0.740547
0 0.211519 0.786265 0.209452 0.773534 0.226627 0.776620
0 0.212035 0.810571 0.209452 0.794753 0.227272 0.794175
0 0.188791 0.734954 0.189050 0.734954 0.206353 0.727238
0 0.193957 0.707948 0.191374 0.690972 0.213068 0.697917
0 0.254132 0.872299 0.260072 0.862269 0.242898 0.849537
0 0.239153 0.874228 0.235279 0.862269 0.252712 0.859182
0 0.232955 0.876157 0.243027 0.869213 0.229597 0.856674
0 0.222624 0.867284 0.227014 0.854938 0.207645 0.851466
0 0.205837 0.862654 0.216684 0.865355 0.211518 0.835456
0 0.178461 0.865355 0.185176 0.868441 0.181818 0.850116
0 0.193957 0.869213 0.185176 0.868441 0.189566 0.842785
0 0.190857 0.875772 0.198089 0.865355 0.184401 0.852816
0 0.146436 0.834491 0.156508 0.841049 0.157283 0.814236
0 0.153926 0.851852 0.161157 0.854552 0.161673 0.829090
0 0.165548 0.862269 0.174587 0.864583 0.170067 0.841435
0 0.166322 0.868056 0.177428 0.862654 0.171875 0.838735
0 0.189050 0.638889 0.180010 0.642361 0.180011 0.615355
0 0.192665 0.635802 0.186467 0.623071 0.198089 0.614969
0 0.166322 0.675154 0.173554 0.680941 0.176266 0.659915
0 0.157800 0.667824 0.153926 0.655864 0.169551 0.650848
0 0.157283 0.650077 0.154184 0.640818 0.165031 0.634645
0 0.150310 0.648534 0.149019 0.631173 0.167098 0.639854
0 0.148244 0.623457 0.149019 0.607639 0.166580 0.615548
0 0.161674 0.715664 0.155992 0.707176 0.170584 0.699846
0 0.155475 0.715664 0.162448 0.702546 0.170842 0.720293
0 0.147727 0.703318 0.153926 0.714892 0.164127 0.691165
0 0.179752 0.774691 0.179236 0.764275 0.197572 0.769483
0 0.177944 0.797068 0.172004 0.785108 0.191115 0.776620
0 0.161157 0.748457 0.156767 0.738040 0.172521 0.732061
0 0.148760 0.736883 0.152118 0.722608 0.169422 0.731868
0 0.152893 0.744985 0.157800 0.754244 0.166452 0.746142
0 0.153409 0.753472 0.158574 0.764275 0.176653 0.756559
0 0.170196 0.783179 0.164256 0.773920 0.178461 0.764082
0 0.155475 0.775463 0.158574 0.764275 0.172779 0.770062
0 0.153926 0.792052 0.153926 0.790895 0.175233 0.783950
0 0.142562 0.762346 0.147727 0.746914 0.155346 0.767168
0 0.270919 0.585648 0.269628 0.570988 0.290031 0.573495
0 0.257490 0.548997 0.263946 0.535494 0.277505 0.553820
0 0.293647 0.479552 0.303461 0.478395 0.301007 0.508294
0 0.298812 0.448688 0.298812 0.439815 0.310692 0.444252
0 0.258006 0.447917 0.247676 0.447531 0.252841 0.478588
0 0.192924 0.503472 0.196281 0.489198 0.212552 0.500772
0 0.187758 0.518904 0.199380 0.512346 0.197185 0.544561
0 0.186467 0.589506 0.185950 0.573302 0.206224 0.581404
0 0.156250 0.557870 0.150826 0.548997 0.165677 0.537616
0 0.156250 0.582948 0.149793 0.573302 0.159994 0.558642
0 0.144370 0.558642 0.149019 0.543981 0.161544 0.564429
0 0.445248 0.306713 0.454287 0.318287 0.440470 0.336805
0 0.411157 0.330247 0.415031 0.313657 0.396307 0.320023
0 0.233729 0.403549 0.244576 0.405478 0.239152 0.430555
0 0.154959 0.467978 0.155992 0.480324 0.172005 0.474151
0 0.152376 0.485340 0.154700 0.470679 0.172908 0.478009
0 0.152376 0.417824 0.155992 0.404321 0.172262 0.418210
0 0.156767 0.380401 0.158058 0.369599 0.175103 0.375000
0 0.150826 0.343750 0.159349 0.337577 0.158316 0.364776
0 0.420971 0.278935 0.410382 0.273920 0.415677 0.250964
0 0.388430 0.243056 0.385331 0.229938 0.403022 0.230517
0 0.371901 0.219136 0.378874 0.213349 0.382748 0.233990
0 0.352273 0.201003 0.349690 0.185571 0.367510 0.193287
0 0.437758 0.157407 0.437758 0.158179 0.438275 0.181520
0 0.446798 0.108025 0.452996 0.116127 0.440728 0.131751
0 0.501550 0.135417 0.495868 0.146605 0.482438 0.134645
0 0.466684 0.161265 0.470558 0.146991 0.484117 0.163195
0 0.416839 0.073302 0.410640 0.059799 0.400439 0.075231
0 0.376291 0.102238 0.380165 0.087191 0.359762 0.089699
0 0.345816 0.091821 0.340909 0.081019 0.329158 0.091821
0 0.306043 0.102238 0.306560 0.090664 0.292355 0.095101
0 0.438791 0.013889 0.436209 0.005015 0.422392 0.019869
0 0.452479 0.020448 0.446798 0.008873 0.434401 0.025270
0 0.501550 0.015432 0.495868 0.005015 0.482438 0.018519
0 0.282541 0.259645 0.278151 0.248843 0.290289 0.240741
0 0.248450 0.246914 0.238636 0.250000 0.247417 0.273534
0 0.208936 0.271991 0.202479 0.280093 0.215780 0.292824
0 0.196798 0.242284 0.186983 0.243441 0.192536 0.267361
0 0.182335 0.235725 0.172779 0.233410 0.176911 0.262539
0 0.155992 0.235340 0.150310 0.239583 0.155346 0.253858
0 0.150052 0.203704 0.156508 0.203704 0.153280 0.217592
0 0.157283 0.196759 0.153409 0.203704 0.160898 0.217206
0 0.168388 0.196759 0.176653 0.195216 0.172521 0.219715
0 0.190341 0.187500 0.180527 0.187500 0.184789 0.211612
0 0.197314 0.222994 0.205062 0.216435 0.208032 0.240933
0 0.213585 0.201775 0.223915 0.201775 0.219396 0.230131
0 0.226498 0.217207 0.236054 0.214506 0.234246 0.242477
0 0.292097 0.180556 0.293647 0.171682 0.282283 0.171296
0 0.200671 0.140818 0.207128 0.138889 0.203900 0.159143
0 0.222624 0.094522 0.232180 0.092978 0.227660 0.121334
0 0.240702 0.077160 0.250258 0.065972 0.256198 0.094329
0 0.188791 0.139275 0.181818 0.131173 0.192407 0.114970
0 0.177428 0.108025 0.185176 0.106096 0.183239 0.131366
0 0.149535 0.119985 0.153409 0.108025 0.167613 0.127315
0 0.175362 0.061728 0.166839 0.064043 0.171100 0.084104
0 0.162965 0.071759 0.155992 0.080247 0.162190 0.094715
0 0.160382 0.062114 0.153926 0.071759 0.163998 0.082176
0 0.153926 0.175926 0.153409 0.185571 0.169550 0.180749
0 0.149019 0.174769 0.147469 0.188272 0.163739 0.184414
0 0.158574 0.161265 0.152893 0.170910 0.166452 0.176119
0 0.151601 0.150849 0.151601 0.165895 0.169292 0.158372
0 0.323864 0.052083 0.316116 0.040509 0.310047 0.057870
0 0.296746 0.062886 0.296746 0.049383 0.317149 0.056135
0 0.327738 0.015432 0.334711 0.008102 0.344266 0.027778
0 0.320506 0.021605 0.314824 0.009645 0.300620 0.025077
0 0.241736 0.030093 0.245610 0.019290 0.258652 0.026235
0 0.261105 0.005787 0.268853 0.014660 0.252711 0.027199
0 0.241994 0.010802 0.249483 0.021605 0.236699 0.023727
0 0.166322 0.035108 0.173554 0.028935 0.175619 0.052276
0 0.176136 0.023534 0.185692 0.021605 0.181947 0.044560
0 0.194731 0.028935 0.203771 0.032022 0.198605 0.054977
0 0.201188 0.023148 0.208161 0.029321 0.196669 0.051698
0 0.191374 0.041667 0.197831 0.028164 0.211777 0.034916
0 0.207128 0.014660 0.209452 0.025077 0.193310 0.024884
0 0.212035 0.017747 0.201188 0.023148 0.213197 0.044753
