0 0.477789 0.327160 0.476756 0.316358 0.463326 0.321759
0 0.520145 0.315586 0.524793 0.304012 0.510072 0.298996
0 0.482955 0.287037 0.488120 0.273148 0.469008 0.272377
0 0.483988 0.246914 0.487087 0.263117 0.505682 0.248842
0 0.514463 0.222994 0.518595 0.206790 0.499742 0.207176
0 0.416322 0.216049 0.414773 0.195988 0.396178 0.206018
0 0.416322 0.182099 0.423037 0.170525 0.408832 0.159722
0 0.516529 0.113426 0.518079 0.125772 0.500000 0.119599
0 0.538740 0.151235 0.539256 0.165895 0.519628 0.158565
0 0.561983 0.112654 0.572314 0.121914 0.554752 0.143518
0 0.618802 0.170525 0.608988 0.182099 0.600465 0.154707
0 0.654959 0.104938 0.662190 0.112654 0.646436 0.127314
0 0.711777 0.132716 0.710227 0.147377 0.692924 0.140047
0 0.633781 0.277006 0.630682 0.263889 0.641012 0.263503
0 0.633781 0.292438 0.625000 0.289352 0.628099 0.306327
0 0.605888 0.348765 0.598140 0.337191 0.612603 0.333333
0 0.597624 0.351852 0.586777 0.347994 0.588068 0.377893
0 0.625517 0.348765 0.626033 0.336420 0.643078 0.342592
0 0.657541 0.337191 0.663223 0.350309 0.670454 0.331018
0 0.750000 0.366512 0.760331 0.374228 0.758781 0.348765
0 0.693182 0.287037 0.696281 0.272377 0.712035 0.284336
0 0.757748 0.233025 0.753099 0.219136 0.738636 0.233797
0 0.776860 0.263889 0.776860 0.280093 0.756973 0.271991
0 0.780475 0.246914 0.785124 0.230710 0.763688 0.228010
0 0.775310 0.152778 0.769628 0.138117 0.752841 0.159336
0 0.567665 0.068673 0.569215 0.051312 0.594525 0.060957
0 0.499483 0.062500 0.506715 0.048997 0.522469 0.064044
0 0.435950 0.076775 0.442665 0.061343 0.458678 0.079862
0 0.647727 0.052083 0.657025 0.060571 0.643595 0.081597
0 0.675103 0.059799 0.686983 0.056327 0.682076 0.086034
0 0.737603 0.089120 0.746901 0.099151 0.731922 0.115934
0 0.801653 0.048997 0.804752 0.063657 0.785124 0.059414
0 0.766529 0.196759 0.771694 0.185185 0.783575 0.207176
0 0.791839 0.194444 0.801653 0.202160 0.803719 0.180556
0 0.848657 0.160494 0.855888 0.146605 0.839876 0.135802
0 0.846591 0.071373 0.857955 0.069830 0.852273 0.097801
0 0.875517 0.064429 0.872934 0.051312 0.857955 0.058642
0 0.792872 0.260802 0.787190 0.248457 0.802944 0.242283
0 0.799070 0.312500 0.806818 0.300926 0.815341 0.323689
0 0.808368 0.364969 0.801653 0.341821 0.787965 0.353395
0 0.840393 0.322917 0.827479 0.324074 0.833936 0.292824
0 0.853822 0.305556 0.840909 0.302083 0.848915 0.273149
0 0.879132 0.331790 0.869318 0.341821 0.867768 0.316936
0 0.908574 0.092207 0.903926 0.103781 0.888429 0.088734
0 0.887913 0.141204 0.894628 0.131173 0.884556 0.120563
0 0.912190 0.144290 0.907541 0.153164 0.899277 0.133295
0 0.905992 0.163580 0.907541 0.153164 0.893336 0.158372
0 0.908058 0.195988 0.916322 0.184414 0.902892 0.172454
0 0.898244 0.206019 0.889979 0.211420 0.890238 0.190586
0 0.886880 0.216821 0.893079 0.206790 0.874483 0.200232
0 0.876550 0.221451 0.882748 0.233796 0.892304 0.214892
0 0.903409 0.224537 0.910640 0.230710 0.901342 0.248842
0 0.917872 0.226080 0.910124 0.238426 0.905992 0.217207
0 0.891012 0.256944 0.896694 0.245370 0.880424 0.236882
0 0.880165 0.382716 0.880165 0.365741 0.863378 0.374228
0 0.854339 0.428627 0.864669 0.423225 0.855630 0.401042
0 0.887397 0.397762 0.898760 0.398534 0.893078 0.373264
0 0.910640 0.393904 0.897211 0.385802 0.904700 0.365548
0 0.910640 0.330247 0.906508 0.346451 0.891787 0.334491
0 0.922004 0.348765 0.919421 0.363040 0.903151 0.350502
0 0.924587 0.379630 0.914256 0.393904 0.910124 0.371335
0 0.924587 0.323302 0.914773 0.337191 0.907800 0.314814
0 0.917355 0.293210 0.918905 0.309414 0.895145 0.301312
0 0.917872 0.266204 0.910640 0.275463 0.902892 0.253858
0 0.908058 0.291667 0.909091 0.277778 0.891529 0.276620
0 0.916322 0.273148 0.913740 0.287037 0.892562 0.276620
0 0.596591 0.545525 0.604339 0.533179 0.588585 0.522956
0 0.767562 0.601466 0.779442 0.604167 0.773502 0.573303
0 0.800620 0.475694 0.813533 0.469907 0.807076 0.503665
0 0.841426 0.493827 0.846591 0.483796 0.831095 0.477430
0 0.865702 0.475694 0.878616 0.478781 0.872159 0.446952
0 0.895145 0.515818 0.899793 0.505401 0.889204 0.497300
0 0.931302 0.522377 0.929236 0.504630 0.914773 0.513504
0 0.891529 0.544753 0.889463 0.566358 0.864153 0.555556
0 0.791839 0.570988 0.798037 0.578318 0.802686 0.560378
0 0.806818 0.604167 0.816116 0.613040 0.815599 0.589506
0 0.851240 0.696759 0.856405 0.681713 0.836777 0.675733
0 0.890496 0.627701 0.882231 0.611883 0.868802 0.635803
0 0.891529 0.597222 0.903926 0.597222 0.897728 0.565779
0 0.919938 0.675926 0.928202 0.667052 0.913481 0.645641
0 0.922004 0.714120 0.931302 0.704861 0.915806 0.681713
0 0.923554 0.441358 0.913740 0.444444 0.912448 0.421489
0 0.925620 0.448688 0.917872 0.454861 0.910899 0.429205
0 0.909607 0.468364 0.918905 0.459105 0.909091 0.441358
0 0.929752 0.462191 0.923037 0.472608 0.911157 0.446566
0 0.919938 0.498457 0.923554 0.484954 0.911932 0.475309
0 0.929236 0.494599 0.930269 0.480710 0.914257 0.484182
0 0.914256 0.730324 0.919421 0.721065 0.901860 0.707176
0 0.925103 0.716435 0.922521 0.729552 0.900052 0.722994
0 0.673554 0.731096 0.675103 0.749614 0.693440 0.740355
0 0.758264 0.755787 0.759814 0.771991 0.780733 0.763889
0 0.780475 0.792052 0.779959 0.806713 0.801136 0.799382
0 0.741219 0.819059 0.742252 0.836034 0.763172 0.827546
0 0.730372 0.876929 0.741736 0.871528 0.731147 0.846836
0 0.809917 0.870756 0.810434 0.883873 0.832128 0.877314
0 0.924587 0.785108 0.935950 0.779707 0.929752 0.760031
0 0.926653 0.824460 0.932335 0.808256 0.909866 0.804398
0 0.893079 0.890818 0.893079 0.890818 0.899019 0.866513
0 0.916839 0.873843 0.925103 0.866127 0.915289 0.853009
0 0.930269 0.906250 0.942665 0.900077 0.931302 0.876929
0 0.910124 0.896991 0.917872 0.900077 0.915290 0.882716
0 0.930269 0.921682 0.918388 0.923997 0.923554 0.898920
0 0.918388 0.933256 0.910124 0.926312 0.918647 0.907021
0 0.856405 0.934028 0.844525 0.936343 0.850465 0.911652
0 0.834711 0.946373 0.828512 0.929398 0.848140 0.925925
0 0.817665 0.934028 0.829029 0.942515 0.832128 0.915509
0 0.816116 0.909336 0.816632 0.890818 0.795454 0.900077
0 0.780992 0.947917 0.773760 0.933256 0.795713 0.930941
0 0.765496 0.926312 0.776343 0.938657 0.782542 0.908179
0 0.742769 0.913194 0.748967 0.927855 0.761105 0.906250
0 0.743802 0.934028 0.737087 0.944059 0.731922 0.917439
0 0.751033 0.936343 0.746901 0.951003 0.728564 0.938658
0 0.668905 0.957176 0.662707 0.939429 0.685434 0.939043
0 0.651343 0.957176 0.640496 0.951003 0.651343 0.928627
0 0.625517 0.944830 0.625517 0.944830 0.633523 0.923225
0 0.614153 0.954090 0.605888 0.944059 0.619318 0.929784
0 0.612087 0.898534 0.610537 0.881559 0.629649 0.890046
0 0.613636 0.870756 0.610537 0.890046 0.588326 0.878472
0 0.564050 0.954861 0.556302 0.937114 0.579546 0.931713
0 0.522727 0.961806 0.514979 0.947917 0.530217 0.937886
0 0.504132 0.948688 0.495868 0.934799 0.516271 0.925926
0 0.902376 0.933256 0.902376 0.920910 0.884556 0.923225
0 0.905475 0.930170 0.895145 0.924769 0.900826 0.898920
0 0.885331 0.927855 0.894628 0.930941 0.892304 0.904321
0 0.878616 0.934799 0.893079 0.936343 0.885847 0.900078
0 0.447831 0.506944 0.448347 0.491512 0.426782 0.499228
0 0.415289 0.537037 0.411674 0.520833 0.394370 0.537037
0 0.432335 0.595679 0.423554 0.587191 0.417355 0.612847
0 0.424070 0.634259 0.434917 0.627315 0.439566 0.653356
0 0.394628 0.700231 0.399277 0.681713 0.417872 0.695409
0 0.339876 0.781636 0.343492 0.766975 0.363120 0.783372
0 0.282541 0.692130 0.294421 0.685957 0.282799 0.666667
0 0.340909 0.559414 0.345558 0.543210 0.325930 0.545910
0 0.269112 0.557870 0.257231 0.544753 0.275826 0.526620
0 0.254132 0.482253 0.260589 0.472222 0.247030 0.464506
0 0.190599 0.446759 0.196798 0.433642 0.210744 0.456790
0 0.191632 0.543210 0.182851 0.533951 0.197314 0.521219
0 0.207645 0.651235 0.220041 0.652006 0.213843 0.684414
0 0.189050 0.764275 0.177169 0.760417 0.184400 0.732832
0 0.180269 0.665895 0.190599 0.677855 0.175362 0.698495
0 0.200930 0.792052 0.201963 0.774306 0.219137 0.788967
0 0.175620 0.787809 0.176136 0.774306 0.188533 0.781057
0 0.457128 0.826003 0.454545 0.810571 0.472623 0.817901
0 0.444215 0.871528 0.434917 0.864583 0.445506 0.845293
0 0.353822 0.858410 0.353822 0.840664 0.377583 0.849537
0 0.376033 0.815201 0.383781 0.800540 0.396178 0.830247
0 0.472624 0.932485 0.479855 0.921682 0.466167 0.912038
0 0.455579 0.951775 0.454029 0.934028 0.474948 0.942902
0 0.436467 0.958719 0.425103 0.955633 0.431302 0.932870
0 0.413223 0.958719 0.426653 0.959491 0.419938 0.927855
0 0.241736 0.861497 0.249483 0.849923 0.231147 0.835263
0 0.213326 0.873843 0.209194 0.853781 0.233600 0.860340
0 0.274793 0.919367 0.287190 0.922454 0.281767 0.887346
0 0.247676 0.950231 0.248967 0.930941 0.230113 0.940586
0 0.264463 0.969522 0.267562 0.954861 0.247159 0.959105
0 0.278926 0.965664 0.268079 0.964892 0.273502 0.942516
0 0.344267 0.906250 0.355372 0.905478 0.349820 0.881173
0 0.330062 0.928627 0.338843 0.923997 0.330837 0.899691
0 0.388946 0.941744 0.383264 0.926312 0.401601 0.922454
0 0.374483 0.966435 0.367252 0.956404 0.385847 0.948303
0 0.366736 0.961034 0.361570 0.951003 0.376807 0.944445
0 0.353822 0.951775 0.367252 0.951775 0.360537 0.928627
0 0.367769 0.937114 0.373967 0.943287 0.379907 0.916667
0 0.357955 0.942515 0.365186 0.947917 0.371643 0.923226
0 0.402376 0.954090 0.394628 0.967978 0.386363 0.953704
0 0.197314 0.963349 0.197572 0.960648 0.202996 0.935186
0 0.130682 0.714892 0.126033 0.697145 0.146436 0.698303
0 0.121901 0.747299 0.109246 0.742670 0.116607 0.719907
0 0.084969 0.714892 0.084969 0.695602 0.105501 0.705247
0 0.077996 0.748843 0.082128 0.734954 0.096075 0.743055
0 0.108988 0.690972 0.123967 0.685571 0.110795 0.658564
0 0.081612 0.683256 0.084969 0.695602 0.101886 0.680362
0 0.077996 0.674769 0.089360 0.682485 0.089618 0.654707
0 0.116219 0.762731 0.108471 0.764275 0.112345 0.783950
0 0.095300 0.788194 0.086002 0.774306 0.100852 0.766204
0 0.083419 0.755015 0.079545 0.771219 0.100852 0.771605
0 0.095041 0.846065 0.092459 0.830633 0.108601 0.833719
0 0.079545 0.787423 0.087293 0.778935 0.090393 0.804013
0 0.076446 0.820602 0.084711 0.805941 0.090650 0.834105
0 0.078254 0.866898 0.091167 0.869213 0.088972 0.832947
0 0.133264 0.869213 0.123967 0.859182 0.139721 0.841435
0 0.119576 0.873071 0.132490 0.873843 0.126033 0.844136
0 0.140238 0.921682 0.152893 0.929398 0.154442 0.902006
0 0.113120 0.902392 0.118285 0.884645 0.130940 0.900077
0 0.311725 0.955247 0.302686 0.956404 0.304881 0.927083
0 0.300878 0.965664 0.292872 0.960262 0.303590 0.939237
0 0.300878 0.950617 0.298037 0.959105 0.287319 0.942516
0 0.285382 0.960648 0.299070 0.964120 0.292226 0.935956
0 0.311209 0.960648 0.322056 0.954090 0.312371 0.925733
0 0.349174 0.960262 0.347624 0.959877 0.351498 0.932870
0 0.338326 0.959491 0.331095 0.952546 0.345042 0.930941
0 0.357438 0.957948 0.350465 0.967207 0.341554 0.947145
0 0.337552 0.967207 0.345300 0.954475 0.328900 0.944445
0 0.089101 0.907407 0.088326 0.905864 0.098398 0.879243
0 0.075413 0.905093 0.082645 0.911265 0.088068 0.881172
0 0.091684 0.912037 0.100981 0.918981 0.111700 0.895447
0 0.076963 0.911265 0.083678 0.924383 0.100723 0.900077
0 0.084452 0.909336 0.087810 0.923611 0.103048 0.916473
0 0.080320 0.923611 0.083936 0.935185 0.101885 0.925926
0 0.087035 0.945988 0.082645 0.935185 0.100982 0.933449
0 0.182851 0.938272 0.187242 0.943673 0.193182 0.921682
0 0.185176 0.962191 0.178461 0.952932 0.192278 0.931713
0 0.176653 0.962963 0.189050 0.961806 0.182852 0.926505
0 0.175620 0.946759 0.167872 0.946759 0.171746 0.913580
0 0.165806 0.963349 0.157541 0.959491 0.167226 0.927662
0 0.150310 0.967207 0.142045 0.958333 0.155604 0.930363
0 0.135331 0.944830 0.140754 0.954090 0.149019 0.932678
0 0.129132 0.957948 0.134556 0.966821 0.147469 0.946181
0 0.107696 0.951775 0.106921 0.940972 0.125517 0.943094
0 0.126550 0.962191 0.116736 0.959105 0.125258 0.936728
0 0.112345 0.962191 0.107696 0.951775 0.123967 0.941936
0 0.101756 0.956404 0.098399 0.945216 0.116994 0.938079
0 0.095041 0.947917 0.095041 0.937500 0.116090 0.934993
0 0.100207 0.939043 0.099432 0.929784 0.114928 0.929784
0 0.131198 0.548997 0.141271 0.547454 0.136235 0.579668
0 0.121643 0.512731 0.125775 0.497685 0.144370 0.514467
0 0.088843 0.528164 0.086519 0.511960 0.104210 0.515625
0 0.088326 0.503858 0.090393 0.486111 0.110666 0.494985
0 0.113120 0.486883 0.124483 0.494599 0.123967 0.460263
0 0.162707 0.391204 0.171488 0.396991 0.160899 0.418789
0 0.108988 0.626157 0.099432 0.617284 0.111441 0.598380
0 0.091684 0.605324 0.097366 0.616898 0.106792 0.594329
0 0.075413 0.620756 0.084711 0.632716 0.089359 0.607639
0 0.080579 0.559414 0.087293 0.569444 0.097624 0.546296
0 0.081353 0.568287 0.088843 0.574846 0.100594 0.558256
0 0.083936 0.577160 0.090909 0.587577 0.105243 0.564236
0 0.094267 0.430556 0.094267 0.419367 0.114540 0.424961
0 0.081353 0.430941 0.089876 0.422840 0.090263 0.449074
0 0.103564 0.397377 0.094008 0.404707 0.107050 0.423804
0 0.081095 0.395062 0.089101 0.386960 0.092717 0.416667
0 0.094783 0.398148 0.086519 0.391204 0.095042 0.368827
0 0.154700 0.352238 0.162965 0.343364 0.166064 0.367669
0 0.134814 0.347994 0.133523 0.331790 0.154442 0.339892
0 0.183884 0.324846 0.195764 0.318673 0.192020 0.348379
0 0.167355 0.316358 0.179236 0.319059 0.173683 0.289545
0 0.105372 0.291667 0.095300 0.297840 0.107309 0.326582
0 0.087293 0.306327 0.090134 0.293981 0.105759 0.310185
0 0.092459 0.263889 0.092717 0.277778 0.110925 0.274498
0 0.086260 0.274691 0.091684 0.287809 0.103693 0.273149
0 0.215393 0.249228 0.224174 0.245756 0.220687 0.270641
0 0.263688 0.246528 0.255424 0.232253 0.274148 0.220872
0 0.136622 0.292052 0.130940 0.276235 0.150310 0.266975
0 0.133781 0.233796 0.132231 0.216049 0.153280 0.224922
0 0.103564 0.200231 0.094267 0.194059 0.103177 0.173996
0 0.087035 0.200617 0.095041 0.189815 0.102143 0.210456
0 0.152634 0.108025 0.152634 0.108025 0.146952 0.132909
0 0.100981 0.097994 0.110795 0.091435 0.110795 0.122878
0 0.097882 0.077932 0.100981 0.092593 0.117898 0.081790
0 0.218750 0.155478 0.221333 0.139660 0.236441 0.151620
0 0.241219 0.074074 0.232955 0.077932 0.240961 0.099151
0 0.224174 0.073302 0.231921 0.079475 0.221203 0.097608
0 0.223140 0.052469 0.230372 0.064429 0.213068 0.072916
0 0.202738 0.064043 0.191632 0.055556 0.190341 0.083141
0 0.171488 0.053627 0.179494 0.065201 0.160511 0.081212
0 0.180527 0.055556 0.190857 0.061343 0.180010 0.082562
0 0.278409 0.048997 0.282025 0.063272 0.263559 0.059799
0 0.330837 0.108796 0.330062 0.122299 0.313792 0.114390
0 0.323089 0.207176 0.311725 0.213349 0.313146 0.183835
0 0.370610 0.059028 0.380940 0.054012 0.381457 0.084683
0 0.373967 0.101080 0.378874 0.084491 0.357954 0.090471
0 0.318957 0.090278 0.315599 0.101466 0.299845 0.092978
0 0.330837 0.064043 0.334969 0.074846 0.318311 0.077160
0 0.291581 0.065586 0.300620 0.057485 0.303978 0.080826
0 0.306043 0.066358 0.309401 0.052855 0.323605 0.070795
