0 0.241994 0.130980 0.023244 0.016590
0 0.233730 0.054012 0.012913 0.030092
0 0.235860 0.082658 0.021048 0.017168
0 0.176007 0.119213 0.012655 0.030093
0 0.189244 0.160397 0.012267 0.016397
0 0.209001 0.160301 0.018207 0.015046
0 0.216878 0.171489 0.017691 0.015818
0 0.191245 0.179591 0.011622 0.031250
0 0.168324 0.150945 0.020790 0.020255
0 0.147146 0.128858 0.017950 0.019290
0 0.269887 0.053047 0.012397 0.029707
0 0.269370 0.055941 0.011364 0.027778
0 0.317730 0.046875 0.021048 0.017362
0 0.331676 0.045621 0.017950 0.023341
0 0.357374 0.040413 0.021307 0.016782
0 0.362409 0.048225 0.015625 0.015432
0 0.383845 0.081597 0.017950 0.016590
0 0.401472 0.053530 0.018854 0.026042
0 0.413482 0.089892 0.020145 0.018518
0 0.309142 0.159047 0.012397 0.032600
0 0.317407 0.188271 0.019628 0.016203
0 0.340522 0.196567 0.019370 0.012731
0 0.370739 0.121721 0.023502 0.015046
0 0.391852 0.150270 0.018466 0.015046
0 0.321152 0.292728 0.013688 0.024884
0 0.256134 0.286266 0.021823 0.022377
0 0.232567 0.319252 0.020402 0.015047
0 0.208032 0.285494 0.022986 0.023920
0 0.203254 0.234086 0.012396 0.027971
0 0.194602 0.256848 0.011622 0.022570
0 0.159284 0.210745 0.025181 0.018711
0 0.150439 0.242573 0.019887 0.022184
0 0.147728 0.301890 0.012397 0.030478
0 0.127066 0.285301 0.011364 0.034336
0 0.107890 0.243345 0.022081 0.022183
0 0.106276 0.215760 0.016787 0.017554
0 0.106082 0.184221 0.014334 0.019676
0 0.107890 0.165123 0.017949 0.026234
0 0.113637 0.144483 0.019112 0.020448
0 0.114928 0.128472 0.025310 0.021605
0 0.118608 0.110533 0.012009 0.029707
0 0.138107 0.101659 0.021048 0.016590
0 0.171100 0.086999 0.016270 0.015818
0 0.169938 0.068673 0.012914 0.030864
0 0.182528 0.037037 0.022339 0.020062
0 0.138430 0.053433 0.019628 0.022762
0 0.141594 0.078511 0.020273 0.014275
0 0.123451 0.056712 0.013947 0.029321
0 0.117252 0.071952 0.011880 0.034336
0 0.108342 0.089217 0.009556 0.033372
0 0.213973 0.050154 0.012655 0.029321
0 0.203513 0.053530 0.012913 0.026042
0 0.193440 0.051505 0.012913 0.028935
0 0.182916 0.048515 0.015108 0.027585
0 0.098463 0.350695 0.015625 0.034722
0 0.151730 0.350598 0.011105 0.027971
0 0.269886 0.330151 0.013429 0.031443
0 0.291839 0.387346 0.013430 0.015432
0 0.363895 0.444637 0.019628 0.024305
0 0.392368 0.496142 0.018466 0.018518
0 0.304365 0.482639 0.016271 0.018518
0 0.264075 0.422743 0.011622 0.032215
0 0.279313 0.498843 0.018854 0.019290
0 0.240897 0.541088 0.021307 0.015046
0 0.232697 0.440007 0.012913 0.033565
0 0.245352 0.410301 0.012397 0.032794
0 0.215135 0.380788 0.012397 0.029321
0 0.212294 0.399305 0.016529 0.025463
0 0.179559 0.402778 0.021823 0.019290
0 0.148890 0.370756 0.010073 0.025463
0 0.156250 0.431520 0.013430 0.026620
0 0.198024 0.480227 0.021823 0.030285
0 0.201576 0.518229 0.014721 0.034143
0 0.148244 0.449267 0.018078 0.033564
0 0.126033 0.485146 0.020661 0.020447
0 0.148244 0.412519 0.011880 0.022956
0 0.132232 0.376929 0.012913 0.027778
0 0.126679 0.421296 0.010072 0.019290
0 0.102853 0.397763 0.017691 0.018518
0 0.107955 0.446470 0.008265 0.029128
0 0.097882 0.444155 0.013947 0.022956
0 0.102079 0.457368 0.017692 0.014275
0 0.102079 0.481096 0.021306 0.012346
0 0.104146 0.480421 0.015625 0.033371
0 0.103371 0.498360 0.014075 0.029128
0 0.100594 0.512925 0.016787 0.033565
0 0.101950 0.529996 0.015884 0.022184
0 0.095106 0.543692 0.013042 0.032601
0 0.180656 0.575424 0.011622 0.032022
0 0.181495 0.582369 0.021823 0.021991
0 0.199832 0.597608 0.025439 0.017746
0 0.226821 0.601659 0.019241 0.015046
0 0.259621 0.613136 0.011751 0.027199
0 0.306302 0.581597 0.015496 0.031250
0 0.313662 0.639467 0.018337 0.015047
0 0.338068 0.758488 0.011880 0.030864
0 0.097108 0.638889 0.020661 0.018518
0 0.138881 0.629822 0.021565 0.020447
0 0.163739 0.629051 0.020661 0.020448
0 0.194086 0.656829 0.017303 0.017361
0 0.223334 0.665316 0.019757 0.018904
0 0.179365 0.694444 0.020920 0.021605
0 0.164837 0.660204 0.015625 0.019483
0 0.110602 0.663002 0.030088 0.019676
0 0.306431 0.666474 0.016788 0.015818
0 0.272146 0.704861 0.026214 0.018518
0 0.280281 0.736112 0.021307 0.017747
0 0.267691 0.780092 0.019370 0.013889
0 0.302751 0.797261 0.022340 0.015046
0 0.342911 0.805169 0.019757 0.018519
0 0.361764 0.827450 0.016400 0.026041
0 0.343620 0.840471 0.020403 0.021991
0 0.326123 0.847994 0.021823 0.019290
0 0.308044 0.873649 0.017691 0.021219
0 0.299845 0.886767 0.020145 0.019676
0 0.248063 0.849634 0.014722 0.044561
0 0.226691 0.840953 0.015367 0.033372
0 0.250904 0.728878 0.014204 0.032215
0 0.241929 0.747685 0.022340 0.019290
0 0.203642 0.743248 0.009555 0.028163
0 0.204223 0.771412 0.013043 0.028164
0 0.182464 0.847705 0.020403 0.029513
0 0.220364 0.894676 0.021824 0.017746
0 0.223915 0.917149 0.012397 0.036073
0 0.251356 0.900077 0.024664 0.017747
0 0.276988 0.911748 0.022985 0.017939
0 0.308626 0.946084 0.016529 0.019097
0 0.317149 0.926504 0.013430 0.028164
0 0.330191 0.929591 0.013688 0.034336
0 0.334582 0.924961 0.011622 0.031250
0 0.344008 0.921199 0.013946 0.038773
0 0.364023 0.937500 0.018853 0.028550
0 0.369383 0.913484 0.015367 0.029514
0 0.381586 0.938078 0.020920 0.024306
0 0.392046 0.938754 0.020661 0.022955
0 0.162707 0.865934 0.012397 0.031250
0 0.149987 0.865934 0.020015 0.028935
0 0.161932 0.926023 0.012397 0.036072
0 0.182980 0.928916 0.010589 0.026427
0 0.200929 0.936053 0.018595 0.029899
0 0.214940 0.934896 0.013817 0.029128
0 0.145790 0.918017 0.013171 0.034337
0 0.117446 0.936921 0.023631 0.015818
0 0.109569 0.929591 0.026472 0.015046
0 0.119641 0.920235 0.015109 0.035301
0 0.105759 0.909336 0.023502 0.018519
0 0.141464 0.846740 0.013559 0.023726
0 0.139979 0.839120 0.018078 0.012345
0 0.146565 0.812211 0.020402 0.016783
0 0.120868 0.806134 0.022211 0.020448
0 0.116026 0.838349 0.025439 0.019290
0 0.094460 0.873842 0.020015 0.027778
0 0.118673 0.855806 0.011621 0.024112
0 0.099238 0.858218 0.014075 0.031250
0 0.097689 0.838059 0.021824 0.019869
0 0.090909 0.819252 0.011880 0.025077
0 0.095428 0.804301 0.014721 0.016783
0 0.123321 0.782021 0.030733 0.017747
0 0.097301 0.783758 0.022082 0.018904
0 0.093814 0.773920 0.011493 0.031635
0 0.116413 0.737558 0.026214 0.020254
0 0.099174 0.729746 0.021178 0.030479
0 0.099883 0.744020 0.025181 0.019676
0 0.099884 0.736689 0.028280 0.021991
0 0.407283 0.936921 0.016529 0.022762
0 0.406702 0.915316 0.015367 0.016589
0 0.397921 0.862461 0.023631 0.021991
0 0.501614 0.751929 0.025956 0.019290
0 0.468815 0.703897 0.021824 0.015047
0 0.449767 0.669946 0.009555 0.021220
0 0.535963 0.850791 0.028280 0.020641
0 0.492704 0.884453 0.025956 0.021991
0 0.504907 0.890818 0.020661 0.021605
0 0.484504 0.937982 0.024793 0.022955
0 0.468427 0.937596 0.015883 0.029128
0 0.594395 0.935282 0.010589 0.028357
0 0.610924 0.937596 0.012138 0.029128
0 0.666129 0.939140 0.026214 0.029128
0 0.687500 0.933642 0.016528 0.027778
0 0.646436 0.913774 0.012396 0.037423
0 0.665612 0.876543 0.021307 0.018518
0 0.647276 0.816455 0.016142 0.020641
0 0.684530 0.821566 0.018854 0.015818
0 0.549651 0.620081 0.015625 0.032600
0 0.581547 0.621914 0.023114 0.023919
0 0.699639 0.689043 0.018595 0.027778
0 0.745803 0.858217 0.019499 0.015047
0 0.728822 0.943866 0.018595 0.018132
0 0.723011 0.835070 0.020919 0.015047
0 0.745093 0.782408 0.020661 0.016975
0 0.748773 0.773149 0.018208 0.017747
0 0.782799 0.819348 0.012397 0.027200
0 0.810305 0.835070 0.023502 0.025077
0 0.802621 0.884452 0.015366 0.036651
0 0.774147 0.930266 0.014721 0.030671
0 0.786093 0.933642 0.015367 0.027778
0 0.813921 0.931327 0.011621 0.028550
0 0.828900 0.904128 0.022985 0.024306
0 0.844525 0.938754 0.016529 0.017554
0 0.887525 0.926891 0.010589 0.034336
0 0.913417 0.936535 0.023890 0.013503
0 0.927557 0.908468 0.010072 0.038002
0 0.932076 0.884934 0.020661 0.022955
0 0.923231 0.857253 0.023373 0.020062
0 0.925038 0.815201 0.013559 0.027778
0 0.887074 0.820699 0.015367 0.026428
0 0.865444 0.836034 0.018595 0.011574
0 0.868544 0.812886 0.020661 0.019290
0 0.880811 0.779321 0.026601 0.019290
0 0.877389 0.769000 0.022598 0.019097
0 0.899083 0.694445 0.011234 0.027777
0 0.826963 0.710552 0.012913 0.033372
0 0.830062 0.666088 0.012396 0.027392
0 0.865961 0.630691 0.010330 0.026813
0 0.782089 0.644869 0.023631 0.016590
0 0.792549 0.662134 0.010976 0.023341
0 0.758781 0.703415 0.013430 0.032215
0 0.725723 0.679784 0.013430 0.031636
0 0.700800 0.583430 0.012655 0.029514
0 0.930398 0.776524 0.018337 0.022956
0 0.930462 0.743731 0.020274 0.026042
0 0.925038 0.744117 0.019757 0.019483
0 0.931237 0.723669 0.017691 0.026428
0 0.934271 0.694638 0.012655 0.022763
0 0.937694 0.637346 0.009427 0.027777
0 0.922004 0.640721 0.013946 0.030285
0 0.790870 0.592785 0.020015 0.015047
0 0.781444 0.557195 0.010718 0.026041
0 0.750839 0.522763 0.017691 0.017747
0 0.846332 0.590471 0.012913 0.033565
0 0.934014 0.500579 0.014721 0.030478
0 0.878874 0.547647 0.012914 0.034336
0 0.881456 0.504726 0.011363 0.029128
0 0.872546 0.532697 0.013688 0.044560
0 0.841555 0.554880 0.027118 0.020254
0 0.812370 0.511767 0.018337 0.016590
0 0.843879 0.536362 0.012655 0.029128
0 0.864928 0.489680 0.008781 0.023726
0 0.849044 0.498649 0.014721 0.032022
0 0.874096 0.440876 0.009556 0.029514
0 0.848140 0.369695 0.012913 0.030286
0 0.825349 0.428530 0.013301 0.024112
0 0.848786 0.431810 0.010589 0.032215
0 0.841232 0.451388 0.022081 0.013889
0 0.807722 0.469425 0.012138 0.032600
0 0.779184 0.506366 0.012913 0.021990
0 0.767562 0.468557 0.012396 0.034337
0 0.762913 0.436246 0.017046 0.026042
0 0.771049 0.420524 0.020403 0.017747
0 0.800878 0.392168 0.011880 0.025848
0 0.757619 0.429013 0.018336 0.025463
0 0.705321 0.503954 0.018595 0.014467
0 0.693375 0.467978 0.021049 0.019290
0 0.745609 0.411651 0.014979 0.024691
0 0.746384 0.384259 0.017046 0.022376
0 0.702092 0.333430 0.013688 0.026427
0 0.930527 0.395833 0.014462 0.019290
0 0.924135 0.382427 0.016917 0.022569
0 0.921746 0.371528 0.019112 0.018518
0 0.901795 0.370660 0.013042 0.023727
0 0.880811 0.335841 0.010072 0.028164
0 0.852531 0.339602 0.011364 0.028743
0 0.835227 0.371142 0.011880 0.024692
0 0.922133 0.353588 0.018337 0.010416
0 0.924264 0.342399 0.019757 0.017361
0 0.924522 0.304881 0.018208 0.026427
0 0.878486 0.304495 0.011105 0.026813
0 0.909155 0.287230 0.024147 0.015818
0 0.894499 0.253472 0.013688 0.030864
0 0.922973 0.272763 0.019240 0.021605
0 0.918905 0.244020 0.011880 0.028164
0 0.925168 0.179977 0.013300 0.025078
0 0.919874 0.160301 0.017174 0.028164
0 0.918712 0.186439 0.019499 0.023727
0 0.872224 0.162519 0.016142 0.020254
0 0.868995 0.181906 0.026472 0.015046
0 0.852015 0.147955 0.010847 0.014274
0 0.837358 0.178820 0.019757 0.017361
0 0.849949 0.262731 0.008265 0.024691
0 0.828318 0.254919 0.017175 0.026813
0 0.831354 0.304012 0.016013 0.031635
0 0.808562 0.279610 0.015625 0.027199
0 0.803461 0.228878 0.012397 0.034915
0 0.793582 0.294560 0.017174 0.018904
0 0.770274 0.323496 0.014205 0.033565
0 0.748709 0.234086 0.012396 0.023341
0 0.730307 0.196277 0.021823 0.016397
0 0.712228 0.173032 0.021823 0.016589
0 0.798554 0.146798 0.021178 0.016590
0 0.796488 0.172647 0.020661 0.015818
0 0.793195 0.195313 0.019757 0.022569
0 0.810692 0.200810 0.011364 0.022762
0 0.699122 0.270640 0.011364 0.028164
0 0.671100 0.226466 0.018853 0.020834
0 0.733730 0.109182 0.016529 0.013889
0 0.747482 0.051023 0.020274 0.026427
0 0.731663 0.051698 0.017045 0.020833
0 0.737216 0.062211 0.011622 0.027199
0 0.715005 0.062114 0.019886 0.030864
0 0.665547 0.071663 0.013429 0.029128
0 0.805979 0.100115 0.023890 0.021991
0 0.807980 0.061825 0.023502 0.028742
0 0.795003 0.063078 0.015367 0.021991
0 0.819473 0.079475 0.013430 0.027006
0 0.823863 0.070891 0.008265 0.023727
0 0.842523 0.069927 0.015883 0.025656
0 0.844654 0.075810 0.012138 0.028164
0 0.833161 0.108314 0.017046 0.021026
0 0.854985 0.117669 0.014721 0.016975
0 0.879907 0.107832 0.018078 0.019676
0 0.882425 0.134838 0.024406 0.019676
0 0.914386 0.135031 0.016271 0.027778
0 0.909543 0.117670 0.021307 0.013117
0 0.912642 0.108603 0.021823 0.011959
0 0.907412 0.076100 0.013688 0.030286
0 0.901730 0.079572 0.010589 0.020255
0 0.878035 0.064815 0.013817 0.030864
0 0.668776 0.166667 0.020919 0.027778
0 0.637784 0.218557 0.018336 0.010416
0 0.615509 0.232253 0.019757 0.013118
0 0.546423 0.215471 0.020274 0.011188
0 0.577479 0.103395 0.013430 0.030864
0 0.586583 0.055266 0.016141 0.024113
0 0.627325 0.044656 0.016529 0.020640
0 0.642949 0.049190 0.020920 0.011960
0 0.652570 0.043692 0.022081 0.020255
0 0.653925 0.062500 0.012913 0.030093
0 0.571023 0.048804 0.017046 0.025077
0 0.560499 0.057774 0.014850 0.030671
0 0.552234 0.038291 0.017949 0.013310
0 0.537448 0.042245 0.020661 0.017361
0 0.499354 0.044946 0.022469 0.017362
0 0.484504 0.048997 0.018078 0.020833
0 0.514915 0.081694 0.015108 0.026042
0 0.456353 0.046200 0.016529 0.029128
0 0.453125 0.059124 0.013688 0.033372
0 0.432464 0.049190 0.020402 0.021219
0 0.447056 0.186149 0.020661 0.018133
0 0.454223 0.617573 0.018466 0.030285
0 0.517950 0.583141 0.016787 0.016589
0 0.600658 0.557678 0.023631 0.016589
0 0.642110 0.510995 0.023373 0.020447
0 0.668582 0.499421 0.020015 0.013503
0 0.597560 0.455054 0.020790 0.015046
