0 0.388946 0.479167 0.396178 0.471836 0.415289 0.51929
0 0.475723 0.503086 0.483988 0.49537 0.459711 0.459877
0 0.488636 0.518904 0.482438 0.502315 0.525826 0.484568
0 0.474174 0.518904 0.483988 0.520062 0.478306 0.563272
0 0.525826 0.430556 0.536157 0.429012 0.531508 0.474923
0 0.48812 0.434799 0.481921 0.42554 0.511364 0.402778
0 0.560434 0.466049 0.570248 0.469136 0.561983 0.518904
0 0.606921 0.472222 0.612603 0.482253 0.582645 0.510802
0 0.616736 0.54784 0.617252 0.562114 0.584711 0.569059
0 0.537707 0.536265 0.545455 0.548611 0.517045 0.582948
0 0.603822 0.627701 0.607955 0.613812 0.645661 0.647377
0 0.646694 0.613812 0.657541 0.615355 0.655475 0.563272
0 0.698864 0.570988 0.696798 0.557099 0.661674 0.584491
0 0.704545 0.563272 0.713843 0.557099 0.722107 0.622685
0 0.672004 0.352623 0.674587 0.367284 0.635331 0.371914
0 0.422004 0.337191 0.428719 0.344907 0.407541 0.37963
0 0.338843 0.361883 0.349174 0.364969 0.343492 0.415123
0 0.341426 0.521219 0.350723 0.51659 0.341426 0.466821
0 0.272727 0.55054 0.275826 0.537809 0.308884 0.568287
0 0.369835 0.555941 0.365186 0.539738 0.412707 0.527006
0 0.387397 0.572917 0.38843 0.562114 0.415806 0.574846
0 0.335744 0.589506 0.33781 0.575617 0.369835 0.597222
0 0.304236 0.585648 0.315083 0.586806 0.309917 0.646219
0 0.321281 0.638117 0.321281 0.622685 0.367252 0.633102
0 0.383781 0.616512 0.382748 0.60108 0.413223 0.613812
0 0.411674 0.596836 0.414256 0.609182 0.454545 0.590664
0 0.47314 0.589506 0.471591 0.576775 0.509298 0.566358
0 0.442149 0.611883 0.445764 0.594136 0.490186 0.615355
0 0.47314 0.639275 0.472624 0.623843 0.511364 0.638117
0 0.393079 0.645062 0.39876 0.631944 0.429752 0.673997
0 0.34814 0.661265 0.345558 0.646991 0.387397 0.643519
0 0.375 0.684414 0.367769 0.670139 0.403926 0.633873
0 0.673554 0.316744 0.676136 0.303241 0.713326 0.326389
0 0.634814 0.05517 0.632231 0.041281 0.596074 0.058256
0 0.558368 0.151235 0.555269 0.138889 0.591426 0.118056
0 0.475207 0.189815 0.471591 0.174383 0.51188 0.166667
0 0.497934 0.03125 0.494318 0.046296 0.538223 0.054398
0 0.488636 0.03588 0.49845 0.043596 0.473657 0.084491
0 0.479855 0.040123 0.482955 0.053627 0.445248 0.064815
0 0.396694 0.072917 0.404959 0.061343 0.4375 0.099537
0 0.390496 0.117284 0.392562 0.131173 0.355372 0.133488
0 0.458678 0.217593 0.449897 0.209877 0.441632 0.255401
0 0.41219 0.281636 0.42407 0.287037 0.430269 0.232253
0 0.404959 0.227623 0.406508 0.212191 0.369318 0.214506
0 0.289773 0.194444 0.293388 0.182099 0.266529 0.174383
0 0.274277 0.317901 0.284091 0.319444 0.274793 0.378858
0 0.30062 0.101466 0.30062 0.087577 0.337293 0.096836
0 0.377583 0.087577 0.377066 0.073688 0.338326 0.082176
0 0.373967 0.036651 0.368802 0.044367 0.393079 0.07909
0 0.358988 0.056713 0.354339 0.06983 0.317665 0.043596
0 0.370351 0.069059 0.368802 0.058256 0.331095 0.062114
0 0.36312 0.038966 0.370351 0.048225 0.342975 0.07716
0 0.271178 0.111883 0.277893 0.122685 0.256198 0.156636
0 0.310434 0.034336 0.305785 0.046296 0.334711 0.057485
0 0.292872 0.048997 0.287707 0.037423 0.256715 0.073688
0 0.316632 0.03125 0.317665 0.043596 0.28719 0.047454
0 0.3125 0.053627 0.306818 0.041281 0.274793 0.076003
0 0.275826 0.039738 0.27376 0.029707 0.254907 0.042824
0 0.78874 0.080633 0.78564 0.067515 0.829029 0.052083
0 0.745351 0.222994 0.744318 0.21142 0.782541 0.218364
0 0.746901 0.449074 0.757748 0.451389 0.749483 0.511188
0 0.757231 0.525463 0.757748 0.541281 0.71436 0.545525
0 0.924587 0.451389 0.931302 0.451389 0.927686 0.407407
0 0.909091 0.498843 0.901343 0.491512 0.915806 0.465664
0 0.9375 0.536265 0.933368 0.516204 0.891529 0.536265
0 0.946798 0.690201 0.936983 0.694059 0.932851 0.626157
0 0.931302 0.751929 0.918388 0.75463 0.917872 0.692515
0 0.881715 0.705247 0.881715 0.716435 0.84969 0.713735
0 0.872417 0.744213 0.865702 0.731867 0.838326 0.77662
0 0.846074 0.744213 0.840393 0.731867 0.808884 0.770448
0 0.810434 0.760417 0.810434 0.744599 0.77531 0.748071
0 0.770145 0.717207 0.77686 0.707176 0.806818 0.740355
0 0.780475 0.681713 0.786674 0.696373 0.754132 0.722608
0 0.79907 0.697917 0.805269 0.684028 0.827996 0.728781
0 0.792872 0.612269 0.805785 0.614969 0.791322 0.671682
0 0.857955 0.655478 0.856921 0.639275 0.815083 0.659336
0 0.852273 0.62037 0.86157 0.62037 0.862087 0.672454
0 0.881198 0.635417 0.894112 0.636188 0.88688 0.701389
0 0.868802 0.647377 0.866219 0.629244 0.90186 0.630787
0 0.755682 0.667824 0.744835 0.665509 0.741219 0.708719
0 0.719008 0.714892 0.724174 0.705247 0.703512 0.67554
0 0.6875 0.69483 0.68595 0.679398 0.647211 0.701389
0 0.686983 0.731867 0.694215 0.721065 0.715909 0.760802
0 0.679752 0.736111 0.674587 0.724923 0.65186 0.753472
0 0.633781 0.748071 0.641529 0.734954 0.607438 0.710262
0 0.590909 0.633102 0.602273 0.63696 0.584711 0.692901
0 0.580062 0.642361 0.590393 0.648534 0.573347 0.70409
0 0.515496 0.736111 0.510847 0.721836 0.553202 0.702546
0 0.518079 0.665509 0.505165 0.664352 0.509298 0.728781
0 0.527376 0.688657 0.529959 0.701003 0.497417 0.714892
0 0.593492 0.756559 0.590909 0.737269 0.549587 0.75463
0 0.940083 0.752701 0.947831 0.758873 0.931818 0.809028
0 0.923554 0.76196 0.930269 0.772762 0.911674 0.805941
0 0.865186 0.785108 0.856921 0.773534 0.882748 0.739583
0 0.929236 0.853009 0.921488 0.84375 0.947831 0.80054
0 0.92407 0.872299 0.911674 0.878472 0.911674 0.805941
0 0.908058 0.88233 0.89876 0.89159 0.880165 0.837577
0 0.869318 0.835262 0.880165 0.82909 0.858471 0.788194
0 0.840909 0.894676 0.834711 0.881559 0.866219 0.853009
0 0.823864 0.894676 0.815599 0.886188 0.83781 0.847608
0 0.791839 0.859954 0.78874 0.842978 0.826963 0.842978
0 0.752066 0.775849 0.760331 0.764275 0.787707 0.818287
0 0.739153 0.797454 0.731405 0.783565 0.760331 0.764275
0 0.713843 0.815972 0.701963 0.809799 0.725723 0.761188
0 0.731405 0.82446 0.727789 0.808256 0.771178 0.798997
0 0.811983 0.889275 0.817149 0.876157 0.781508 0.859954
0 0.795455 0.893904 0.804752 0.886188 0.774277 0.83912
0 0.766012 0.871528 0.77531 0.876929 0.795971 0.821373
0 0.768079 0.881559 0.760331 0.88696 0.733988 0.826775
0 0.784607 0.895448 0.78874 0.88233 0.749483 0.860725
0 0.766012 0.897762 0.772211 0.886188 0.739153 0.870756
0 0.735021 0.878472 0.747934 0.878472 0.72624 0.820602
0 0.743285 0.890046 0.737603 0.898534 0.71126 0.869213
0 0.701446 0.755015 0.691116 0.744213 0.681302 0.802083
0 0.621384 0.779707 0.621384 0.765046 0.584711 0.775077
0 0.70093 0.856096 0.693182 0.866127 0.677169 0.825231
0 0.677169 0.841435 0.667355 0.846836 0.656508 0.791281
0 0.704029 0.889275 0.694731 0.895448 0.678719 0.849923
0 0.68595 0.894676 0.680785 0.880787 0.70093 0.856096 0.6875 0.897762
0 0.671488 0.887731 0.665806 0.880015 0.68905 0.852238
0 0.666839 0.874614 0.66219 0.883102 0.639463 0.853009
0 0.666839 0.894676 0.677169 0.893133 0.658574 0.845293
0 0.655992 0.890818 0.668905 0.888503 0.647211 0.834491
0 0.620868 0.816744 0.62655 0.80054 0.664256 0.84375
0 0.641012 0.837577 0.637397 0.850694 0.605372 0.81983
0 0.649277 0.876929 0.641012 0.885417 0.618285 0.837577
0 0.645145 0.894676 0.655475 0.88696 0.622417 0.83912
0 0.592459 0.812886 0.589876 0.798225 0.552169 0.819059
0 0.607955 0.816744 0.612087 0.80054 0.575413 0.797454
0 0.610537 0.842207 0.612087 0.830633 0.57593 0.812886
0 0.604855 0.853009 0.604855 0.836806 0.565083 0.833719
0 0.584194 0.85841 0.584711 0.842978 0.543905 0.853009
0 0.57438 0.876157 0.57593 0.864583 0.53564 0.856867
0 0.571281 0.881559 0.580579 0.877701 0.556302 0.832176
0 0.585744 0.893904 0.595041 0.88696 0.568698 0.838349
0 0.625 0.887731 0.616736 0.893904 0.587293 0.854552
0 0.608988 0.894676 0.624483 0.895448 0.610537 0.842207
0 0.631715 0.899306 0.639979 0.892361 0.61157 0.846836
0 0.525826 0.771991 0.527893 0.755015 0.567149 0.773534
0 0.527893 0.838349 0.513946 0.834491 0.516012 0.786651
0 0.505165 0.815201 0.505165 0.79591 0.554752 0.794367
0 0.513946 0.857639 0.506198 0.849923 0.532025 0.815201
0 0.539773 0.896219 0.546488 0.885417 0.518595 0.856867
0 0.391529 0.671682 0.40186 0.669367 0.404959 0.715664
0 0.454545 0.684028 0.457128 0.698688 0.420971 0.705633
0 0.498967 0.687114 0.504649 0.69946 0.47469 0.730324
0 0.478822 0.735725 0.480888 0.721836 0.519112 0.73804
0 0.473915 0.713349 0.476756 0.728009 0.445764 0.728009
0 0.432851 0.724151 0.430269 0.711806 0.470558 0.700231
0 0.44938 0.74267 0.445764 0.728009 0.411674 0.767361
0 0.381198 0.734182 0.393595 0.732639 0.393079 0.78588
0 0.506198 0.752701 0.505165 0.768904 0.458161 0.768133
0 0.521694 0.761188 0.521178 0.77662 0.479855 0.773534
0 0.514979 0.781636 0.514979 0.793596 0.481921 0.783565
0 0.475207 0.799769 0.478822 0.790509 0.446798 0.770448
0 0.495351 0.809799 0.496384 0.797454 0.457128 0.805941
0 0.432335 0.810571 0.431818 0.792824 0.479855 0.798225
0 0.501033 0.857639 0.512397 0.846065 0.475723 0.812886
0 0.49845 0.889275 0.508264 0.880015 0.479855 0.841435
0 0.488636 0.884645 0.480372 0.890818 0.469008 0.845293
0 0.469008 0.894676 0.471074 0.887731 0.441116 0.862269
0 0.457128 0.890818 0.463843 0.896219 0.487603 0.86304
0 0.455062 0.860725 0.46281 0.849151 0.426136 0.809028
0 0.433884 0.897762 0.426653 0.889275 0.457645 0.862269
0 0.424587 0.876157 0.431818 0.889275 0.459194 0.853009
0 0.418388 0.895448 0.428719 0.883873 0.397211 0.847608
0 0.395661 0.887731 0.387397 0.874614 0.423554 0.842978
0 0.385847 0.889275 0.387397 0.874614 0.354855 0.862269
0 0.375517 0.89159 0.376033 0.884645 0.338326 0.855324
0 0.369318 0.896991 0.380682 0.892361 0.364153 0.839892
0 0.374483 0.832176 0.380682 0.822145 0.35124 0.798997
0 0.348657 0.712577 0.342975 0.697917 0.375517 0.673225
0 0.327479 0.708719 0.313533 0.703318 0.334194 0.650077
0 0.303202 0.65625 0.290806 0.663194 0.301653 0.708719
0 0.278409 0.684799 0.279442 0.667824 0.244576 0.678627
0 0.283058 0.725694 0.283058 0.707176 0.241994 0.702546
0 0.307335 0.72338 0.307335 0.732639 0.344525 0.727238
0 0.28564 0.744213 0.286674 0.726466 0.332128 0.73804
0 0.342975 0.828318 0.348657 0.812886 0.303202 0.78588
0 0.357438 0.895448 0.36312 0.886188 0.337293 0.860725
0 0.346074 0.883102 0.33936 0.890818 0.309917 0.854552
0 0.33626 0.900077 0.343492 0.890818 0.308884 0.872299
0 0.297521 0.895448 0.305269 0.888503 0.287707 0.859954
0 0.293388 0.84838 0.303202 0.83912 0.278409 0.792824
0 0.259298 0.836806 0.267045 0.845293 0.289773 0.79591
0 0.251033 0.787809 0.252841 0.802855 0.290806 0.783565
0 0.262397 0.855324 0.272727 0.849151 0.257231 0.801312
0 0.258781 0.76929 0.252841 0.755015 0.290806 0.73804
0 0.234504 0.765046 0.234504 0.747299 0.282025 0.756559
0 0.227789 0.740355 0.222624 0.728009 0.252841 0.719522
0 0.22624 0.720293 0.221591 0.734182 0.260072 0.751157
0 0.220558 0.69946 0.217459 0.716435 0.254649 0.721836
0 0.189566 0.751929 0.194731 0.765046 0.221591 0.734182
0 0.205579 0.80054 0.195764 0.787423 0.225207 0.744985
0 0.198347 0.607639 0.19938 0.595293 0.230372 0.610725
0 0.206095 0.580633 0.208161 0.565972 0.246901 0.589892
0 0.161674 0.653164 0.149793 0.647762 0.169938 0.605324
0 0.163223 0.690201 0.157541 0.673225 0.199897 0.645448
0 0.162707 0.548997 0.158058 0.559028 0.190083 0.586034
0 0.244318 0.886188 0.231921 0.88696 0.247159 0.836034
0 0.234504 0.851466 0.219525 0.84838 0.232438 0.787423
0 0.220558 0.893904 0.215393 0.881559 0.24251 0.849923
0 0.216426 0.893133 0.209194 0.893133 0.210227 0.846065
0 0.204545 0.893904 0.196798 0.88233 0.21436 0.847608
0 0.152893 0.726466 0.159091 0.736497 0.179236 0.681713
0 0.145145 0.741127 0.152893 0.755015 0.183368 0.721836
0 0.150568 0.758102 0.155733 0.771991 0.190083 0.735725
0 0.193182 0.836806 0.182851 0.82909 0.205579 0.781636
0 0.252841 0.493441 0.240702 0.493441 0.247159 0.552855
0 0.249483 0.434414 0.239153 0.433256 0.241736 0.483796
0 0.198347 0.388889 0.207645 0.37963 0.224174 0.443673
0 0.212293 0.344136 0.221591 0.340278 0.223657 0.393519
0 0.177169 0.337963 0.182335 0.324846 0.21281 0.361111
0 0.171488 0.347222 0.166064 0.335648 0.193698 0.310957
0 0.180785 0.37963 0.168647 0.37037 0.193698 0.310957
0 0.165289 0.35108 0.160124 0.364969 0.194215 0.391975
0 0.149793 0.363426 0.157541 0.35571 0.165806 0.384259
0 0.151343 0.333333 0.159607 0.320988 0.174587 0.356481
0 0.147727 0.399306 0.153926 0.410494 0.179236 0.371142
0 0.157541 0.419753 0.156508 0.403164 0.196798 0.398534
0 0.16219 0.452546 0.157025 0.438272 0.188533 0.420525
0 0.149277 0.47608 0.150568 0.46142 0.186983 0.476852
0 0.186983 0.538966 0.179236 0.52662 0.211777 0.493827
0 0.17562 0.512346 0.180269 0.518519 0.19938 0.482253
0 0.147727 0.565201 0.155733 0.573688 0.178202 0.520062
0 0.147211 0.533179 0.149793 0.545525 0.183368 0.515818
0 0.25155 0.272377 0.240702 0.276235 0.258006 0.327932
0 0.244318 0.246914 0.232955 0.246142 0.241736 0.302469
0 0.227789 0.222994 0.217975 0.222994 0.226756 0.279707
0 0.165289 0.261574 0.163223 0.274691 0.195248 0.286265
0 0.156508 0.270062 0.15031 0.276235 0.165289 0.304784
0 0.151343 0.248457 0.155733 0.241512 0.173037 0.287809
0 0.164773 0.224537 0.159091 0.234568 0.191116 0.267361
0 0.210227 0.164352 0.20093 0.162037 0.198864 0.20216
0 0.155475 0.196759 0.155475 0.196759 0.151343 0.18287 0.183884 0.171296
0 0.221591 0.099923 0.230372 0.097608 0.232955 0.148148
0 0.225723 0.043596 0.236829 0.044367 0.230372 0.097608
0 0.214876 0.047454 0.204545 0.049769 0.215909 0.095293
0 0.196798 0.058256 0.205579 0.056713 0.205062 0.118827
0 0.169938 0.114198 0.165289 0.128858 0.182335 0.157407
0 0.152893 0.136574 0.161674 0.12963 0.170455 0.175926
0 0.154959 0.132716 0.165289 0.121914 0.177169 0.169753
0 0.155733 0.117284 0.154959 0.132716 0.193698 0.135802
0 0.153926 0.109568 0.158316 0.124228 0.186467 0.099151
0 0.164773 0.069059 0.173037 0.068287 0.168388 0.108025
0 0.18595 0.064429 0.176653 0.064815 0.184917 0.111883
0 0.181818 0.057485 0.190599 0.057485 0.188017 0.114969
0 0.173037 0.053627 0.184917 0.053627 0.176136 0.101466
0 0.202479 0.048225 0.193182 0.048225 0.197314 0.104938
0 0.194215 0.040509 0.200413 0.044367 0.18595 0.064429
0 0.177169 0.046296 0.188017 0.036651 0.195248 0.099151
0 0.153667 0.773534 0.156767 0.783179 0.191632 0.76466
0 0.155475 0.80054 0.153409 0.790895 0.18595 0.780478
0 0.155475 0.803241 0.156767 0.812886 0.186983 0.788966
0 0.15186 0.805941 0.150826 0.817515 0.187758 0.808642
0 0.15625 0.832176 0.15186 0.81983 0.189566 0.790895
0 0.145919 0.788194 0.152376 0.775077 0.173037 0.80517
0 0.151601 0.843364 0.155992 0.852623 0.182851 0.811343
0 0.155217 0.866898 0.163998 0.869985 0.165289 0.816744
0 0.147211 0.848765 0.152634 0.858796 0.18595 0.821759
0 0.171746 0.853781 0.178719 0.853781 0.181302 0.806327
0 0.187758 0.873843 0.192407 0.873843 0.198089 0.829475
0 0.186983 0.879244 0.195764 0.886188 0.220558 0.853395
0 0.196798 0.891975 0.188533 0.891204 0.200671 0.833333
0 0.176136 0.885802 0.186467 0.885417 0.188017 0.832176
0 0.169938 0.873843 0.163998 0.869985 0.171746 0.836034
0 0.167872 0.877701 0.175878 0.878472 0.182076 0.833333
0 0.180269 0.895062 0.188017 0.888503 0.174845 0.848765
0 0.161932 0.891975 0.159607 0.877701 0.192407 0.876929