0 0.344525 0.553627 0.345300 0.555170 0.357438 0.572724
0 0.422521 0.427469 0.426653 0.447917 0.450930 0.430363
0 0.433626 0.418596 0.440599 0.430556 0.442407 0.410108
0 0.573605 0.367670 0.581353 0.382330 0.566632 0.389275
0 0.642304 0.344522 0.645403 0.361111 0.662190 0.348959
0 0.713326 0.287809 0.718492 0.265432 0.686855 0.272763
0 0.538998 0.199846 0.542614 0.179398 0.522469 0.186922
0 0.784349 0.193287 0.785382 0.173611 0.762784 0.183449
0 0.775052 0.208333 0.788223 0.204861 0.781637 0.239584
0 0.806818 0.418981 0.803719 0.435957 0.783961 0.416667
0 0.661674 0.089892 0.662707 0.106096 0.640884 0.100501
0 0.657541 0.060185 0.658316 0.077546 0.635976 0.068865
0 0.713326 0.132330 0.705320 0.145062 0.698347 0.122300
0 0.711260 0.140818 0.714360 0.154707 0.732567 0.144869
0 0.771952 0.138889 0.778409 0.123843 0.758393 0.120178
0 0.778926 0.074460 0.779700 0.054398 0.800362 0.064429
0 0.842975 0.106096 0.840909 0.126543 0.819732 0.116319
0 0.831870 0.063657 0.842459 0.072531 0.831482 0.096643
0 0.830837 0.057099 0.842200 0.048225 0.842976 0.073495
0 0.852789 0.082176 0.860537 0.093750 0.864024 0.076389
0 0.870610 0.058256 0.884298 0.048611 0.885201 0.070795
0 0.733213 0.054012 0.739153 0.040509 0.750258 0.060957
0 0.722366 0.052083 0.733729 0.043596 0.739799 0.072531
0 0.703512 0.056327 0.714618 0.042438 0.726110 0.068480
0 0.684917 0.051312 0.691890 0.041667 0.706870 0.064815
0 0.672521 0.048611 0.683626 0.042438 0.691890 0.068672
0 0.669163 0.048611 0.682851 0.048225 0.676007 0.073881
0 0.879132 0.145833 0.883523 0.162037 0.861699 0.163580
0 0.878357 0.158179 0.893853 0.162037 0.886105 0.195987
0 0.943182 0.182485 0.942924 0.199846 0.923812 0.191165
0 0.943182 0.121914 0.951446 0.131559 0.939824 0.144869
0 0.917355 0.126543 0.919680 0.140818 0.901601 0.133680
0 0.891529 0.088735 0.901860 0.102238 0.883781 0.119213
0 0.892045 0.079090 0.899277 0.097608 0.878616 0.098959
0 0.902893 0.051312 0.914514 0.055941 0.906121 0.077932
0 0.908058 0.062114 0.919938 0.053241 0.920713 0.088542
0 0.917872 0.077546 0.926395 0.071759 0.926653 0.098187
0 0.929494 0.069830 0.939050 0.069830 0.934272 0.097222
0 0.946798 0.211420 0.955320 0.225694 0.937241 0.234568
0 0.946281 0.221836 0.947056 0.243441 0.929623 0.232638
0 0.747417 0.440972 0.744835 0.460262 0.769628 0.453125
0 0.824122 0.291667 0.836519 0.291281 0.830321 0.318287
0 0.883006 0.320216 0.890238 0.305170 0.872805 0.297261
0 0.850723 0.327160 0.864928 0.320216 0.860150 0.354166
0 0.908833 0.358796 0.915806 0.370756 0.899664 0.376158
0 0.907025 0.465278 0.913998 0.481481 0.932464 0.473380
0 0.902893 0.469907 0.924329 0.474923 0.918518 0.456018
0 0.941632 0.429398 0.945764 0.444830 0.928977 0.440393
0 0.944473 0.395448 0.956612 0.400463 0.936338 0.421490
0 0.946798 0.399306 0.956612 0.407022 0.946023 0.426891
0 0.947056 0.368441 0.955320 0.381173 0.937629 0.401428
0 0.939050 0.363812 0.949380 0.376157 0.926265 0.389468
0 0.945764 0.336806 0.955837 0.347222 0.940341 0.373457
0 0.937758 0.317515 0.951963 0.326003 0.935563 0.351273
0 0.936725 0.302855 0.948089 0.316744 0.929494 0.334684
0 0.903667 0.282793 0.917097 0.273148 0.916581 0.307870
0 0.950155 0.271991 0.953512 0.282793 0.930527 0.291281
0 0.943182 0.261574 0.949380 0.277778 0.926782 0.279514
0 0.952738 0.259645 0.949380 0.277778 0.929107 0.268711
0 0.867510 0.503472 0.865186 0.502701 0.865057 0.534915
0 0.956095 0.541281 0.960744 0.557485 0.937758 0.558064
0 0.956612 0.562500 0.959969 0.576775 0.940212 0.578318
0 0.954029 0.582562 0.959969 0.594522 0.940212 0.604359
0 0.869060 0.626929 0.876550 0.643519 0.857826 0.650656
0 0.806302 0.634645 0.816116 0.626157 0.817536 0.651813
0 0.908316 0.680941 0.919938 0.692901 0.903409 0.711419
0 0.836777 0.711806 0.849432 0.698688 0.853822 0.725116
0 0.801911 0.758102 0.803202 0.757716 0.808239 0.758295
0 0.690083 0.729552 0.702221 0.730324 0.696152 0.762346
0 0.952996 0.857639 0.962552 0.846836 0.947701 0.822917
0 0.895403 0.815972 0.909607 0.815201 0.902505 0.778550
0 0.873450 0.858410 0.888430 0.849151 0.869060 0.824653
0 0.874225 0.851852 0.874225 0.876929 0.853435 0.864391
0 0.828254 0.811343 0.840393 0.798997 0.847624 0.825810
0 0.823089 0.869985 0.828254 0.851852 0.807980 0.847801
0 0.761105 0.902778 0.772727 0.915509 0.777246 0.882330
0 0.768853 0.934799 0.783058 0.942515 0.782154 0.908179
0 0.746126 0.940586 0.758523 0.941358 0.752324 0.906829
0 0.833936 0.952932 0.839360 0.931713 0.816632 0.936149
0 0.822314 0.939429 0.838068 0.935571 0.830191 0.906250
0 0.882490 0.923997 0.880424 0.942515 0.859633 0.933256
0 0.901085 0.912423 0.892820 0.928241 0.876292 0.904900
0 0.922521 0.884645 0.928977 0.866512 0.907283 0.868248
0 0.894886 0.930170 0.905733 0.938657 0.909091 0.906829
0 0.920713 0.939429 0.933368 0.941358 0.927040 0.907793
0 0.934917 0.925926 0.946281 0.934028 0.943956 0.899305
0 0.945764 0.899306 0.952221 0.878858 0.938921 0.864969
0 0.706095 0.935571 0.714618 0.947531 0.724819 0.924768
0 0.723657 0.900077 0.733988 0.886574 0.711648 0.868827
0 0.716684 0.836420 0.722882 0.857639 0.743802 0.837384
0 0.722882 0.808256 0.730114 0.819830 0.740315 0.794946
0 0.675103 0.813272 0.680269 0.795139 0.702867 0.811535
0 0.643079 0.866512 0.641787 0.864198 0.669550 0.861496
0 0.631198 0.866127 0.634039 0.844907 0.607826 0.855517
0 0.692665 0.953318 0.699897 0.942515 0.684272 0.930555
0 0.672779 0.929784 0.681560 0.945216 0.694989 0.929784
0 0.665031 0.945602 0.677944 0.936728 0.661157 0.921296
0 0.622934 0.939429 0.632748 0.951389 0.641012 0.922261
0 0.608213 0.938657 0.618285 0.941744 0.617123 0.908758
0 0.594008 0.949074 0.595816 0.954090 0.585357 0.923804
0 0.580837 0.937500 0.587552 0.953318 0.607954 0.930170
0 0.524793 0.941358 0.531767 0.951389 0.547133 0.931520
0 0.593750 0.756559 0.607438 0.757330 0.600594 0.786266
0 0.571798 0.766975 0.588585 0.767747 0.580191 0.801118
0 0.579545 0.797068 0.582386 0.814429 0.555785 0.807678
0 0.582128 0.740741 0.592459 0.729552 0.571539 0.710841
0 0.506198 0.741127 0.511880 0.753472 0.494706 0.764082
0 0.458161 0.758102 0.470558 0.758102 0.464359 0.722994
0 0.475207 0.895062 0.486829 0.900077 0.484246 0.862075
0 0.506715 0.910494 0.508523 0.891204 0.535770 0.906250
0 0.439566 0.945602 0.449897 0.949460 0.451188 0.910880
0 0.473140 0.945216 0.471333 0.947145 0.475336 0.911458
0 0.488120 0.930941 0.502841 0.929784 0.493544 0.905478
0 0.507231 0.939429 0.509298 0.954090 0.533445 0.928627
0 0.498450 0.943673 0.513946 0.953318 0.513817 0.917053
0 0.492510 0.950231 0.507231 0.944444 0.499870 0.913580
0 0.346074 0.729167 0.349690 0.747685 0.328770 0.745756
0 0.305785 0.723765 0.307076 0.727623 0.291064 0.705439
0 0.246384 0.736883 0.254132 0.717593 0.273631 0.744213
0 0.218233 0.729167 0.218750 0.707948 0.243930 0.718557
0 0.345816 0.827932 0.352531 0.820216 0.336390 0.812886
0 0.351240 0.828704 0.353564 0.833719 0.334969 0.800347
0 0.346074 0.835648 0.353564 0.848765 0.368930 0.826581
0 0.298037 0.839506 0.308368 0.830633 0.287706 0.805748
0 0.316116 0.871914 0.320248 0.885417 0.339360 0.869213
0 0.349690 0.884645 0.361312 0.898920 0.369706 0.868634
0 0.370610 0.923225 0.383523 0.929784 0.378228 0.895062
0 0.380940 0.934799 0.389205 0.946373 0.401214 0.923611
0 0.406767 0.939429 0.418905 0.951389 0.422133 0.911266
0 0.392562 0.946373 0.405992 0.948302 0.399277 0.910300
0 0.360795 0.935957 0.371643 0.940586 0.366219 0.913194
0 0.353822 0.945602 0.365961 0.935957 0.359892 0.914545
0 0.339618 0.942515 0.353048 0.932870 0.342071 0.910686
0 0.360279 0.957176 0.366736 0.940586 0.344396 0.934028
0 0.327996 0.947145 0.337035 0.934799 0.322055 0.922068
0 0.288998 0.912809 0.304494 0.911651 0.296230 0.876157
0 0.311725 0.945216 0.323347 0.939429 0.309788 0.909722
0 0.311725 0.953318 0.317665 0.935571 0.295712 0.933835
0 0.300103 0.694444 0.314824 0.686728 0.304881 0.655092
0 0.368027 0.625000 0.382231 0.613812 0.381586 0.647377
0 0.229081 0.593364 0.244576 0.591435 0.236828 0.631945
0 0.172262 0.674383 0.183110 0.679012 0.179364 0.651234
0 0.165031 0.644676 0.173554 0.652006 0.179623 0.624035
0 0.173037 0.702546 0.169163 0.719907 0.193698 0.717785
0 0.174329 0.727623 0.173037 0.750386 0.201317 0.739005
0 0.203771 0.739198 0.219525 0.744599 0.211131 0.778743
0 0.253874 0.923997 0.256457 0.937114 0.278667 0.929398
0 0.245093 0.930941 0.256457 0.937114 0.258781 0.911072
0 0.231921 0.932485 0.240961 0.940972 0.246900 0.912809
0 0.228048 0.910108 0.235795 0.920910 0.242769 0.891396
0 0.224174 0.940586 0.233729 0.942515 0.236571 0.915702
0 0.219008 0.941358 0.232955 0.935185 0.227402 0.908565
0 0.209711 0.938657 0.225207 0.942901 0.221979 0.910686
0 0.204029 0.940586 0.210227 0.950617 0.223270 0.922840
0 0.202221 0.930556 0.213585 0.935571 0.213843 0.904128
0 0.237087 0.878858 0.243543 0.859568 0.219654 0.856096
0 0.207903 0.873457 0.211519 0.886188 0.230888 0.864391
0 0.192149 0.870756 0.198864 0.884645 0.220558 0.861690
0 0.185950 0.936728 0.194731 0.945988 0.204545 0.923226
0 0.167355 0.937114 0.170971 0.948302 0.193440 0.925347
0 0.175103 0.915895 0.176911 0.931327 0.203125 0.912230
0 0.187758 0.927083 0.199638 0.918210 0.191761 0.896605
0 0.171488 0.938272 0.158316 0.931713 0.172650 0.901235
0 0.146952 0.930941 0.155733 0.940972 0.172908 0.912809
0 0.151085 0.929784 0.162707 0.913194 0.144499 0.907022
0 0.151601 0.681713 0.165031 0.685957 0.158316 0.709298
0 0.168905 0.832176 0.181560 0.822531 0.175233 0.794946
0 0.167614 0.819444 0.181302 0.829090 0.172908 0.855131
0 0.161157 0.828704 0.173812 0.824846 0.167484 0.789545
0 0.153151 0.875000 0.142562 0.870756 0.149664 0.841050
0 0.137655 0.777392 0.150568 0.780478 0.141142 0.810185
0 0.121901 0.923225 0.123709 0.910108 0.138947 0.916667
0 0.111829 0.901620 0.118285 0.890046 0.126937 0.910686
0 0.106921 0.892361 0.114153 0.878472 0.126420 0.902778
0 0.134298 0.893133 0.138171 0.872685 0.154959 0.886574
0 0.108988 0.873843 0.115444 0.863040 0.126034 0.882909
0 0.111054 0.862269 0.115961 0.846836 0.124871 0.867476
0 0.109246 0.848380 0.114153 0.836806 0.126808 0.856868
0 0.129907 0.853781 0.130165 0.841821 0.151472 0.847994
0 0.119576 0.821759 0.120610 0.811343 0.137913 0.821373
0 0.109246 0.821759 0.120610 0.815201 0.121642 0.835841
0 0.105114 0.798225 0.105888 0.797068 0.118285 0.813850
0 0.120610 0.793981 0.123192 0.780478 0.136364 0.797840
0 0.103822 0.778549 0.112087 0.765432 0.117639 0.792245
0 0.108213 0.758873 0.116219 0.754244 0.118027 0.780865
0 0.139205 0.669367 0.149535 0.674383 0.144370 0.651620
0 0.143853 0.616127 0.148502 0.628858 0.158187 0.610918
0 0.119318 0.742284 0.120351 0.743441 0.132490 0.749035
0 0.114669 0.743441 0.127066 0.734568 0.124225 0.764274
0 0.107696 0.739969 0.117252 0.730710 0.118027 0.756366
0 0.113636 0.721451 0.119576 0.709491 0.132102 0.739583
0 0.123967 0.675926 0.122417 0.675154 0.126807 0.688079
0 0.123967 0.678627 0.137913 0.683642 0.130940 0.696759
0 0.108213 0.701003 0.116219 0.688657 0.124742 0.718171
0 0.111054 0.682485 0.120868 0.695216 0.125130 0.661458
0 0.110537 0.629630 0.116736 0.620756 0.122934 0.649691
0 0.109246 0.615355 0.114928 0.601852 0.125000 0.628280
0 0.109504 0.599151 0.115702 0.589506 0.125129 0.612461
0 0.113378 0.586420 0.121901 0.576389 0.125000 0.601659
0 0.227273 0.523534 0.239669 0.525849 0.232825 0.557678
0 0.295713 0.479552 0.304494 0.471836 0.290419 0.451774
0 0.217975 0.386960 0.228048 0.382716 0.229339 0.408950
0 0.161157 0.539352 0.172262 0.535880 0.170325 0.566551
0 0.155992 0.527392 0.158058 0.508488 0.179881 0.517940
0 0.113636 0.570988 0.116736 0.556327 0.133910 0.571373
0 0.114153 0.539352 0.121901 0.527778 0.127712 0.550733
0 0.123450 0.522762 0.128874 0.535494 0.142174 0.516397
0 0.111570 0.490741 0.120868 0.484954 0.120222 0.510224
0 0.115702 0.452546 0.129132 0.437886 0.123966 0.472222
0 0.114411 0.449460 0.122676 0.435185 0.129132 0.465085
0 0.117252 0.427083 0.115961 0.425926 0.134168 0.430555
0 0.141787 0.397377 0.147727 0.407022 0.158316 0.386574
0 0.309401 0.403164 0.320764 0.394290 0.306043 0.374036
0 0.262655 0.290123 0.270919 0.302469 0.251937 0.318094
0 0.271694 0.213349 0.278667 0.228395 0.260589 0.235919
0 0.250000 0.217593 0.246384 0.235340 0.231793 0.226467
0 0.204029 0.212191 0.218750 0.215664 0.209452 0.244791
0 0.158316 0.280864 0.168905 0.288194 0.171230 0.252893
0 0.116736 0.364583 0.123709 0.357639 0.126679 0.384838
0 0.118285 0.354167 0.125000 0.344136 0.132619 0.368634
0 0.118027 0.342593 0.125775 0.327932 0.136493 0.350116
0 0.120093 0.315972 0.122417 0.297840 0.145016 0.314237
0 0.132490 0.292438 0.126033 0.281636 0.144887 0.279128
0 0.125775 0.295910 0.131457 0.280864 0.144887 0.293403
0 0.132231 0.260031 0.139205 0.248457 0.149793 0.263503
0 0.117252 0.288966 0.125258 0.300154 0.125645 0.277392
0 0.123192 0.229167 0.136105 0.223765 0.131069 0.252314
0 0.186725 0.197917 0.194990 0.205633 0.197572 0.179013
0 0.214360 0.124228 0.225207 0.120370 0.221849 0.151620
0 0.183884 0.117670 0.193698 0.128858 0.179106 0.153743
0 0.200671 0.071373 0.209711 0.077932 0.201059 0.097801
0 0.192149 0.049383 0.202221 0.040123 0.205708 0.067708
0 0.153667 0.143904 0.162190 0.152006 0.165805 0.126736
0 0.137655 0.180556 0.149793 0.180170 0.143724 0.204861
0 0.139463 0.173611 0.150310 0.167824 0.146823 0.200617
0 0.120610 0.151235 0.132231 0.143904 0.128616 0.174575
0 0.125258 0.140046 0.133781 0.132716 0.138042 0.154707
0 0.139979 0.136188 0.150310 0.132330 0.149793 0.157600
0 0.122676 0.121142 0.121384 0.118827 0.134814 0.135995
0 0.135331 0.109568 0.144370 0.100309 0.146307 0.120370
0 0.154442 0.095679 0.158833 0.105710 0.173295 0.089506
0 0.136880 0.086806 0.145403 0.081019 0.146178 0.102238
0 0.137397 0.069444 0.137397 0.076003 0.133393 0.096450
0 0.145661 0.057485 0.156250 0.054784 0.150956 0.082755
0 0.154184 0.074846 0.152118 0.076775 0.176395 0.068095
0 0.146694 0.052855 0.151860 0.038580 0.174328 0.053048
0 0.134814 0.067515 0.144112 0.058642 0.151988 0.075232
0 0.310434 0.119599 0.314566 0.103781 0.294809 0.098380
0 0.276860 0.059028 0.283316 0.068287 0.270532 0.078125
0 0.296229 0.039352 0.302944 0.053627 0.281637 0.060185
0 0.328512 0.039352 0.337552 0.050926 0.315083 0.060957
0 0.334452 0.041667 0.349948 0.047068 0.339876 0.076389
0 0.365961 0.074460 0.363895 0.084877 0.380424 0.079669
0 0.375775 0.184414 0.380424 0.205247 0.409995 0.194831
0 0.418388 0.146605 0.422004 0.132330 0.440728 0.150077
0 0.446798 0.100309 0.447314 0.117284 0.425749 0.110919
0 0.417097 0.047068 0.419680 0.062500 0.399018 0.056713
0 0.422004 0.055170 0.425620 0.039352 0.438792 0.051505
0 0.447314 0.047068 0.456353 0.056713 0.446798 0.075425
0 0.455579 0.047840 0.463326 0.037809 0.472366 0.060957
0 0.502066 0.053627 0.498450 0.072145 0.524019 0.063465
0 0.540289 0.099923 0.542097 0.113812 0.522857 0.110726
0 0.556560 0.128472 0.559143 0.144676 0.535640 0.137346
