0 0.603306 0.556327 0.612603 0.556327 0.606922 0.583333
0 0.566116 0.413580 0.571798 0.405864 0.580837 0.425926
0 0.579029 0.376543 0.587810 0.388117 0.595299 0.364198
0 0.642562 0.402778 0.639463 0.388117 0.656767 0.388503
0 0.691632 0.450617 0.703512 0.439043 0.702738 0.465664
0 0.534091 0.364198 0.537707 0.350309 0.517046 0.351852
0 0.325930 0.299383 0.332128 0.304784 0.341168 0.279321
0 0.368802 0.236111 0.374483 0.222994 0.387655 0.237654
0 0.427686 0.278549 0.439566 0.280093 0.433626 0.253086
0 0.501550 0.262346 0.498967 0.244599 0.478048 0.255402
0 0.534607 0.233025 0.535124 0.216049 0.512913 0.224537
0 0.467459 0.179012 0.469525 0.162037 0.488637 0.172839
0 0.413740 0.199846 0.409607 0.185185 0.424328 0.184414
0 0.542872 0.192901 0.540806 0.177469 0.560175 0.180169
0 0.628099 0.227623 0.621901 0.211420 0.609504 0.231096
0 0.591426 0.160494 0.592459 0.145833 0.572572 0.153164
0 0.600207 0.148148 0.597107 0.136574 0.612345 0.140432
0 0.348140 0.208333 0.342459 0.196759 0.357955 0.192901
0 0.298554 0.307870 0.290806 0.300154 0.303203 0.287037
0 0.317665 0.215278 0.311983 0.198302 0.331870 0.192130
0 0.315599 0.162037 0.323864 0.163580 0.317924 0.187114
0 0.351756 0.153549 0.349174 0.136574 0.332128 0.148148
0 0.638430 0.258488 0.626550 0.255401 0.634040 0.234568
0 0.688017 0.290123 0.684401 0.276235 0.670972 0.287038
0 0.692665 0.316358 0.706612 0.312500 0.701963 0.343750
0 0.688017 0.239198 0.681302 0.226852 0.670455 0.248071
0 0.651343 0.222222 0.653926 0.206019 0.670197 0.214120
0 0.660640 0.200617 0.660640 0.186728 0.643336 0.193672
0 0.669421 0.204475 0.662707 0.189043 0.675362 0.184028
0 0.688017 0.182099 0.683368 0.165895 0.701188 0.166281
0 0.737087 0.153549 0.729339 0.158951 0.736312 0.178240
0 0.521178 0.289352 0.514979 0.283951 0.523243 0.272763
0 0.758781 0.298611 0.748967 0.293210 0.746901 0.314429
0 0.754132 0.346451 0.753616 0.335648 0.743285 0.342978
0 0.743802 0.353395 0.732438 0.350309 0.738120 0.376351
0 0.774277 0.391975 0.768079 0.378086 0.783833 0.373071
0 0.811983 0.368056 0.802686 0.363040 0.803719 0.385802
0 0.838326 0.328704 0.826963 0.324846 0.831353 0.356096
0 0.789256 0.281636 0.793905 0.267747 0.806043 0.290509
0 0.815599 0.272377 0.824380 0.263117 0.828512 0.289737
0 0.834711 0.237654 0.824380 0.230710 0.824897 0.254630
0 0.805785 0.235340 0.816632 0.234568 0.811208 0.211034
0 0.799587 0.214506 0.789773 0.211420 0.792614 0.236883
0 0.785640 0.206790 0.786674 0.192901 0.800103 0.199846
0 0.778409 0.197531 0.769112 0.191358 0.769111 0.214892
0 0.730372 0.219136 0.727273 0.201389 0.744835 0.209491
0 0.757748 0.290123 0.763430 0.272377 0.741478 0.270833
0 0.771694 0.182870 0.766012 0.168981 0.779958 0.167052
0 0.822314 0.123457 0.814050 0.118827 0.816632 0.141975
0 0.665289 0.138117 0.657541 0.131944 0.659091 0.157793
0 0.660640 0.120370 0.667872 0.131944 0.652118 0.141975
0 0.648244 0.133488 0.648760 0.116512 0.627066 0.125000
0 0.689050 0.139660 0.686467 0.123457 0.674587 0.131558
0 0.687500 0.112654 0.688533 0.126543 0.703254 0.119598
0 0.732438 0.133488 0.728822 0.116512 0.748450 0.123457
0 0.474690 0.085262 0.471591 0.072145 0.457128 0.082755
0 0.532025 0.057485 0.522727 0.048997 0.516529 0.072531
0 0.570248 0.091435 0.560434 0.093364 0.565341 0.114776
0 0.577996 0.035108 0.566632 0.033565 0.569732 0.060378
0 0.554236 0.028935 0.559917 0.018904 0.570764 0.035687
0 0.598140 0.019676 0.608471 0.024306 0.598140 0.049769
0 0.641529 0.099151 0.641529 0.114969 0.662190 0.107060
0 0.617252 0.102238 0.621384 0.115741 0.636364 0.097415
0 0.614669 0.042052 0.625517 0.040123 0.622675 0.070408
0 0.483471 0.019676 0.479339 0.033565 0.497417 0.040895
0 0.465393 0.029707 0.473657 0.021605 0.479339 0.044946
0 0.434401 0.035880 0.427169 0.025077 0.423554 0.048032
0 0.418388 0.018904 0.429236 0.021219 0.420713 0.043210
0 0.443698 0.029707 0.451963 0.024306 0.459969 0.045525
0 0.462293 0.019676 0.449380 0.021605 0.458161 0.041281
0 0.447314 0.014275 0.459194 0.018904 0.449380 0.035880
0 0.440083 0.019676 0.430785 0.023534 0.437241 0.048997
0 0.755682 0.088349 0.754907 0.089120 0.765496 0.108989
0 0.746901 0.085262 0.741219 0.073688 0.757748 0.070601
0 0.705579 0.079090 0.709711 0.064429 0.727014 0.077353
0 0.743802 0.048997 0.750000 0.033951 0.763172 0.059028
0 0.722107 0.043596 0.733471 0.035880 0.736312 0.057099
0 0.694731 0.041281 0.698864 0.031250 0.713326 0.048997
0 0.676136 0.069059 0.674587 0.051312 0.698605 0.059028
0 0.655992 0.058256 0.667355 0.053627 0.666322 0.074075
0 0.654959 0.026620 0.665806 0.027392 0.660382 0.050540
0 0.638430 0.025849 0.630165 0.040123 0.648760 0.039738
0 0.623450 0.024306 0.632231 0.024306 0.625517 0.051312
0 0.638946 0.021219 0.626033 0.028935 0.639463 0.047454
0 0.820248 0.087191 0.815857 0.076003 0.804752 0.088927
0 0.812242 0.051312 0.803719 0.044753 0.800749 0.069830
0 0.788998 0.045139 0.794938 0.037423 0.805398 0.057677
0 0.856921 0.154321 0.849174 0.142361 0.840134 0.162423
0 0.833161 0.195602 0.842459 0.197531 0.834194 0.214313
0 0.833161 0.180170 0.843233 0.178627 0.839618 0.206790
0 0.863636 0.175154 0.857955 0.164738 0.847753 0.173804
0 0.871901 0.200231 0.871643 0.187886 0.856147 0.194058
0 0.880424 0.140432 0.874483 0.132716 0.866607 0.152006
0 0.871384 0.116898 0.865702 0.108025 0.858213 0.121914
0 0.857180 0.100309 0.849948 0.096065 0.848140 0.119984
0 0.867510 0.080633 0.872676 0.083719 0.868156 0.106482
0 0.879132 0.075617 0.869318 0.075617 0.874225 0.104552
0 0.722107 0.447145 0.727014 0.443673 0.728047 0.460456
0 0.846849 0.464120 0.845816 0.451389 0.835098 0.457754
0 0.862087 0.419367 0.867252 0.427855 0.857309 0.439622
0 0.866736 0.411651 0.869060 0.422840 0.853047 0.423225
0 0.873450 0.402392 0.879390 0.407407 0.864282 0.424190
0 0.873450 0.445988 0.870868 0.432099 0.860149 0.448109
0 0.878874 0.438657 0.877066 0.425540 0.863120 0.436342
0 0.876033 0.360725 0.868285 0.351080 0.859116 0.380016
0 0.875258 0.338349 0.865444 0.335262 0.870351 0.359568
0 0.883781 0.348380 0.875000 0.345679 0.876033 0.373457
0 0.852531 0.322145 0.841426 0.316358 0.846979 0.349537
0 0.840651 0.273920 0.849432 0.268904 0.852273 0.291666
0 0.881457 0.314815 0.877841 0.302083 0.863379 0.319830
0 0.873709 0.281636 0.877066 0.297840 0.857696 0.305170
0 0.882748 0.290509 0.880940 0.301698 0.866478 0.288774
0 0.761880 0.550926 0.763430 0.541667 0.776860 0.548419
0 0.810692 0.647762 0.801653 0.635417 0.817278 0.624807
0 0.848657 0.553241 0.842975 0.547840 0.836647 0.570409
0 0.818182 0.453318 0.827479 0.453704 0.822831 0.479745
0 0.849948 0.577932 0.849690 0.578318 0.846333 0.597608
0 0.863636 0.583719 0.855630 0.591435 0.852272 0.568094
0 0.880165 0.585262 0.879907 0.596451 0.860537 0.591435
0 0.884298 0.563272 0.875517 0.554398 0.864799 0.562500
0 0.876808 0.543210 0.874483 0.529321 0.861054 0.536266
0 0.885072 0.534722 0.877324 0.532022 0.880424 0.556327
0 0.878099 0.528549 0.873192 0.517361 0.860537 0.522955
0 0.885072 0.506944 0.876550 0.500000 0.870867 0.531443
0 0.866477 0.481481 0.867510 0.493056 0.849044 0.487847
0 0.879649 0.489198 0.880424 0.501157 0.859375 0.496335
0 0.880424 0.477238 0.880940 0.488426 0.861053 0.482832
0 0.878616 0.461806 0.880165 0.473765 0.859892 0.472222
0 0.881457 0.439429 0.886622 0.450617 0.867252 0.459491
0 0.766012 0.687886 0.766529 0.672068 0.748063 0.679977
0 0.699638 0.692130 0.708419 0.685957 0.709194 0.712192
0 0.758781 0.741127 0.761622 0.726466 0.741994 0.727045
0 0.765238 0.762346 0.766271 0.749614 0.747030 0.755980
0 0.758264 0.704861 0.762913 0.696373 0.770403 0.714120
0 0.802169 0.689429 0.799845 0.675926 0.784607 0.686535
0 0.786415 0.719907 0.793647 0.713349 0.792872 0.736304
0 0.820506 0.752701 0.810950 0.748843 0.815986 0.728781
0 0.843233 0.716821 0.835486 0.709491 0.831870 0.731096
0 0.817149 0.771219 0.806302 0.773148 0.811209 0.742091
0 0.714101 0.821759 0.702738 0.818287 0.710357 0.789931
0 0.755424 0.823302 0.759298 0.812886 0.744318 0.808835
0 0.802169 0.793596 0.799587 0.807485 0.781767 0.794368
0 0.827479 0.778935 0.829804 0.790895 0.810821 0.789159
0 0.850207 0.760802 0.853564 0.755015 0.846462 0.746528
0 0.858471 0.749228 0.857955 0.751543 0.846720 0.744792
0 0.850465 0.663580 0.860279 0.659722 0.857180 0.688272
0 0.869835 0.656636 0.867769 0.643904 0.853177 0.659722
0 0.876550 0.681713 0.879132 0.694059 0.859504 0.689429
0 0.886622 0.709877 0.879649 0.702546 0.873192 0.724151
0 0.884814 0.697531 0.879649 0.685185 0.872675 0.710263
0 0.888946 0.685185 0.881457 0.673611 0.873063 0.697531
0 0.885589 0.639275 0.877841 0.633488 0.876033 0.661072
0 0.831612 0.750386 0.839876 0.753858 0.835098 0.775463
0 0.853564 0.798997 0.853306 0.797840 0.850078 0.771219
0 0.875000 0.758102 0.881198 0.767747 0.869835 0.773341
0 0.880165 0.777392 0.882231 0.761188 0.861053 0.765625
0 0.875000 0.611111 0.878874 0.625386 0.863378 0.637345
0 0.884298 0.621528 0.876808 0.608410 0.863895 0.630980
0 0.883781 0.611497 0.881973 0.596451 0.863637 0.608410
0 0.601240 0.687114 0.604855 0.673611 0.620351 0.687500
0 0.666839 0.743827 0.661157 0.753086 0.652376 0.735532
0 0.654184 0.766204 0.655475 0.750386 0.633781 0.756173
0 0.580579 0.781250 0.578254 0.766975 0.598915 0.772184
0 0.536157 0.771991 0.536157 0.758102 0.520403 0.765046
0 0.560434 0.819444 0.550878 0.829475 0.547133 0.800733
0 0.565083 0.842207 0.570248 0.850694 0.578255 0.830632
0 0.615702 0.849151 0.618027 0.837191 0.597495 0.833719
0 0.624742 0.848380 0.630682 0.836806 0.617640 0.824846
0 0.638430 0.850694 0.642820 0.842207 0.625258 0.834105
0 0.639205 0.809799 0.634039 0.822531 0.621643 0.805748
0 0.648760 0.829475 0.643079 0.839892 0.632102 0.824460
0 0.664514 0.821759 0.668388 0.808256 0.646953 0.809414
0 0.678461 0.835648 0.679752 0.844136 0.691890 0.832562
0 0.693957 0.839120 0.683626 0.838735 0.687887 0.811149
0 0.678461 0.855324 0.686983 0.846836 0.674716 0.831211
0 0.752066 0.852238 0.758264 0.844907 0.745093 0.830247
0 0.774277 0.854552 0.777376 0.840664 0.758522 0.839506
0 0.781767 0.855324 0.791064 0.848765 0.778797 0.830440
0 0.803719 0.814043 0.797004 0.810571 0.796488 0.827739
0 0.817149 0.850309 0.820248 0.838735 0.798554 0.838542
0 0.798554 0.855710 0.794680 0.849151 0.807335 0.845293
0 0.837293 0.816358 0.835486 0.804784 0.819085 0.810764
0 0.831612 0.833719 0.826188 0.830633 0.831999 0.811342
0 0.825671 0.842207 0.831612 0.836420 0.818311 0.823109
0 0.845558 0.848380 0.850465 0.840664 0.835744 0.829862
0 0.837035 0.854552 0.831353 0.845293 0.841684 0.840664
0 0.828512 0.850694 0.834452 0.842207 0.815341 0.837770
0 0.852531 0.806327 0.845558 0.812886 0.838068 0.791281
0 0.868285 0.802469 0.871901 0.808256 0.859375 0.814814
0 0.869835 0.828704 0.863120 0.822917 0.869318 0.806906
0 0.880165 0.790895 0.874483 0.779707 0.865573 0.794561
0 0.882231 0.800540 0.882231 0.810571 0.865960 0.805556
0 0.878616 0.814815 0.877324 0.823302 0.859633 0.817130
0 0.864669 0.836806 0.868285 0.830247 0.856276 0.828318
0 0.871126 0.838735 0.874225 0.828318 0.857438 0.824846
0 0.860279 0.845679 0.864669 0.836806 0.848399 0.832561
0 0.352531 0.836420 0.360021 0.840664 0.360150 0.818287
0 0.370868 0.846836 0.365702 0.834877 0.380940 0.830632
0 0.409607 0.832176 0.405992 0.820216 0.421488 0.820602
0 0.478048 0.821373 0.472882 0.808256 0.459323 0.821759
0 0.510331 0.835262 0.506973 0.847222 0.495352 0.835262
0 0.492510 0.848765 0.485279 0.840664 0.497418 0.826388
0 0.433884 0.642747 0.434917 0.628858 0.452867 0.635803
0 0.314824 0.713735 0.307593 0.704475 0.301007 0.726851
0 0.305527 0.844907 0.311725 0.831790 0.289127 0.821180
0 0.239928 0.838349 0.231663 0.828318 0.245738 0.812115
0 0.250258 0.773148 0.255165 0.786651 0.234504 0.791473
0 0.208936 0.832948 0.202221 0.841435 0.191245 0.825425
0 0.216684 0.835648 0.222624 0.820216 0.200672 0.820794
0 0.149277 0.826389 0.162707 0.830633 0.158058 0.802083
0 0.120351 0.829861 0.115702 0.815201 0.137784 0.814236
0 0.108471 0.809028 0.121643 0.809799 0.115057 0.777971
0 0.135589 0.795910 0.144112 0.779707 0.125904 0.771991
0 0.185950 0.477623 0.187242 0.463349 0.205578 0.470486
0 0.128099 0.551312 0.119576 0.538194 0.135976 0.528164
0 0.104339 0.582562 0.113636 0.573302 0.114541 0.604552
0 0.110021 0.377315 0.120093 0.372685 0.118802 0.399498
0 0.129907 0.402392 0.142304 0.402392 0.136105 0.372300
0 0.176395 0.397377 0.186209 0.403164 0.184660 0.375965
0 0.172521 0.310185 0.180010 0.315586 0.172004 0.331983
0 0.219525 0.341821 0.231663 0.340278 0.224948 0.314815
0 0.249483 0.351466 0.243802 0.335262 0.263043 0.330440
0 0.248450 0.238426 0.256973 0.237269 0.252841 0.260802
0 0.176653 0.261188 0.171746 0.247299 0.186984 0.244020
0 0.148760 0.273148 0.137655 0.274691 0.143207 0.248843
0 0.121126 0.251929 0.115702 0.245370 0.123838 0.239198
0 0.294421 0.212963 0.300103 0.202546 0.287448 0.193094
0 0.316374 0.145833 0.315599 0.159336 0.298295 0.152585
0 0.396952 0.144290 0.390754 0.157407 0.379391 0.137153
0 0.299845 0.118441 0.303461 0.106096 0.318827 0.116706
0 0.292614 0.102238 0.285124 0.088735 0.305268 0.079476
0 0.228822 0.081790 0.232955 0.069830 0.246513 0.081018
0 0.217975 0.128858 0.208936 0.121142 0.221720 0.104552
0 0.218233 0.196759 0.207903 0.202160 0.205062 0.174189
0 0.154184 0.152006 0.158058 0.137346 0.172779 0.156829
0 0.146952 0.208719 0.135072 0.205633 0.142303 0.177855
0 0.133781 0.161651 0.125258 0.158179 0.130165 0.146219
0 0.147986 0.086034 0.150052 0.070602 0.171488 0.078318
0 0.175362 0.061343 0.176653 0.047068 0.193957 0.054206
0 0.131715 0.037809 0.138430 0.030864 0.147469 0.045525
0 0.131973 0.020833 0.131715 0.034336 0.151472 0.027584
0 0.152893 0.020062 0.157541 0.009645 0.171358 0.022569
0 0.204029 0.011574 0.213843 0.008488 0.211777 0.030093
0 0.220558 0.018133 0.230888 0.011188 0.237345 0.034915
0 0.247417 0.029321 0.257231 0.024691 0.257748 0.046682
0 0.317149 0.010031 0.322572 0.019676 0.304235 0.028743
0 0.327996 0.015046 0.320506 0.020833 0.332257 0.036651
0 0.356147 0.023148 0.345041 0.023148 0.350594 0.048418
0 0.353048 0.008102 0.348657 0.018133 0.360667 0.019097
0 0.873450 0.238812 0.878099 0.248843 0.868414 0.259259
0 0.869318 0.238812 0.875517 0.246528 0.865961 0.256945
0 0.876808 0.241898 0.879649 0.253472 0.858342 0.254823
0 0.881198 0.265432 0.878357 0.254244 0.864282 0.262153
0 0.880940 0.229167 0.874225 0.217978 0.865444 0.237847
0 0.881198 0.221836 0.875517 0.209877 0.866477 0.227045
0 0.871901 0.067130 0.863378 0.065586 0.865057 0.084683
0 0.861312 0.056713 0.867252 0.061343 0.859246 0.076582
0 0.870351 0.045525 0.860537 0.041667 0.865444 0.070795
0 0.853822 0.038194 0.862862 0.039738 0.858342 0.066358
0 0.842459 0.039352 0.834711 0.045525 0.845429 0.062114
0 0.845041 0.033951 0.855114 0.035880 0.848012 0.058450
0 0.823347 0.059028 0.822831 0.066744 0.835744 0.065008
0 0.819473 0.035880 0.815083 0.045139 0.831999 0.048612
0 0.809143 0.052855 0.816632 0.043596 0.823993 0.064237
0 0.808626 0.038194 0.814050 0.028549 0.822959 0.046875
