0 0.334001 0.086227 0.023890 0.021219
0 0.340909 0.128858 0.013946 0.026235
0 0.350658 0.173804 0.018208 0.015818
0 0.401149 0.183449 0.020790 0.024306
0 0.467007 0.137635 0.018983 0.021026
0 0.499161 0.104746 0.015109 0.020448
0 0.528926 0.049382 0.017562 0.014661
0 0.540289 0.049672 0.012397 0.015239
0 0.500710 0.047453 0.015108 0.014661
0 0.433239 0.051601 0.019370 0.016782
0 0.549199 0.125193 0.019370 0.018904
0 0.660705 0.168210 0.021048 0.023148
0 0.692084 0.213734 0.021823 0.017747
0 0.296229 0.160976 0.011880 0.025656
0 0.241026 0.153936 0.019757 0.017747
0 0.303460 0.105131 0.018595 0.021219
0 0.286415 0.063079 0.017562 0.018904
0 0.371514 0.056713 0.020403 0.016976
0 0.401795 0.049768 0.017174 0.019290
0 0.721785 0.201099 0.013042 0.026813
0 0.715521 0.254244 0.022469 0.016975
0 0.688339 0.277392 0.027764 0.025463
0 0.624613 0.358604 0.014721 0.032021
0 0.670261 0.349151 0.016142 0.020062
0 0.451188 0.410300 0.010848 0.013503
0 0.439308 0.437114 0.021178 0.023148
0 0.300103 0.357928 0.011364 0.025656
0 0.246837 0.327739 0.015883 0.018904
0 0.197572 0.214217 0.011364 0.029514
0 0.175362 0.239390 0.009297 0.027392
0 0.176782 0.314719 0.009040 0.026813
0 0.190728 0.365355 0.010589 0.024691
0 0.202350 0.375290 0.012655 0.029899
0 0.206999 0.404803 0.016270 0.019869
0 0.229985 0.392747 0.011621 0.024691
0 0.300490 0.473862 0.014721 0.026813
0 0.755359 0.231674 0.021823 0.019676
0 0.662061 0.063658 0.021436 0.020061
0 0.662642 0.106674 0.017950 0.019676
0 0.707257 0.107832 0.019370 0.015818
0 0.717136 0.115548 0.015108 0.010417
0 0.746255 0.111883 0.021436 0.020062
0 0.770790 0.144387 0.012139 0.026427
0 0.782025 0.099923 0.017562 0.020834
0 0.767627 0.054591 0.014076 0.018905
0 0.744641 0.064236 0.018983 0.012732
0 0.738443 0.066069 0.016142 0.021026
0 0.731082 0.058449 0.014076 0.021991
0 0.714101 0.062404 0.019628 0.021412
0 0.705837 0.049382 0.015496 0.014660
0 0.789386 0.247589 0.011105 0.026813
0 0.757103 0.399691 0.016787 0.034722
0 0.795842 0.417631 0.019370 0.015818
0 0.316374 0.513406 0.013946 0.034143
0 0.321152 0.581694 0.018337 0.032986
0 0.256198 0.482542 0.011880 0.028357
0 0.173877 0.520447 0.021823 0.022377
0 0.211583 0.543210 0.018208 0.014660
0 0.227015 0.574942 0.011363 0.025656
0 0.244577 0.609954 0.013947 0.033179
0 0.169034 0.635899 0.013172 0.034529
0 0.129326 0.462963 0.011234 0.030864
0 0.130036 0.509645 0.014204 0.030093
0 0.218492 0.124229 0.014462 0.027778
0 0.191503 0.184703 0.012138 0.027970
0 0.193053 0.143615 0.015755 0.031057
0 0.238830 0.045428 0.018724 0.015239
0 0.190083 0.066937 0.011880 0.028935
0 0.185499 0.048611 0.011235 0.013117
0 0.146629 0.078897 0.018982 0.018905
0 0.152892 0.067902 0.010331 0.024691
0 0.141142 0.096740 0.013688 0.016782
0 0.149793 0.105710 0.015496 0.011574
0 0.175749 0.125289 0.006974 0.021412
0 0.140495 0.114197 0.016529 0.018518
0 0.148373 0.140625 0.008522 0.028936
0 0.160641 0.135321 0.011881 0.026813
0 0.138171 0.175540 0.017562 0.016976
0 0.147340 0.185764 0.013688 0.020447
0 0.138365 0.189140 0.016917 0.021026
0 0.137720 0.209973 0.014075 0.022569
0 0.133975 0.255208 0.017950 0.018904
0 0.133264 0.266590 0.007748 0.024691
0 0.135524 0.265818 0.017949 0.016976
0 0.141658 0.271702 0.012138 0.022570
0 0.146952 0.382234 0.009815 0.027199
0 0.135072 0.389660 0.018595 0.014661
0 0.136493 0.405478 0.021436 0.016975
0 0.137203 0.413580 0.018208 0.010802
0 0.138042 0.421200 0.019887 0.017940
0 0.141012 0.430363 0.014979 0.016590
0 0.133910 0.433063 0.015754 0.014274
0 0.136945 0.447627 0.016658 0.017168
0 0.137784 0.458816 0.011622 0.026427
0 0.832128 0.059703 0.023244 0.024498
0 0.864153 0.088831 0.010331 0.025656
0 0.858600 0.059414 0.012138 0.028549
0 0.920842 0.074653 0.012655 0.030478
0 0.927557 0.131366 0.013688 0.011960
0 0.901472 0.168210 0.018853 0.016976
0 0.903344 0.201967 0.022339 0.018133
0 0.900181 0.227527 0.012655 0.034529
0 0.849174 0.256173 0.009297 0.023920
0 0.821152 0.316069 0.013688 0.017554
0 0.839230 0.345872 0.008523 0.021991
0 0.923231 0.356964 0.022340 0.028742
0 0.850078 0.431520 0.016271 0.030478
0 0.862022 0.474151 0.018983 0.023148
0 0.907671 0.439525 0.012655 0.027971
0 0.952221 0.449267 0.020661 0.016590
0 0.953642 0.394097 0.018853 0.018904
0 0.949057 0.479263 0.016658 0.021412
0 0.956547 0.481095 0.012010 0.018519
0 0.938921 0.286844 0.016271 0.015818
0 0.950155 0.258777 0.010847 0.026814
0 0.950995 0.293307 0.009168 0.022569
0 0.943634 0.207658 0.011493 0.025656
0 0.943698 0.148727 0.014980 0.024306
0 0.876356 0.516397 0.015367 0.027392
0 0.873063 0.595872 0.020919 0.018904
0 0.895790 0.631752 0.018853 0.020447
0 0.946862 0.593364 0.024664 0.018518
0 0.952027 0.545332 0.020015 0.015046
0 0.944861 0.524884 0.021436 0.013503
0 0.960163 0.512153 0.012526 0.011960
0 0.828771 0.657215 0.013946 0.019675
0 0.883781 0.680459 0.011880 0.029514
0 0.899729 0.678434 0.019240 0.019676
0 0.903280 0.756559 0.015238 0.034723
0 0.956870 0.669271 0.016012 0.025270
0 0.959581 0.694637 0.010589 0.031250
0 0.816180 0.742283 0.020790 0.025463
0 0.858923 0.755401 0.011493 0.027778
0 0.791775 0.771702 0.015108 0.022955
0 0.745480 0.681520 0.020919 0.020448
0 0.761880 0.738812 0.008781 0.023920
0 0.621900 0.715471 0.020661 0.019676
0 0.568053 0.701485 0.025052 0.017940
0 0.602143 0.768326 0.014205 0.028164
0 0.582903 0.779031 0.010330 0.032601
0 0.475594 0.728877 0.015238 0.038388
0 0.479081 0.831597 0.021178 0.021219
0 0.573734 0.804206 0.019369 0.018133
0 0.695377 0.805169 0.021953 0.017747
0 0.758329 0.820409 0.014076 0.021219
0 0.774600 0.835070 0.020273 0.018133
0 0.773438 0.861497 0.015109 0.014660
0 0.798553 0.883584 0.018595 0.033757
0 0.713391 0.868634 0.014592 0.022762
0 0.814566 0.855132 0.021178 0.025849
0 0.878422 0.854552 0.013817 0.031636
0 0.882038 0.889757 0.014334 0.022956
0 0.961325 0.860725 0.016400 0.024691
0 0.939308 0.914930 0.011880 0.028935
0 0.902892 0.929398 0.020661 0.019290
0 0.876679 0.927469 0.018337 0.013118
0 0.864669 0.927469 0.018595 0.013118
0 0.842071 0.931906 0.018853 0.015818
0 0.829352 0.920910 0.016658 0.016975
0 0.840264 0.882813 0.013172 0.022570
0 0.659995 0.876543 0.020919 0.020833
0 0.708678 0.907504 0.018595 0.025270
0 0.732890 0.930555 0.014850 0.028549
0 0.753293 0.935088 0.014850 0.022569
0 0.768014 0.930459 0.017432 0.018711
0 0.781832 0.938947 0.015625 0.013311
0 0.786738 0.929784 0.019240 0.016204
0 0.354597 0.674190 0.013430 0.020448
0 0.383587 0.709298 0.017433 0.018904
0 0.359827 0.841050 0.018207 0.020833
0 0.432787 0.860629 0.015883 0.019483
0 0.515431 0.868634 0.018466 0.018904
0 0.540353 0.925443 0.015883 0.026427
0 0.564566 0.932581 0.010331 0.027585
0 0.575672 0.921779 0.019629 0.016011
0 0.662061 0.938272 0.010588 0.026234
0 0.487990 0.888986 0.012655 0.028357
0 0.303461 0.714603 0.012397 0.028357
0 0.276149 0.747300 0.017691 0.017747
0 0.334065 0.733893 0.018336 0.025656
0 0.236119 0.754822 0.017691 0.014275
0 0.699380 0.934221 0.014463 0.027392
0 0.698347 0.930748 0.013946 0.008101
0 0.685305 0.935956 0.017304 0.013889
0 0.678460 0.919753 0.014463 0.010802
0 0.675620 0.928145 0.010847 0.019483
0 0.638171 0.936825 0.014463 0.018326
0 0.628680 0.921875 0.018466 0.021219
0 0.618543 0.937114 0.014980 0.014660
0 0.628551 0.934992 0.018724 0.012732
0 0.571281 0.933546 0.009297 0.017169
0 0.518337 0.921971 0.010331 0.033371
0 0.489282 0.923708 0.008006 0.025271
0 0.494576 0.919368 0.008781 0.026235
0 0.483278 0.923515 0.013817 0.024113
0 0.459259 0.930556 0.012010 0.021605
0 0.448993 0.923611 0.011622 0.023920
0 0.391012 0.931327 0.016012 0.020062
0 0.396888 0.930170 0.022598 0.015432
0 0.375258 0.921007 0.011880 0.032215
0 0.352015 0.939043 0.015495 0.019290
0 0.340392 0.922164 0.011881 0.032986
0 0.316697 0.936150 0.010460 0.021991
0 0.217911 0.678241 0.020015 0.016975
0 0.196798 0.654418 0.014463 0.011767
0 0.176911 0.709587 0.019628 0.016396
0 0.214618 0.799479 0.012913 0.030671
0 0.257038 0.819638 0.021823 0.016589
0 0.276537 0.847222 0.011493 0.013118
0 0.266593 0.872107 0.017691 0.017361
0 0.299845 0.888118 0.015496 0.014660
0 0.283639 0.874228 0.017174 0.016203
0 0.239604 0.898533 0.015367 0.029321
0 0.245609 0.869599 0.014463 0.015432
0 0.196345 0.871142 0.017175 0.013888
0 0.220428 0.869117 0.018337 0.024884
0 0.237022 0.885706 0.016142 0.025656
0 0.208871 0.900077 0.017949 0.013117
0 0.211454 0.932871 0.021048 0.022377
0 0.193441 0.881848 0.010847 0.023726
0 0.225658 0.926794 0.013301 0.019869
0 0.231663 0.930556 0.014463 0.020833
0 0.289902 0.920524 0.015237 0.014661
0 0.273890 0.932292 0.020403 0.021991
0 0.241154 0.929495 0.012785 0.012925
0 0.255941 0.929012 0.020661 0.015432
0 0.257425 0.925636 0.011751 0.026813
0 0.137397 0.554399 0.014463 0.021605
0 0.131973 0.541860 0.008264 0.015818
0 0.130553 0.565683 0.006457 0.024884
0 0.125581 0.565683 0.006327 0.026427
0 0.136945 0.609086 0.013559 0.018325
0 0.124871 0.589699 0.005940 0.023534
0 0.126872 0.632234 0.017691 0.019097
0 0.129778 0.642554 0.010072 0.023534
0 0.140754 0.670429 0.008264 0.019097
0 0.126872 0.657022 0.013042 0.028550
0 0.129326 0.677083 0.016916 0.030865
0 0.124096 0.694638 0.007490 0.020448
0 0.193504 0.858410 0.017691 0.021605
0 0.160576 0.859954 0.016400 0.010803
0 0.125517 0.833141 0.014979 0.021991
0 0.136299 0.814815 0.023114 0.014660
0 0.166193 0.828704 0.015238 0.014661
0 0.128615 0.840278 0.024277 0.018518
0 0.140948 0.736980 0.016400 0.023727
0 0.129778 0.739777 0.019886 0.009645
0 0.133974 0.749229 0.017433 0.016975
0 0.122805 0.755787 0.014721 0.022377
0 0.128809 0.761864 0.016916 0.018326
0 0.124483 0.768325 0.012913 0.022763
0 0.120868 0.780382 0.010847 0.019097
0 0.130617 0.853395 0.015366 0.010802
0 0.130294 0.876157 0.019886 0.015432
0 0.125904 0.867091 0.011106 0.016589
0 0.183755 0.907600 0.019887 0.019676
0 0.176459 0.930652 0.014333 0.026042
0 0.153990 0.927855 0.008135 0.021604
0 0.162126 0.927469 0.017949 0.012346
0 0.139398 0.917535 0.015367 0.016011
0 0.131586 0.899691 0.019886 0.013117
0 0.133458 0.893518 0.017433 0.012345
0 0.158574 0.915606 0.009814 0.019097
