0 0.527893 0.414352 0.536157 0.42284 0.51343 0.466049
0 0.53874 0.366512 0.541322 0.376543 0.518595 0.38966
0 0.595558 0.511574 0.584194 0.51659 0.580579 0.459877
0 0.678202 0.581404 0.684401 0.594136 0.713326 0.554398
0 0.406508 0.604167 0.417355 0.605324 0.415806 0.668981
0 0.308368 0.618056 0.316116 0.604167 0.345041 0.657407
0 0.322831 0.525463 0.327479 0.544753 0.280475 0.565972
0 0.288223 0.427469 0.299587 0.427469 0.28874 0.371142
0 0.47624 0.015818 0.466942 0.028935 0.508264 0.058256
0 0.528926 0.189815 0.535124 0.174383 0.572314 0.228395
0 0.561467 0.189815 0.5625 0.207562 0.606921 0.205247
0 0.593492 0.290895 0.599174 0.304012 0.626033 0.26929
0 0.596074 0.096065 0.603822 0.109568 0.56405 0.141204
0 0.627583 0.143519 0.635847 0.126543 0.596074 0.084105
0 0.649277 0.108025 0.659091 0.118056 0.630682 0.16821
0 0.642045 0.100309 0.641012 0.087577 0.681818 0.097608
0 0.628099 0.02662 0.628616 0.040895 0.589876 0.042052
0 0.626033 0.046682 0.636364 0.05054 0.619318 0.099151
0 0.688533 0.033565 0.696281 0.029707 0.702479 0.071373
0 0.735537 0.213735 0.736054 0.227623 0.694731 0.228395
0 0.713326 0.286651 0.715393 0.303241 0.752583 0.291667
0 0.755682 0.215278 0.758781 0.233025 0.720041 0.239198
0 0.78719 0.263889 0.796488 0.251543 0.756198 0.208333
0 0.774793 0.26929 0.778926 0.282407 0.805785 0.256173
0 0.756715 0.330247 0.767045 0.338349 0.783058 0.29321
0 0.784607 0.207562 0.780992 0.199846 0.809917 0.185957
0 0.802686 0.175154 0.798554 0.190586 0.759814 0.169753
0 0.855888 0.182099 0.850723 0.195988 0.81405 0.159722
0 0.843492 0.239198 0.831612 0.239198 0.841942 0.297068
0 0.805785 0.28858 0.814566 0.277778 0.833678 0.320988
0 0.77531 0.345679 0.78719 0.350309 0.789773 0.287809
0 0.810434 0.328704 0.817149 0.344907 0.776343 0.362654
0 0.87345 0.354938 0.884814 0.348765 0.859504 0.28858
0 0.916322 0.37963 0.92407 0.368056 0.892562 0.326389
0 0.881198 0.268133 0.891012 0.259259 0.86312 0.209105
0 0.862087 0.20216 0.872417 0.199074 0.859504 0.14892
0 0.879132 0.185957 0.869318 0.174383 0.890496 0.137346
0 0.882748 0.128858 0.886364 0.11034 0.845041 0.10571
0 0.863636 0.086034 0.865702 0.067515 0.820764 0.072917
0 0.905992 0.059414 0.905475 0.040895 0.858471 0.048997
0 0.853822 0.028935 0.855888 0.043596 0.82438 0.046682
0 0.820248 0.024306 0.825413 0.034336 0.791839 0.062886
0 0.795455 0.024306 0.797004 0.036651 0.770661 0.061343
0 0.801653 0.021991 0.802169 0.038194 0.766529 0.038966
0 0.778409 0.018133 0.787707 0.02662 0.757748 0.052083
0 0.631715 0.020448 0.642562 0.023534 0.630165 0.076775
0 0.652893 0.024306 0.645661 0.023534 0.63843 0.082948
0 0.660124 0.025849 0.649793 0.028164 0.661157 0.088349
0 0.66374 0.01196 0.652893 0.024306 0.697314 0.073688
0 0.91219 0.111883 0.917355 0.10571 0.894628 0.088349
0 0.915289 0.131944 0.918388 0.124228 0.893595 0.102238
0 0.912707 0.152006 0.921488 0.138889 0.893595 0.102238
0 0.923554 0.162809 0.920455 0.172068 0.895661 0.147377
0 0.918905 0.189043 0.923554 0.177469 0.88843 0.166667
0 0.918905 0.212963 0.922004 0.199846 0.881715 0.18287
0 0.922004 0.23534 0.917355 0.246914 0.884814 0.206019
0 0.901343 0.249228 0.908058 0.239969 0.880165 0.205247
0 0.896694 0.263117 0.907541 0.270833 0.918905 0.212963
0 0.917355 0.265432 0.920455 0.249228 0.885847 0.221451
0 0.926653 0.26929 0.923037 0.283951 0.892045 0.239198
0 0.911157 0.290123 0.920455 0.280093 0.888946 0.239198
0 0.930269 0.3125 0.922521 0.320216 0.896694 0.272377
0 0.918905 0.327932 0.927169 0.321759 0.889979 0.282407
0 0.916322 0.343364 0.923554 0.332562 0.887397 0.286265
0 0.853306 0.414738 0.864153 0.412809 0.852273 0.359568
0 0.874483 0.412423 0.870868 0.395062 0.91219 0.385031
0 0.927169 0.388889 0.92562 0.403549 0.882231 0.377701
0 0.923037 0.418596 0.925103 0.407022 0.889463 0.400077
0 0.864153 0.458333 0.87345 0.458333 0.866736 0.408951
0 0.927169 0.454861 0.931302 0.444444 0.908058 0.412037
0 0.880682 0.489198 0.888946 0.492284 0.892562 0.449074
0 0.874483 0.488426 0.875 0.472608 0.838326 0.484954
0 0.870868 0.503472 0.866219 0.489969 0.830579 0.527006
0 0.867252 0.551698 0.864153 0.53125 0.816632 0.560957
0 0.929236 0.509645 0.918388 0.511574 0.913223 0.451389
0 0.923554 0.549769 0.930785 0.535494 0.896178 0.497685
0 0.928719 0.551698 0.936983 0.540895 0.91219 0.498457
0 0.917872 0.589506 0.906508 0.589506 0.914256 0.540509
0 0.83781 0.704861 0.844008 0.688272 0.804752 0.667052
0 0.691116 0.726466 0.690083 0.705633 0.733988 0.721065
0 0.822831 0.738812 0.816632 0.752701 0.780475 0.712577
0 0.830579 0.727238 0.832645 0.712963 0.86157 0.731481
0 0.868802 0.720293 0.854855 0.72338 0.850723 0.665509
0 0.870351 0.677855 0.881198 0.677855 0.878099 0.739583
0 0.896694 0.752701 0.883264 0.752701 0.893079 0.690586
0 0.930785 0.688272 0.930785 0.70409 0.884814 0.683256
0 0.931302 0.678241 0.920455 0.680941 0.907541 0.61767
0 0.936983 0.673225 0.930785 0.688272 0.901343 0.63696
0 0.591426 0.748843 0.597107 0.732639 0.627583 0.768904
0 0.688017 0.771991 0.697831 0.763503 0.671488 0.714892
0 0.654959 0.786651 0.656508 0.770448 0.695764 0.78588
0 0.637913 0.872299 0.649277 0.871528 0.63688 0.806713
0 0.572314 0.839892 0.577479 0.823688 0.612087 0.869213
0 0.668905 0.88233 0.680269 0.879244 0.66374 0.819059
0 0.732438 0.875386 0.740186 0.86304 0.709194 0.82446
0 0.743285 0.812886 0.741736 0.798997 0.786157 0.808256
0 0.867252 0.75733 0.867769 0.772762 0.829545 0.768904
0 0.931818 0.772762 0.934401 0.755787 0.893079 0.753472
0 0.933368 0.78588 0.942665 0.77662 0.917872 0.724923
0 0.904959 0.827546 0.908058 0.812114 0.870868 0.803627
0 0.941116 0.85841 0.932851 0.866898 0.914773 0.804398
0 0.801653 0.81983 0.800103 0.802855 0.847107 0.802855
0 0.827996 0.851466 0.834711 0.837577 0.855888 0.883102
0 0.80062 0.851466 0.793905 0.836034 0.841426 0.812114
0 0.808368 0.917052 0.797004 0.913966 0.802686 0.865355
0 0.783058 0.922454 0.792872 0.91088 0.754649 0.868441
0 0.753099 0.927083 0.742769 0.912423 0.78874 0.880787
0 0.694215 0.933256 0.688017 0.923997 0.718492 0.893133
0 0.678202 0.929398 0.669421 0.919367 0.705579 0.888503
0 0.632231 0.93017 0.62655 0.92091 0.661674 0.896991
0 0.616736 0.927083 0.629132 0.919367 0.592975 0.872299
0 0.619835 0.931713 0.614153 0.914738 0.664773 0.889275
0 0.566116 0.930941 0.556302 0.926312 0.574897 0.880015
0 0.548554 0.919367 0.553719 0.929398 0.585744 0.898534
0 0.535124 0.923225 0.545455 0.93017 0.56405 0.873843
0 0.518595 0.913966 0.528926 0.92554 0.552169 0.870756
0 0.855372 0.907022 0.864153 0.913966 0.884298 0.859954
0 0.858988 0.926312 0.868802 0.913966 0.822831 0.892361
0 0.835744 0.880015 0.834194 0.900077 0.869318 0.908565
0 0.878616 0.903164 0.88688 0.907022 0.891529 0.850694
0 0.883781 0.92554 0.88688 0.907022 0.840909 0.880787
0 0.899793 0.915509 0.891529 0.907022 0.917872 0.865355
0 0.894628 0.92091 0.883781 0.911651 0.911157 0.865355
0 0.931818 0.872299 0.918905 0.873843 0.91064 0.807485
0 0.929236 0.893904 0.919421 0.894676 0.919938 0.845293
0 0.918388 0.914738 0.905992 0.91088 0.920971 0.85841
0 0.366219 0.315586 0.366736 0.298611 0.334194 0.297068
0 0.179236 0.344907 0.188017 0.332562 0.209194 0.373457
0 0.158316 0.294753 0.158058 0.28125 0.198347 0.290123
0 0.119576 0.32716 0.128099 0.314815 0.152893 0.363426
0 0.092717 0.328704 0.096074 0.341821 0.130682 0.297068
0 0.083161 0.344136 0.08936 0.327932 0.133264 0.372685
0 0.213843 0.240741 0.224174 0.236111 0.223657 0.284722
0 0.184917 0.142747 0.193698 0.135802 0.201963 0.179784
0 0.318698 0.12037 0.326963 0.131173 0.293388 0.165895
0 0.323347 0.079861 0.323864 0.097608 0.291322 0.088349
0 0.346591 0.078318 0.347624 0.065201 0.382748 0.097994
0 0.334194 0.076775 0.345041 0.06983 0.360537 0.115741
0 0.355888 0.035494 0.360537 0.05054 0.322831 0.072145
0 0.380165 0.018904 0.382748 0.032793 0.342459 0.041667
0 0.321798 0.027392 0.329029 0.035494 0.301653 0.066358
0 0.304752 0.018133 0.296488 0.024306 0.331612 0.070602
0 0.304236 0.041281 0.294938 0.028164 0.263171 0.076003
0 0.260589 0.04591 0.270661 0.039738 0.283574 0.092978
0 0.41219 0.043596 0.411674 0.058256 0.378616 0.048997
0 0.421488 0.021219 0.424587 0.032022 0.389979 0.040509
0 0.433368 0.042824 0.4375 0.059799 0.384298 0.076003
0 0.427686 0.025077 0.434659 0.018133 0.45093 0.071373
0 0.147727 0.121914 0.158316 0.126543 0.136364 0.176698
0 0.155733 0.10108 0.160124 0.118056 0.117769 0.140432
0 0.156508 0.094522 0.160124 0.108025 0.194215 0.081404
0 0.21126 0.018133 0.216942 0.028935 0.190083 0.057485
0 0.226756 0.019676 0.231405 0.027392 0.201963 0.056713
0 0.241994 0.019676 0.246384 0.028935 0.21436 0.053627
0 0.247676 0.038194 0.239153 0.03125 0.225207 0.080633
0 0.262397 0.036651 0.254132 0.030478 0.250258 0.092978
0 0.264979 0.018133 0.267562 0.032022 0.22469 0.032022
0 0.103822 0.047454 0.105372 0.035108 0.146694 0.041667
0 0.0953 0.068287 0.09375 0.05517 0.142562 0.059799
0 0.101498 0.076003 0.106405 0.059799 0.145145 0.099923
0 0.106405 0.097994 0.108471 0.084491 0.147986 0.106481
0 0.094525 0.081404 0.106405 0.082948 0.090134 0.12963
0 0.088326 0.086806 0.097624 0.07446 0.118285 0.126543
0 0.103822 0.118827 0.093492 0.122685 0.105372 0.17284 0.105888 0.118056
0 0.085744 0.137346 0.094525 0.127315 0.116736 0.176698
0 0.127324 0.243056 0.118802 0.22608 0.165289 0.193673
0 0.103822 0.222994 0.114411 0.223765 0.11312 0.178241
0 0.11157 0.266204 0.11157 0.248457 0.157025 0.260802
0 0.090134 0.261574 0.089876 0.260802 0.084711 0.247685 0.119318 0.216049
0 0.086777 0.191358 0.098657 0.180556 0.114411 0.246914
0 0.088326 0.267747 0.097624 0.255401 0.117769 0.304784
0 0.084711 0.275463 0.091942 0.284722 0.115186 0.236883
0 0.084194 0.286265 0.0953 0.28125 0.092717 0.328704
0 0.296746 0.48534 0.302169 0.46875 0.262655 0.465664
0 0.227273 0.510031 0.237345 0.505787 0.221074 0.448302
0 0.135072 0.499614 0.140238 0.484568 0.168388 0.524691
0 0.116736 0.382716 0.118802 0.396991 0.16064 0.376543
0 0.087293 0.384259 0.086002 0.400077 0.129132 0.395448
0 0.080579 0.41821 0.084969 0.403549 0.119318 0.440972
0 0.081612 0.459105 0.084194 0.44213 0.124483 0.46142
0 0.089876 0.535494 0.089876 0.521219 0.142045 0.535108
0 0.082386 0.516975 0.086777 0.528549 0.121384 0.498457
0 0.084969 0.473765 0.087552 0.484568 0.134298 0.466821
0 0.088585 0.497685 0.087552 0.484568 0.135847 0.481481
0 0.079029 0.49537 0.084969 0.484568 0.116736 0.526235
0 0.171488 0.608025 0.17562 0.595293 0.135847 0.578704
0 0.105372 0.633873 0.110537 0.621528 0.144112 0.633102
0 0.104081 0.627701 0.112603 0.622685 0.0953 0.570602
0 0.077221 0.640818 0.086777 0.646991 0.100465 0.585648
0 0.093492 0.655864 0.084969 0.649691 0.116994 0.594136
0 0.280475 0.697145 0.287707 0.682485 0.321281 0.728781
0 0.381715 0.790509 0.386364 0.779707 0.356921 0.747299
0 0.439566 0.82446 0.450413 0.82446 0.435434 0.768904
0 0.401343 0.836806 0.409091 0.853781 0.440341 0.814429
0 0.352789 0.869213 0.364669 0.869213 0.353822 0.805941
0 0.430269 0.871528 0.429752 0.884645 0.470558 0.869985
0 0.403409 0.872299 0.405475 0.887731 0.436467 0.883102
0 0.500517 0.927855 0.510331 0.917052 0.485537 0.869985
0 0.467459 0.927083 0.476756 0.930941 0.48657 0.898534
0 0.450413 0.929398 0.448864 0.915509 0.489669 0.907793
0 0.431818 0.903164 0.442149 0.909336 0.456095 0.853009
0 0.427686 0.932485 0.420455 0.917824 0.465393 0.885417
0 0.405475 0.934028 0.403409 0.918596 0.447314 0.923997
0 0.399277 0.932485 0.395661 0.917824 0.436983 0.890818
0 0.330062 0.90625 0.340393 0.90625 0.33781 0.847608
0 0.326963 0.927083 0.337293 0.918596 0.308884 0.865355
0 0.306302 0.934028 0.311467 0.92091 0.27531 0.904707
0 0.280992 0.937886 0.291322 0.927855 0.256715 0.889275
0 0.249483 0.941744 0.249483 0.92554 0.283058 0.926312
0 0.249742 0.876157 0.245868 0.859182 0.292355 0.846065
0 0.224174 0.857639 0.216942 0.83912 0.263946 0.804398
0 0.198864 0.874614 0.203512 0.862269 0.235021 0.884645
0 0.169938 0.724923 0.176653 0.711806 0.206095 0.758873
0 0.141012 0.731096 0.146178 0.717207 0.172521 0.755015 0.142045 0.731867
0 0.11312 0.71875 0.122159 0.72338 0.137397 0.667824
0 0.091942 0.698688 0.101498 0.702546 0.11157 0.639275
0 0.080837 0.658565 0.087293 0.659336 0.083161 0.695602
0 0.075671 0.671682 0.078254 0.685571 0.115186 0.650077
0 0.075413 0.71412 0.083419 0.719522 0.094525 0.671682
0 0.074638 0.728009 0.083161 0.73804 0.098657 0.698688
0 0.084711 0.744985 0.08936 0.748071 0.105372 0.69946
0 0.091942 0.75733 0.083161 0.752701 0.114411 0.705633
0 0.095041 0.769676 0.104855 0.758873 0.128616 0.822145
0 0.118285 0.816744 0.110021 0.810571 0.128616 0.764275
0 0.103822 0.802855 0.112603 0.801312 0.102273 0.838349
0 0.137397 0.798225 0.14876 0.79591 0.138946 0.726466
0 0.129649 0.831404 0.141012 0.825231 0.129649 0.771991
0 0.112603 0.863812 0.120868 0.870756 0.127066 0.817515
0 0.126033 0.862269 0.134814 0.872299 0.147211 0.81983
0 0.073864 0.748071 0.079804 0.736497 0.110021 0.802083
0 0.074638 0.775849 0.082386 0.76196 0.105888 0.811343
0 0.080837 0.839892 0.08936 0.847608 0.094525 0.801312
0 0.074638 0.80517 0.082128 0.788966 0.119318 0.833719
0 0.092459 0.865355 0.098915 0.869213 0.114153 0.815201
0 0.089876 0.853009 0.086777 0.86304 0.127066 0.883102
0 0.107955 0.896991 0.097882 0.899306 0.094525 0.854552
0 0.090134 0.916281 0.092717 0.896219 0.125517 0.913194
0 0.080837 0.89159 0.087293 0.881559 0.094525 0.904707
0 0.077996 0.866127 0.087293 0.855324 0.103048 0.900849
0 0.132231 0.929398 0.121901 0.92554 0.134814 0.876157
0 0.135072 0.923225 0.146178 0.928627 0.157025 0.863812
0 0.107955 0.917824 0.114153 0.934028 0.145145 0.90625
0 0.16219 0.923225 0.167355 0.909336 0.12345 0.889275
0 0.159607 0.93017 0.149793 0.924769 0.173554 0.856096
0 0.166064 0.93017 0.176136 0.923997 0.161674 0.863812
0 0.176136 0.934028 0.166064 0.93017 0.188533 0.861497
0 0.189566 0.92554 0.19938 0.927083 0.194215 0.853781
0 0.195248 0.922454 0.202996 0.924769 0.19938 0.879244
0 0.211777 0.930941 0.202479 0.93017 0.202479 0.873071
0 0.178719 0.934799 0.177686 0.917052 0.207128 0.917052
0 0.21436 0.934028 0.22314 0.929398 0.202996 0.879244
0 0.231921 0.93017 0.219008 0.92554 0.236054 0.870756
0 0.239928 0.93017 0.237345 0.917824 0.271178 0.884645
0 0.235021 0.936343 0.247676 0.927855 0.217975 0.88233
0 0.331612 0.929398 0.344008 0.937114 0.351756 0.874614
0 0.353822 0.914738 0.361054 0.917052 0.366736 0.856096
0 0.360021 0.92091 0.368802 0.92554 0.380682 0.871528
0 0.354855 0.93017 0.344008 0.924769 0.358471 0.881559
0 0.383264 0.941744 0.374483 0.929398 0.41374 0.890818
0 0.404959 0.890046 0.398244 0.881559 0.423037 0.851466
0 0.372934 0.923997 0.380165 0.931713 0.404442 0.876929
0 0.372417 0.932485 0.362603 0.934028 0.369318 0.877701
0 0.367252 0.928627 0.379132 0.926312 0.38843 0.88233