0 0.175103 0.048611 0.185176 0.048997 0.180140 0.077353
0 0.207645 0.044367 0.213843 0.053241 0.200155 0.070409
0 0.152893 0.054012 0.160899 0.048611 0.166322 0.075039
0 0.140238 0.054784 0.145145 0.048611 0.152893 0.067323
0 0.133781 0.065972 0.138946 0.057870 0.148631 0.073881
0 0.126033 0.077160 0.129907 0.067515 0.142820 0.081597
0 0.127066 0.084105 0.136105 0.084877 0.131586 0.108024
0 0.139979 0.099537 0.146178 0.089506 0.159220 0.114391
0 0.135331 0.113040 0.136364 0.102238 0.154959 0.109568
0 0.162965 0.102623 0.167614 0.093364 0.176137 0.113233
0 0.130940 0.126543 0.138688 0.118056 0.145661 0.142169
0 0.120868 0.150849 0.126291 0.136960 0.146436 0.156250
0 0.119576 0.168210 0.126808 0.161265 0.132619 0.185185
0 0.116994 0.181327 0.124483 0.174769 0.130682 0.197531
0 0.228822 0.048611 0.235279 0.060957 0.216038 0.074074
0 0.250258 0.064043 0.251033 0.075617 0.235021 0.069830
0 0.267562 0.049383 0.274535 0.061728 0.257102 0.072917
0 0.332645 0.039738 0.338585 0.052855 0.319215 0.054206
0 0.207386 0.100694 0.218492 0.099151 0.212939 0.126929
0 0.190599 0.163966 0.200413 0.162809 0.194602 0.137153
0 0.206095 0.165123 0.216167 0.162809 0.212681 0.191358
0 0.344008 0.119985 0.340134 0.133873 0.325413 0.119405
0 0.306818 0.183642 0.317149 0.189043 0.306689 0.216243
0 0.153151 0.192130 0.153667 0.192130 0.150697 0.196180
0 0.384298 0.042824 0.387655 0.055941 0.370480 0.057677
0 0.392045 0.059799 0.396694 0.071759 0.380552 0.077160
0 0.423554 0.091821 0.428719 0.104552 0.410382 0.110726
0 0.376033 0.207562 0.375775 0.185185 0.403539 0.196373
0 0.512913 0.112269 0.514721 0.130401 0.493156 0.123650
0 0.439824 0.057099 0.444215 0.044367 0.456353 0.054976
0 0.516012 0.046296 0.520661 0.057870 0.507618 0.058834
0 0.493285 0.065586 0.494576 0.079090 0.476885 0.071567
0 0.529700 0.057870 0.534607 0.043596 0.548682 0.059414
0 0.534091 0.153549 0.525826 0.139275 0.541968 0.130401
0 0.621126 0.159336 0.633523 0.163966 0.625517 0.194059
0 0.617510 0.081019 0.619318 0.095679 0.600594 0.094136
0 0.612087 0.060957 0.613378 0.077546 0.592458 0.069251
0 0.636622 0.077546 0.643337 0.093750 0.627066 0.095293
0 0.607696 0.057099 0.613895 0.045525 0.626937 0.063272
0 0.685434 0.047068 0.694215 0.059414 0.674200 0.071760
0 0.713843 0.061728 0.722624 0.054012 0.728047 0.077739
0 0.731405 0.057485 0.740444 0.049769 0.745093 0.077547
0 0.770661 0.057485 0.780992 0.053241 0.780863 0.081983
0 0.788998 0.064429 0.797262 0.048225 0.810950 0.075038
0 0.722882 0.135802 0.721333 0.155864 0.703642 0.144869
0 0.771694 0.109954 0.778151 0.128472 0.753229 0.129244
0 0.808368 0.098380 0.812758 0.114583 0.795067 0.108989
0 0.813275 0.059414 0.823605 0.051698 0.827608 0.078511
0 0.819215 0.061728 0.825671 0.049383 0.837939 0.070988
0 0.853564 0.062500 0.863895 0.052855 0.868414 0.080054
0 0.794938 0.144290 0.798037 0.163966 0.773502 0.159722
0 0.822572 0.111497 0.827221 0.126929 0.809142 0.125772
0 0.858471 0.131944 0.854081 0.147762 0.840521 0.131365
0 0.826963 0.147762 0.829545 0.163194 0.811208 0.157793
0 0.812242 0.205247 0.813017 0.223765 0.791065 0.214506
0 0.883264 0.064429 0.895919 0.064429 0.889592 0.095486
0 0.905217 0.065201 0.912707 0.067515 0.906767 0.083334
0 0.909607 0.069444 0.919421 0.064429 0.919034 0.093364
0 0.907541 0.099537 0.917355 0.104938 0.910382 0.124807
0 0.932076 0.124614 0.938275 0.136574 0.919809 0.146219
0 0.932335 0.138503 0.941116 0.150463 0.918260 0.165316
0 0.935434 0.186343 0.943440 0.195602 0.929494 0.205440
0 0.927686 0.182870 0.934401 0.190972 0.918389 0.190393
0 0.932335 0.153935 0.944731 0.161265 0.933884 0.176312
0 0.880165 0.207948 0.894628 0.211034 0.887396 0.243827
0 0.885847 0.190586 0.887138 0.208333 0.868285 0.199460
0 0.871643 0.287037 0.877324 0.272762 0.859375 0.269869
0 0.930269 0.285108 0.925878 0.299383 0.909220 0.285687
0 0.764979 0.258873 0.780217 0.261960 0.772598 0.294753
0 0.710486 0.270448 0.706095 0.293981 0.679494 0.277199
0 0.884298 0.326775 0.887913 0.307099 0.858988 0.305363
0 0.939050 0.294753 0.942665 0.313272 0.921100 0.309992
0 0.800620 0.420910 0.794680 0.439429 0.779184 0.422261
0 0.769886 0.469136 0.772727 0.449074 0.791709 0.459684
0 0.643595 0.347222 0.648244 0.362654 0.662448 0.348958
0 0.808110 0.370756 0.817149 0.364969 0.810434 0.352237
0 0.824380 0.346065 0.836519 0.346451 0.830450 0.373071
0 0.862862 0.402778 0.875517 0.398920 0.869190 0.429206
0 0.862087 0.506173 0.873450 0.517361 0.858213 0.536072
0 0.938791 0.343750 0.947831 0.358410 0.930140 0.375193
0 0.942665 0.537809 0.945764 0.556713 0.927040 0.549961
0 0.906508 0.438272 0.917355 0.435957 0.911932 0.458719
0 0.942407 0.427083 0.951188 0.423225 0.942149 0.403164
0 0.944473 0.422840 0.947314 0.433256 0.929623 0.428627
0 0.939824 0.439815 0.943440 0.430941 0.931431 0.428627
0 0.928977 0.436728 0.936725 0.440972 0.927686 0.458526
0 0.945764 0.457562 0.948864 0.466821 0.933239 0.468943
0 0.941890 0.441744 0.948089 0.450617 0.935821 0.472608
0 0.944215 0.430556 0.944731 0.430170 0.937113 0.451389
0 0.938533 0.467978 0.948347 0.475694 0.940211 0.489583
0 0.938533 0.582176 0.938791 0.581404 0.926653 0.564429
0 0.946281 0.565972 0.954287 0.574846 0.937113 0.588348
0 0.942407 0.619213 0.948089 0.631559 0.929107 0.635803
0 0.943698 0.819059 0.952221 0.810185 0.941115 0.790509
0 0.947056 0.783565 0.955320 0.777392 0.944989 0.754629
0 0.882748 0.811728 0.894886 0.812500 0.888817 0.782215
0 0.858988 0.753472 0.866994 0.765818 0.850078 0.776620
0 0.844525 0.738040 0.845041 0.721451 0.861571 0.729745
0 0.936209 0.920525 0.945506 0.918210 0.940857 0.891976
0 0.918130 0.932870 0.928977 0.929784 0.924716 0.899305
0 0.907800 0.925154 0.897986 0.920139 0.907671 0.891204
0 0.866994 0.891590 0.873450 0.881173 0.856921 0.870756
0 0.868027 0.864969 0.877324 0.855324 0.862086 0.836998
0 0.865186 0.942130 0.864153 0.942130 0.870351 0.916667
0 0.830062 0.945988 0.824897 0.932870 0.842201 0.931906
0 0.810176 0.954090 0.816890 0.944059 0.796100 0.931327
0 0.808368 0.934799 0.816890 0.945988 0.822960 0.922068
0 0.831612 0.889660 0.833936 0.877701 0.817407 0.878472
0 0.774277 0.900077 0.780475 0.912809 0.794034 0.897763
0 0.760847 0.866512 0.768595 0.881944 0.782154 0.862461
0 0.754907 0.863812 0.757231 0.846836 0.735408 0.855324
0 0.748967 0.843750 0.748192 0.826775 0.768336 0.835263
0 0.810950 0.793210 0.810950 0.793210 0.816245 0.819444
0 0.733988 0.813272 0.741219 0.826003 0.749742 0.807484
0 0.778667 0.777778 0.782025 0.765046 0.765238 0.766396
0 0.795455 0.758873 0.795455 0.740741 0.818441 0.749807
0 0.809659 0.660880 0.810950 0.673611 0.825543 0.667245
0 0.672779 0.816358 0.677944 0.802083 0.692536 0.819252
0 0.709969 0.820216 0.718750 0.810571 0.702092 0.795332
0 0.748450 0.923611 0.754132 0.914738 0.740573 0.904128
0 0.725981 0.941358 0.732955 0.953318 0.738636 0.935764
0 0.716684 0.917824 0.722882 0.908179 0.732826 0.929398
0 0.695764 0.937114 0.698864 0.947917 0.713714 0.940008
0 0.706353 0.925926 0.718233 0.923225 0.712293 0.894676
0 0.691374 0.913966 0.691890 0.895833 0.712422 0.904899
0 0.676911 0.948302 0.671229 0.935957 0.686725 0.927662
0 0.658574 0.945602 0.666064 0.942515 0.656896 0.921875
0 0.659607 0.955633 0.653926 0.946759 0.669680 0.938657
0 0.603306 0.957562 0.597366 0.949460 0.610408 0.939236
0 0.635072 0.937114 0.639979 0.944830 0.654958 0.930555
0 0.642820 0.953704 0.649793 0.942901 0.635331 0.931713
0 0.650052 0.952546 0.650052 0.954090 0.657671 0.937693
0 0.541839 0.934799 0.541322 0.917052 0.563662 0.925925
0 0.586260 0.950231 0.594008 0.941744 0.578125 0.924189
0 0.588843 0.938272 0.596333 0.947531 0.601886 0.917824
0 0.598657 0.946373 0.589618 0.936343 0.608213 0.922068
0 0.567149 0.772377 0.580320 0.771219 0.573735 0.804205
0 0.589360 0.761574 0.599174 0.761574 0.594267 0.790316
0 0.569990 0.800540 0.572314 0.816358 0.552557 0.810185
0 0.575413 0.741512 0.585744 0.728781 0.565729 0.716821
0 0.519886 0.949846 0.530992 0.947145 0.521565 0.920332
0 0.480114 0.942515 0.489411 0.946759 0.488120 0.921489
0 0.469267 0.892747 0.477789 0.883488 0.484117 0.913002
0 0.458936 0.944830 0.458419 0.946373 0.464618 0.918210
0 0.452479 0.949846 0.464101 0.952160 0.460873 0.920524
0 0.442924 0.937886 0.442149 0.937114 0.450155 0.922840
0 0.429752 0.942130 0.441116 0.946759 0.442536 0.925154
0 0.423037 0.945216 0.431302 0.954475 0.440211 0.920331
0 0.409349 0.937886 0.415806 0.949074 0.425103 0.924768
0 0.402118 0.860725 0.405992 0.874228 0.385460 0.872107
0 0.403151 0.861497 0.396694 0.846451 0.417097 0.842014
0 0.374225 0.895833 0.381715 0.885417 0.386622 0.906057
0 0.340909 0.838349 0.346591 0.851080 0.357696 0.833719
0 0.335744 0.834877 0.340134 0.821759 0.321797 0.825232
0 0.329287 0.869213 0.331870 0.882330 0.349432 0.870370
0 0.382231 0.934414 0.388688 0.948302 0.400826 0.926311
0 0.356405 0.936728 0.362087 0.947917 0.374096 0.929977
0 0.336260 0.944059 0.344008 0.952546 0.350852 0.932292
0 0.326963 0.945216 0.335744 0.939429 0.324122 0.918017
0 0.305269 0.942901 0.298554 0.932485 0.317020 0.917631
0 0.295971 0.941358 0.300620 0.954861 0.318827 0.938851
0 0.262655 0.873843 0.259039 0.858796 0.280088 0.862847
0 0.281508 0.907022 0.291064 0.910494 0.288094 0.881173
0 0.277376 0.939815 0.287448 0.946373 0.290935 0.913580
0 0.263688 0.933256 0.273760 0.939429 0.272211 0.916667
0 0.251033 0.942130 0.255424 0.954861 0.270145 0.938079
0 0.217200 0.943673 0.227014 0.941744 0.216684 0.913581
0 0.242510 0.937886 0.239153 0.949460 0.223011 0.937886
0 0.239669 0.942901 0.248967 0.933642 0.235020 0.917053
0 0.241994 0.927855 0.246643 0.933642 0.255811 0.915123
0 0.238378 0.944059 0.246384 0.953704 0.255294 0.928241
0 0.222366 0.912809 0.230114 0.923611 0.240186 0.902392
0 0.241477 0.909722 0.244060 0.921682 0.255940 0.915702
0 0.172521 0.912809 0.183368 0.913580 0.177945 0.885417
0 0.186467 0.885417 0.186725 0.865741 0.213068 0.875579
0 0.179494 0.912037 0.190083 0.915509 0.188792 0.886188
0 0.171746 0.939429 0.177686 0.949846 0.190729 0.934607
0 0.187242 0.915895 0.190083 0.928627 0.204417 0.919561
0 0.150826 0.935957 0.153409 0.949074 0.174328 0.934800
0 0.133264 0.930170 0.133006 0.929012 0.159865 0.931712
0 0.124483 0.932485 0.123450 0.931713 0.147985 0.925925
0 0.118543 0.929398 0.119835 0.915123 0.129520 0.924961
0 0.127841 0.925154 0.123967 0.911265 0.138559 0.918210
0 0.130165 0.901620 0.128874 0.917052 0.144757 0.909336
0 0.101240 0.896991 0.108213 0.886574 0.115573 0.905092
0 0.100465 0.881559 0.104339 0.869985 0.118285 0.888696
0 0.209452 0.797068 0.216426 0.784722 0.231017 0.812886
0 0.196281 0.839892 0.207386 0.837577 0.201058 0.813657
0 0.154959 0.825231 0.158316 0.812114 0.175233 0.825039
0 0.151343 0.828318 0.164256 0.826775 0.157800 0.865934
0 0.134039 0.827546 0.138688 0.838735 0.154700 0.819445
0 0.101240 0.867670 0.106921 0.856096 0.112475 0.880594
0 0.128099 0.905478 0.141787 0.908179 0.134943 0.878086
0 0.111570 0.860340 0.120093 0.851080 0.122159 0.875000
0 0.110795 0.850309 0.119060 0.840278 0.123580 0.867477
0 0.099690 0.832948 0.107696 0.827546 0.110279 0.855324
0 0.182851 0.792052 0.181560 0.774691 0.205450 0.783179
0 0.105888 0.840278 0.106663 0.824846 0.122417 0.835069
0 0.100981 0.821759 0.107438 0.804784 0.118802 0.824074
0 0.100981 0.806713 0.106663 0.793981 0.119964 0.818287
0 0.104597 0.802469 0.112345 0.787423 0.119189 0.809028
0 0.098915 0.772377 0.106147 0.759259 0.120480 0.793789
0 0.159607 0.725309 0.165289 0.709877 0.182335 0.727431
0 0.101240 0.755787 0.109762 0.741127 0.117898 0.767168
0 0.103306 0.749228 0.115961 0.740741 0.118543 0.761189
0 0.253099 0.773534 0.254649 0.757330 0.278409 0.765432
0 0.232955 0.759645 0.232180 0.744213 0.254003 0.750386
0 0.336777 0.732253 0.341684 0.750386 0.321023 0.748071
0 0.288223 0.735340 0.298812 0.726466 0.284608 0.708527
0 0.382490 0.708719 0.384039 0.726080 0.365315 0.717399
0 0.453771 0.742670 0.453771 0.742670 0.458807 0.711613
0 0.332128 0.579090 0.345300 0.569830 0.332515 0.544754
0 0.292614 0.483410 0.300878 0.475309 0.286674 0.458719
0 0.302169 0.402392 0.313017 0.391204 0.297779 0.374229
0 0.212293 0.394676 0.221333 0.386188 0.222494 0.410108
0 0.223399 0.336034 0.230114 0.344907 0.213327 0.364391
0 0.256973 0.242670 0.246643 0.232253 0.243414 0.262539
0 0.159091 0.187500 0.162448 0.172840 0.180140 0.180170
0 0.163740 0.184028 0.153667 0.192130 0.163352 0.211034
0 0.130682 0.226466 0.138171 0.217207 0.142045 0.239777
0 0.162707 0.260802 0.175362 0.260802 0.169034 0.293789
0 0.140754 0.271991 0.149019 0.264660 0.152634 0.289737
0 0.111570 0.330633 0.120868 0.322145 0.122159 0.343750
0 0.116994 0.329861 0.114153 0.313272 0.134427 0.320794
0 0.125775 0.298611 0.134556 0.291667 0.135072 0.317130
0 0.113636 0.278164 0.123709 0.271605 0.123837 0.302084
0 0.116219 0.265432 0.120093 0.250386 0.134943 0.273727
0 0.119060 0.240741 0.119060 0.240741 0.126549 0.224730
0 0.114669 0.244213 0.119576 0.231096 0.129390 0.250579
0 0.117769 0.369985 0.125775 0.362269 0.125904 0.389275
0 0.124225 0.368441 0.135331 0.356867 0.137784 0.388503
0 0.114928 0.418596 0.123967 0.408951 0.130036 0.429399
0 0.108729 0.412423 0.117252 0.402778 0.121772 0.430555
0 0.108471 0.427083 0.116219 0.420139 0.118156 0.447724
0 0.168388 0.513889 0.177686 0.521991 0.178202 0.496528
0 0.219525 0.544367 0.231405 0.545525 0.224690 0.575810
0 0.151085 0.535494 0.151085 0.519290 0.177428 0.527392
0 0.123192 0.509259 0.119060 0.493056 0.144370 0.495178
0 0.141787 0.551312 0.149019 0.544753 0.149664 0.566165
0 0.127841 0.550540 0.134556 0.560185 0.142562 0.538195
0 0.107955 0.542052 0.118802 0.535880 0.130036 0.561343
0 0.111054 0.524306 0.117510 0.516204 0.125388 0.540316
0 0.104855 0.531636 0.114928 0.521605 0.117898 0.552855
0 0.106405 0.506944 0.113895 0.491512 0.122805 0.521026
0 0.148244 0.620370 0.158574 0.625386 0.156379 0.594907
0 0.104081 0.598380 0.110279 0.588735 0.117253 0.615355
0 0.121901 0.623843 0.134814 0.611497 0.136751 0.648920
0 0.142304 0.653549 0.151601 0.662423 0.153797 0.639467
0 0.172262 0.622685 0.181043 0.611111 0.187242 0.638503
0 0.224174 0.596451 0.237603 0.596836 0.230888 0.629437
0 0.103564 0.642747 0.110795 0.633488 0.114411 0.659336
0 0.114669 0.703704 0.119318 0.687500 0.137009 0.695602
0 0.102014 0.690972 0.110279 0.676698 0.117768 0.703897
0 0.104597 0.701003 0.112345 0.688657 0.119577 0.714699
0 0.102273 0.708333 0.106663 0.694830 0.118286 0.720100
0 0.431302 0.417438 0.436983 0.426312 0.444732 0.415895
0 0.417614 0.432870 0.420196 0.449846 0.442278 0.435378
0 0.498709 0.453704 0.506457 0.466049 0.491349 0.472029
