0 0.650826 0.327932 0.650826 0.342593 0.631973 0.335263
0 0.566632 0.192901 0.570248 0.209877 0.587552 0.197917
0 0.533574 0.146605 0.537190 0.161265 0.515496 0.157408
0 0.414773 0.114969 0.414773 0.133488 0.391788 0.124228
0 0.647727 0.118827 0.646694 0.120370 0.635331 0.138117
0 0.652376 0.170525 0.655992 0.152778 0.674070 0.169368
0 0.676653 0.101852 0.680785 0.087577 0.660899 0.088927
0 0.580062 0.104552 0.579029 0.123457 0.560434 0.114005
0 0.707645 0.081404 0.712810 0.066744 0.724432 0.074074
0 0.703512 0.064429 0.714360 0.056713 0.715650 0.082755
0 0.687500 0.065201 0.697314 0.067130 0.690858 0.093557
0 0.697314 0.054398 0.683884 0.065201 0.699897 0.080825
0 0.794421 0.058256 0.803719 0.072917 0.787190 0.073302
0 0.782025 0.108025 0.793388 0.113426 0.782799 0.135031
0 0.794421 0.152778 0.805269 0.152778 0.799845 0.179784
0 0.794938 0.288194 0.785640 0.277006 0.797521 0.262539
0 0.869318 0.215278 0.857955 0.209877 0.861570 0.241513
0 0.883781 0.243056 0.872417 0.233025 0.870351 0.261188
0 0.857955 0.306327 0.862603 0.293210 0.874742 0.310185
0 0.848657 0.130401 0.857438 0.142747 0.841168 0.155864
0 0.821281 0.067130 0.830579 0.062114 0.834453 0.089313
0 0.835227 0.064429 0.850723 0.072145 0.842975 0.095486
0 0.848657 0.062886 0.857955 0.063657 0.853306 0.090857
0 0.869835 0.062114 0.857955 0.063657 0.863895 0.092399
0 0.875517 0.083719 0.865444 0.082176 0.870480 0.103395
0 0.877324 0.068673 0.866994 0.073302 0.878486 0.092207
0 0.891271 0.070216 0.886364 0.080633 0.895145 0.088927
0 0.879390 0.060957 0.870093 0.070216 0.885201 0.085069
0 0.912190 0.097994 0.919421 0.101080 0.915806 0.114390
0 0.916581 0.103781 0.920455 0.084877 0.904313 0.088927
0 0.926136 0.086420 0.917097 0.086034 0.921617 0.110918
0 0.916064 0.077932 0.906508 0.074846 0.908832 0.102816
0 0.885072 0.136574 0.880424 0.125386 0.869189 0.141589
0 0.881973 0.159336 0.874742 0.149691 0.868672 0.171103
0 0.916064 0.131944 0.916839 0.130787 0.899406 0.139467
0 0.925103 0.168981 0.924329 0.182099 0.908187 0.172647
0 0.931302 0.168981 0.923554 0.177469 0.922005 0.157600
0 0.929494 0.189815 0.921229 0.174769 0.913611 0.197338
0 0.907800 0.187886 0.899793 0.176698 0.892950 0.200618
0 0.866219 0.338349 0.855888 0.333333 0.855501 0.368055
0 0.817924 0.372299 0.827479 0.365741 0.827867 0.392554
0 0.930785 0.332562 0.931043 0.344522 0.911544 0.338542
0 0.928719 0.318287 0.922004 0.330633 0.911674 0.306713
0 0.935434 0.275077 0.925878 0.268904 0.926911 0.292052
0 0.928977 0.261188 0.923295 0.266975 0.915419 0.247878
0 0.928202 0.252315 0.933884 0.260031 0.918259 0.271798
0 0.930785 0.383488 0.930010 0.367670 0.913094 0.375579
0 0.932593 0.390432 0.926911 0.376929 0.918130 0.399498
0 0.763688 0.488812 0.766271 0.475309 0.782929 0.484954
0 0.813275 0.445216 0.817665 0.429012 0.796875 0.430555
0 0.855888 0.451003 0.854855 0.452932 0.873450 0.464892
0 0.846333 0.525463 0.835227 0.529707 0.842975 0.555748
0 0.832903 0.535108 0.821798 0.528549 0.828125 0.509066
0 0.796488 0.534336 0.794421 0.518904 0.813533 0.526428
0 0.808884 0.609568 0.799845 0.602623 0.810563 0.586034
0 0.911674 0.567130 0.915289 0.554398 0.895532 0.552277
0 0.932076 0.541281 0.923037 0.535494 0.925749 0.562307
0 0.935434 0.523534 0.926136 0.518519 0.930140 0.548418
0 0.933626 0.497299 0.924845 0.488812 0.923424 0.520641
0 0.884814 0.457176 0.891012 0.447145 0.899793 0.474923
0 0.898502 0.457176 0.903151 0.441358 0.883781 0.441358
0 0.932335 0.432870 0.928977 0.418210 0.914386 0.429591
0 0.926911 0.439815 0.937242 0.430941 0.925233 0.412616
0 0.923554 0.454861 0.924070 0.453318 0.912836 0.446952
0 0.926395 0.456019 0.925620 0.440972 0.911803 0.448495
0 0.937242 0.454475 0.926136 0.445216 0.921746 0.478588
0 0.819990 0.760031 0.821539 0.771219 0.804752 0.768133
0 0.767045 0.764660 0.757231 0.771605 0.757360 0.743248
0 0.740444 0.650077 0.750258 0.657793 0.751678 0.635417
0 0.878616 0.732639 0.879132 0.734568 0.868672 0.708527
0 0.886364 0.666281 0.896436 0.668596 0.889979 0.696180
0 0.925620 0.748071 0.933368 0.733796 0.917355 0.725502
0 0.927428 0.699846 0.937500 0.705247 0.927428 0.730710
0 0.878616 0.652778 0.886880 0.657407 0.887526 0.632330
0 0.895145 0.581790 0.901085 0.597222 0.880424 0.600502
0 0.873450 0.574460 0.886880 0.573688 0.880165 0.607639
0 0.911674 0.581790 0.922262 0.590278 0.909091 0.612847
0 0.928461 0.601080 0.935950 0.609182 0.923682 0.625385
0 0.927686 0.582176 0.934659 0.592207 0.924586 0.603202
0 0.927686 0.777006 0.935434 0.783179 0.924716 0.801697
0 0.868027 0.771605 0.868543 0.771605 0.873321 0.792438
0 0.877066 0.834877 0.878357 0.815586 0.853177 0.825232
0 0.865186 0.813657 0.868802 0.796296 0.847495 0.804783
0 0.840651 0.872685 0.843492 0.858025 0.823993 0.860147
0 0.936725 0.850694 0.933368 0.834491 0.919679 0.845293
0 0.913223 0.903935 0.902376 0.901620 0.909736 0.878858
0 0.892045 0.893133 0.901860 0.893133 0.893983 0.863233
0 0.900568 0.906250 0.892045 0.893133 0.905992 0.880980
0 0.887397 0.902006 0.876033 0.902006 0.881715 0.870370
0 0.861312 0.904321 0.869576 0.900849 0.856405 0.875000
0 0.858988 0.913194 0.868802 0.904707 0.852015 0.893132
0 0.845558 0.906636 0.852531 0.896219 0.832515 0.890046
0 0.793130 0.884259 0.795713 0.867670 0.817149 0.886960
0 0.811983 0.909722 0.817665 0.898920 0.801265 0.894483
0 0.771178 0.907407 0.758264 0.906636 0.764721 0.876736
0 0.750775 0.890818 0.737603 0.891975 0.744189 0.862075
0 0.738895 0.826775 0.748967 0.832948 0.738637 0.854939
0 0.437500 0.894290 0.447314 0.902778 0.450413 0.873650
0 0.480630 0.904321 0.490702 0.909722 0.496642 0.887346
0 0.502583 0.891975 0.493285 0.903935 0.486958 0.879051
0 0.530475 0.904707 0.541322 0.905864 0.535899 0.879051
0 0.564050 0.912037 0.569473 0.900463 0.552299 0.891011
0 0.573089 0.879630 0.570764 0.861497 0.592846 0.870564
0 0.603306 0.903549 0.615186 0.910494 0.612991 0.887153
0 0.638946 0.903549 0.644628 0.917052 0.661932 0.902778
0 0.651343 0.891975 0.646952 0.873457 0.666451 0.879630
0 0.689566 0.876929 0.702221 0.873843 0.691374 0.850888
0 0.481405 0.690586 0.477531 0.682099 0.468750 0.695024
0 0.429752 0.902392 0.416064 0.900849 0.422908 0.874421
0 0.412190 0.898148 0.401343 0.901620 0.404184 0.868441
0 0.395403 0.898148 0.386105 0.908179 0.382232 0.881173
0 0.351240 0.902778 0.340651 0.896991 0.350336 0.875579
0 0.327996 0.896991 0.339876 0.900077 0.333936 0.869020
0 0.311467 0.883102 0.306560 0.869599 0.321797 0.860533
0 0.317407 0.848765 0.306560 0.847608 0.314049 0.822723
0 0.306560 0.856481 0.298037 0.846451 0.309142 0.825617
0 0.300878 0.843750 0.309659 0.851466 0.305268 0.826967
0 0.289256 0.861111 0.300620 0.856481 0.294422 0.835069
0 0.292097 0.904707 0.305785 0.900463 0.298941 0.881173
0 0.312242 0.897762 0.301395 0.897762 0.306431 0.878086
0 0.274019 0.806327 0.282800 0.798225 0.268725 0.783564
0 0.198864 0.802083 0.199122 0.802083 0.222883 0.803627
0 0.210744 0.759645 0.211002 0.776620 0.195248 0.768132
0 0.172779 0.806327 0.173295 0.808256 0.186467 0.798032
0 0.176136 0.842978 0.176653 0.842593 0.198734 0.832947
0 0.251550 0.850309 0.253616 0.834105 0.268208 0.844136
0 0.253874 0.867670 0.253099 0.855324 0.267433 0.848958
0 0.244318 0.857639 0.256973 0.860725 0.250646 0.828318
0 0.264205 0.898920 0.259556 0.888889 0.275956 0.887153
0 0.262138 0.904321 0.253616 0.894290 0.269112 0.881559
0 0.252583 0.898920 0.264463 0.895448 0.258523 0.877700
0 0.243543 0.896605 0.254649 0.890432 0.241607 0.869984
0 0.230888 0.908179 0.230888 0.890432 0.253615 0.899305
0 0.232696 0.901235 0.225723 0.893519 0.236441 0.880788
0 0.222107 0.909336 0.223140 0.910880 0.229985 0.884259
0 0.217459 0.885031 0.225465 0.888117 0.224432 0.864776
0 0.213843 0.893133 0.224174 0.898148 0.219008 0.870370
0 0.208419 0.900077 0.198864 0.898534 0.208936 0.872492
0 0.197056 0.868441 0.203771 0.877701 0.210357 0.851659
0 0.178202 0.890818 0.183110 0.877701 0.193569 0.885803
0 0.189566 0.901620 0.180269 0.895448 0.188663 0.873649
0 0.176395 0.873071 0.175103 0.887346 0.194860 0.880208
0 0.169680 0.900849 0.178719 0.896605 0.169938 0.876544
0 0.163998 0.897377 0.174070 0.891204 0.162190 0.879437
0 0.145145 0.881559 0.144628 0.868056 0.167097 0.874807
0 0.159091 0.849151 0.157800 0.836806 0.175362 0.836805
0 0.493027 0.562114 0.508523 0.554398 0.495222 0.527392
0 0.327738 0.614969 0.337293 0.605710 0.339359 0.629630
0 0.250517 0.865355 0.254907 0.886574 0.269887 0.869213
0 0.138171 0.869985 0.137655 0.853009 0.160641 0.861497
0 0.140754 0.840278 0.136880 0.860725 0.160512 0.850502
0 0.142304 0.849923 0.154442 0.851852 0.160253 0.826389
0 0.134556 0.833719 0.142045 0.819059 0.152506 0.832562
0 0.133264 0.820216 0.139463 0.836420 0.154830 0.810957
0 0.133006 0.795910 0.140754 0.785494 0.147598 0.804206
0 0.134556 0.786265 0.139721 0.771991 0.149277 0.787423
0 0.140238 0.761188 0.139721 0.779707 0.162190 0.770447
0 0.156250 0.739198 0.157541 0.756173 0.179494 0.747686
0 0.135589 0.719907 0.143595 0.711806 0.145403 0.739391
0 0.137655 0.692515 0.147211 0.685185 0.145661 0.719329
0 0.139463 0.682870 0.149793 0.672454 0.153668 0.693673
0 0.134556 0.669367 0.140754 0.655864 0.155475 0.687693
0 0.155733 0.660108 0.157025 0.679012 0.174845 0.669560
0 0.315083 0.447917 0.315083 0.462963 0.332257 0.455440
0 0.213326 0.471836 0.228048 0.474537 0.220687 0.444638
0 0.191374 0.417052 0.205320 0.414738 0.198347 0.451389
0 0.179494 0.526620 0.191890 0.524691 0.185692 0.559992
0 0.177169 0.501543 0.183368 0.513117 0.170842 0.526620
0 0.133264 0.633873 0.138171 0.623457 0.145402 0.643711
0 0.141012 0.613426 0.137138 0.630015 0.150568 0.635224
0 0.136880 0.617670 0.139463 0.606867 0.164385 0.612269
0 0.139463 0.590664 0.139463 0.606867 0.159608 0.599344
0 0.141012 0.561343 0.150568 0.548225 0.158445 0.577932
0 0.139721 0.540123 0.148502 0.525077 0.159349 0.558256
0 0.138946 0.532407 0.140238 0.519290 0.159608 0.525848
0 0.160899 0.484954 0.166581 0.472994 0.151473 0.498843
0 0.220041 0.373457 0.228306 0.357639 0.238378 0.382716
0 0.180785 0.333333 0.191632 0.327160 0.189308 0.362268
0 0.180010 0.371142 0.189308 0.370370 0.184659 0.396412
0 0.181302 0.364583 0.187758 0.376929 0.179107 0.392168
0 0.174070 0.461034 0.173812 0.443673 0.197185 0.452353
0 0.168388 0.466821 0.177944 0.459105 0.177557 0.484568
0 0.169680 0.477623 0.162448 0.483025 0.174199 0.496142
0 0.146178 0.474923 0.144628 0.488812 0.163482 0.491126
0 0.139979 0.486883 0.138430 0.487654 0.158575 0.468171
0 0.143595 0.473765 0.141012 0.458333 0.161415 0.457755
0 0.152376 0.460648 0.162448 0.464506 0.157412 0.434992
0 0.142562 0.441358 0.145661 0.456019 0.161286 0.437886
0 0.153151 0.421296 0.145661 0.407793 0.160641 0.397184
0 0.149535 0.431327 0.142562 0.420910 0.158058 0.407408
0 0.141787 0.387731 0.148760 0.401235 0.158961 0.375000
0 0.143079 0.365741 0.150310 0.374614 0.158446 0.349344
0 0.150310 0.361497 0.149535 0.379630 0.171617 0.369213
0 0.142045 0.337191 0.144370 0.351080 0.161932 0.339120
0 0.156508 0.327932 0.165289 0.334491 0.165677 0.307677
0 0.318440 0.181327 0.323605 0.172840 0.336002 0.191937
0 0.356921 0.139275 0.356405 0.157407 0.337809 0.148341
0 0.325413 0.244599 0.332903 0.251157 0.337552 0.233025
0 0.271952 0.262731 0.279442 0.273148 0.288868 0.258487
0 0.229855 0.267747 0.236054 0.278549 0.220429 0.283950
0 0.243802 0.273920 0.232180 0.279321 0.228564 0.252507
0 0.217975 0.273148 0.230372 0.278549 0.224173 0.308449
0 0.162448 0.278549 0.166064 0.262346 0.186337 0.274691
0 0.150568 0.278549 0.146178 0.260417 0.159866 0.263696
0 0.145145 0.235725 0.157283 0.230324 0.151214 0.265818
0 0.188275 0.264275 0.177428 0.271605 0.175749 0.244599
0 0.183368 0.236111 0.192924 0.226466 0.193311 0.253472
0 0.183884 0.208333 0.184143 0.192901 0.205062 0.200617
0 0.185950 0.179398 0.198089 0.180170 0.192020 0.205825
0 0.171488 0.176312 0.180785 0.169753 0.174587 0.159722
0 0.161932 0.176312 0.161157 0.172840 0.168776 0.194251
0 0.179752 0.176312 0.181560 0.160108 0.200413 0.171104
0 0.249742 0.134259 0.258006 0.139660 0.251937 0.162615
0 0.261880 0.122299 0.271178 0.122299 0.266529 0.150655
0 0.204804 0.128086 0.212552 0.121142 0.219783 0.144483
0 0.184401 0.147377 0.187758 0.130401 0.203125 0.143325
0 0.153151 0.166281 0.159349 0.177855 0.161286 0.161844
0 0.146436 0.161265 0.159091 0.155864 0.153538 0.185571
0 0.265754 0.103395 0.271952 0.117284 0.252583 0.123071
0 0.204804 0.115741 0.211519 0.101080 0.220300 0.123264
0 0.215909 0.116512 0.215909 0.103395 0.236053 0.109954
0 0.241219 0.103009 0.242769 0.083719 0.258652 0.093364
0 0.237345 0.082562 0.241994 0.096836 0.224173 0.097222
0 0.226498 0.070216 0.236054 0.078704 0.221203 0.091050
0 0.197831 0.098380 0.199380 0.099151 0.198993 0.117091
0 0.186467 0.084877 0.194215 0.084105 0.188663 0.107639
0 0.208161 0.084877 0.215393 0.074074 0.199251 0.065972
0 0.244318 0.072531 0.243543 0.054784 0.226369 0.063658
0 0.246384 0.066358 0.254649 0.058642 0.256456 0.078318
0 0.270145 0.070216 0.265238 0.058642 0.256457 0.071181
0 0.266529 0.080247 0.272727 0.065586 0.256069 0.072531
0 0.274793 0.050154 0.272986 0.062114 0.256973 0.056134
0 0.282025 0.048997 0.287448 0.059414 0.275826 0.064429
0 0.289773 0.048997 0.295971 0.057870 0.283832 0.066937
0 0.295455 0.050926 0.302686 0.059414 0.290031 0.065586
0 0.307851 0.056713 0.297521 0.054012 0.299328 0.081790
0 0.176395 0.145833 0.177944 0.131173 0.189825 0.153743
0 0.165031 0.138889 0.174070 0.127315 0.177299 0.147956
0 0.150826 0.152006 0.154700 0.163966 0.164901 0.143904
0 0.145403 0.142747 0.152893 0.151235 0.160770 0.133681
0 0.152118 0.111111 0.156767 0.096836 0.171875 0.114005
0 0.171229 0.101080 0.172779 0.116127 0.190082 0.107061
0 0.157541 0.077932 0.159349 0.095679 0.183238 0.086806
0 0.168905 0.058256 0.177944 0.064815 0.168646 0.076967
0 0.176136 0.052855 0.170455 0.064815 0.187758 0.073109
0 0.345041 0.078704 0.346591 0.095293 0.325542 0.092978
0 0.352789 0.081019 0.347882 0.093364 0.368931 0.092014
0 0.358988 0.072145 0.350981 0.059414 0.349819 0.090471
0 0.362345 0.054784 0.364153 0.068673 0.343879 0.064236
0 0.367510 0.051698 0.375258 0.058642 0.367123 0.068288
0 0.376291 0.079090 0.384814 0.068287 0.392562 0.090471
0 0.422521 0.082948 0.419938 0.098380 0.405346 0.090664
0 0.429752 0.096836 0.420971 0.089120 0.422779 0.105131
0 0.432076 0.059799 0.422779 0.050154 0.421875 0.067708
0 0.436983 0.059799 0.444731 0.064815 0.435434 0.085262
0 0.474432 0.085262 0.474174 0.100309 0.455321 0.092785
0 0.443182 0.078704 0.447831 0.062114 0.464876 0.078318
0 0.478306 0.101080 0.480372 0.114583 0.460098 0.112461
0 0.505165 0.118441 0.501033 0.131944 0.491477 0.119984
0 0.482180 0.103009 0.491477 0.112654 0.496642 0.085262
0 0.526601 0.085262 0.517045 0.072531 0.509039 0.095101
0 0.556818 0.051698 0.560176 0.067515 0.541710 0.063851
