0 0.534866 0.320216 0.531767 0.307870 0.515238 0.319445
0 0.458678 0.309028 0.465909 0.298225 0.476757 0.320409
0 0.430527 0.282793 0.430527 0.265432 0.452480 0.274112
0 0.386364 0.331790 0.382748 0.316744 0.404055 0.315972
0 0.382748 0.296296 0.378099 0.280093 0.366864 0.297839
0 0.328512 0.249228 0.323864 0.230710 0.346720 0.229745
0 0.303719 0.179398 0.313017 0.183256 0.305914 0.206018
0 0.376033 0.172840 0.372159 0.154321 0.396049 0.158758
0 0.378616 0.089892 0.387913 0.095679 0.377583 0.116898
0 0.398244 0.090664 0.391787 0.102238 0.409737 0.112076
0 0.411157 0.088735 0.415548 0.104552 0.432335 0.091821
0 0.441890 0.125386 0.442665 0.111111 0.460743 0.118249
0 0.496126 0.126543 0.505424 0.120756 0.506586 0.150270
0 0.534349 0.205633 0.526601 0.190972 0.542355 0.184993
0 0.567149 0.117670 0.559401 0.104552 0.552299 0.124614
0 0.522727 0.081019 0.523502 0.095679 0.540419 0.088349
0 0.498709 0.057099 0.491219 0.068673 0.508265 0.079861
0 0.447314 0.056327 0.456353 0.048611 0.459840 0.076003
0 0.292355 0.091821 0.289773 0.076389 0.309401 0.080825
0 0.569731 0.266204 0.570506 0.248843 0.589230 0.257524
0 0.613120 0.237269 0.613636 0.221836 0.590521 0.229552
0 0.589876 0.214506 0.584194 0.200617 0.595171 0.197916
0 0.585486 0.184414 0.573605 0.180556 0.582645 0.158951
0 0.610537 0.167824 0.607955 0.150463 0.627970 0.159143
0 0.603564 0.105324 0.598915 0.091821 0.615960 0.090278
0 0.634556 0.064815 0.629390 0.055170 0.617123 0.072145
0 0.399277 0.042438 0.391529 0.049383 0.400698 0.070409
0 0.377324 0.067901 0.375000 0.048611 0.401988 0.054205
0 0.365961 0.008102 0.376291 0.005015 0.371772 0.029513
0 0.381457 0.009645 0.388946 0.001929 0.396307 0.020448
0 0.422779 0.010031 0.418130 0.018519 0.430656 0.023534
0 0.405733 0.015818 0.412965 0.003086 0.423295 0.021412
0 0.453512 0.013503 0.462552 0.003858 0.467716 0.031057
0 0.485795 0.013503 0.477014 0.016590 0.482696 0.035880
0 0.487862 0.077160 0.487862 0.077160 0.496900 0.047454
0 0.511880 0.040895 0.506715 0.054398 0.525052 0.058256
0 0.533574 0.016590 0.540806 0.005015 0.552040 0.028164
0 0.580062 0.064043 0.575671 0.047454 0.595687 0.050926
0 0.297521 0.054012 0.292355 0.039738 0.280604 0.055749
0 0.286415 0.012731 0.293647 0.022377 0.280605 0.037808
0 0.274019 0.002315 0.281767 0.009645 0.270919 0.028742
0 0.295455 0.010802 0.290806 0.021219 0.316116 0.025656
0 0.309143 0.001157 0.297521 0.010031 0.313920 0.030671
0 0.286932 0.003858 0.298554 0.000386 0.295326 0.028356
0 0.633781 0.233410 0.627324 0.223765 0.641916 0.213155
0 0.612087 0.204475 0.613636 0.221836 0.634040 0.213155
0 0.660382 0.250000 0.650826 0.235340 0.642046 0.264275
0 0.668130 0.239198 0.667355 0.226080 0.681302 0.229552
0 0.658316 0.235725 0.651860 0.221065 0.670972 0.216242
0 0.690599 0.148920 0.681043 0.148920 0.685563 0.176312
0 0.673295 0.152392 0.673295 0.135417 0.695118 0.143904
0 0.637655 0.129630 0.641012 0.111883 0.659608 0.124421
0 0.634556 0.094522 0.634556 0.094907 0.655863 0.103396
0 0.663481 0.061728 0.658574 0.073688 0.676652 0.076388
0 0.640496 0.055941 0.633781 0.071759 0.658446 0.078703
0 0.597107 0.017747 0.591426 0.032022 0.611441 0.036073
0 0.607955 0.018519 0.615702 0.009645 0.622934 0.030864
0 0.630165 0.011960 0.623709 0.025077 0.648244 0.032215
0 0.672779 0.032022 0.672779 0.044367 0.688275 0.038194
0 0.721074 0.028164 0.714618 0.017747 0.703900 0.039352
0 0.679236 0.022377 0.686983 0.009645 0.698864 0.027970
0 0.729597 0.117670 0.728822 0.100694 0.747159 0.109182
0 0.729597 0.091821 0.726240 0.076389 0.744706 0.076389
0 0.759814 0.039738 0.747934 0.030864 0.748192 0.063271
0 0.738636 0.015432 0.736570 0.027006 0.753099 0.026621
0 0.732180 0.032793 0.737862 0.021219 0.743156 0.036844
0 0.722882 0.024306 0.733988 0.027392 0.728435 0.055170
0 0.769370 0.101466 0.769628 0.086806 0.788094 0.094136
0 0.761105 0.083333 0.755424 0.071373 0.767950 0.070795
0 0.836002 0.106096 0.836519 0.089892 0.818569 0.095101
0 0.822572 0.031250 0.810950 0.036651 0.821539 0.057099
0 0.794680 0.040509 0.797262 0.054012 0.812759 0.045524
0 0.807076 0.019290 0.797262 0.026235 0.809272 0.046489
0 0.778409 0.019676 0.778409 0.035108 0.799200 0.027392
0 0.772211 0.017747 0.766787 0.032793 0.785899 0.041281
0 0.759039 0.054012 0.764979 0.037809 0.784608 0.056135
0 0.759039 0.160108 0.757748 0.139275 0.776214 0.149692
0 0.809659 0.183256 0.809659 0.167052 0.787061 0.175154
0 0.748709 0.209491 0.740444 0.195216 0.755940 0.190200
0 0.714360 0.263503 0.707386 0.251157 0.726368 0.244791
0 0.728564 0.277778 0.732696 0.260417 0.748708 0.277392
0 0.691890 0.255787 0.703512 0.260802 0.700413 0.233217
0 0.797262 0.205633 0.806818 0.204475 0.802040 0.229166
0 0.819215 0.174769 0.811467 0.163194 0.824639 0.155865
0 0.807593 0.144676 0.802944 0.129244 0.819732 0.130787
0 0.832645 0.183256 0.819990 0.189043 0.828512 0.212384
0 0.824897 0.231481 0.833161 0.244213 0.813662 0.258487
0 0.872676 0.216435 0.883523 0.221836 0.876421 0.241512
0 0.865702 0.135031 0.870093 0.145062 0.857567 0.154900
0 0.881715 0.127701 0.872159 0.130401 0.876937 0.160880
0 0.852014 0.100309 0.862345 0.092978 0.862603 0.123263
0 0.849432 0.075617 0.855888 0.062886 0.866219 0.084491
0 0.679236 0.312500 0.670196 0.307099 0.677169 0.283565
0 0.887655 0.171682 0.899019 0.173611 0.893337 0.202739
0 0.901860 0.135417 0.909349 0.140818 0.903021 0.156443
0 0.911932 0.135417 0.919680 0.141204 0.909995 0.158372
0 0.924329 0.125772 0.932076 0.136188 0.923295 0.157407
0 0.948347 0.133488 0.949380 0.148920 0.931947 0.149305
0 0.937758 0.115741 0.944473 0.123843 0.927944 0.139082
0 0.922262 0.171682 0.929494 0.175926 0.921746 0.197338
0 0.941116 0.171682 0.930269 0.165895 0.933110 0.191551
0 0.942407 0.161265 0.934659 0.154321 0.932464 0.183449
0 0.933884 0.229552 0.928202 0.215278 0.917226 0.239777
0 0.929494 0.262731 0.920971 0.252701 0.917226 0.277007
0 0.941890 0.250772 0.938533 0.235725 0.924328 0.250578
0 0.935434 0.264275 0.939824 0.276235 0.924716 0.277971
0 0.945764 0.274306 0.939308 0.264275 0.930785 0.286652
0 0.935434 0.291667 0.938533 0.300926 0.923941 0.303241
0 0.701188 0.438272 0.710227 0.438272 0.705708 0.464699
0 0.677169 0.403549 0.665548 0.397377 0.675879 0.377893
0 0.641787 0.378472 0.651343 0.366898 0.637784 0.350887
0 0.638430 0.336034 0.645661 0.352238 0.652247 0.326582
0 0.579029 0.391590 0.588843 0.380401 0.592975 0.410108
0 0.730114 0.302855 0.732696 0.320216 0.711390 0.312114
0 0.768337 0.361883 0.776085 0.372299 0.762526 0.385609
0 0.743543 0.465278 0.757748 0.459105 0.756198 0.489198
0 0.788740 0.481481 0.798554 0.484568 0.793647 0.508101
0 0.810692 0.490355 0.817407 0.475694 0.799328 0.465664
0 0.873967 0.461034 0.862603 0.452546 0.862474 0.485339
0 0.852273 0.440201 0.860021 0.450617 0.861958 0.430941
0 0.906508 0.374614 0.897469 0.364583 0.893853 0.392554
0 0.928977 0.365741 0.919163 0.357253 0.916322 0.385031
0 0.943698 0.443673 0.947572 0.432099 0.929235 0.419753
0 0.944473 0.386960 0.935434 0.374614 0.928719 0.403935
0 0.945248 0.483410 0.942407 0.464892 0.925103 0.476466
0 0.940083 0.505401 0.934659 0.492284 0.920584 0.509452
0 0.944473 0.525077 0.939308 0.511574 0.926782 0.526042
0 0.916839 0.315586 0.919421 0.329090 0.897082 0.330439
0 0.711260 0.750386 0.712552 0.735340 0.731922 0.743827
0 0.664256 0.810185 0.659091 0.798611 0.673037 0.793017
0 0.686983 0.863426 0.684143 0.846836 0.665934 0.859375
0 0.760589 0.851080 0.759039 0.831404 0.735924 0.841242
0 0.777118 0.841049 0.781767 0.827546 0.764334 0.822338
0 0.783058 0.868056 0.783058 0.852623 0.759814 0.858604
0 0.832645 0.785494 0.825671 0.773920 0.815600 0.799383
0 0.832645 0.812114 0.842459 0.808256 0.837552 0.789159
0 0.859246 0.803627 0.857955 0.802083 0.841555 0.819058
0 0.873967 0.783565 0.870093 0.798611 0.856534 0.787230
0 0.829029 0.760031 0.834711 0.747685 0.844137 0.768325
0 0.789514 0.701389 0.781767 0.686728 0.801395 0.679784
0 0.847107 0.635031 0.841684 0.620370 0.826963 0.639081
0 0.708678 0.599923 0.712552 0.582948 0.731018 0.594522
0 0.865702 0.768133 0.877324 0.766975 0.871513 0.739197
0 0.908316 0.773920 0.907800 0.781250 0.897598 0.777585
0 0.881198 0.810185 0.875517 0.796682 0.889076 0.799769
0 0.876808 0.769676 0.887138 0.760417 0.884427 0.785301
0 0.902376 0.677083 0.910899 0.669753 0.912061 0.695602
0 0.712035 0.889660 0.718492 0.899306 0.726498 0.875965
0 0.586002 0.893133 0.595300 0.896991 0.592201 0.871914
0 0.534607 0.849151 0.544680 0.855710 0.548682 0.828125
0 0.779700 0.902006 0.791581 0.902778 0.785640 0.871142
0 0.808884 0.883873 0.799329 0.880015 0.808239 0.857253
0 0.813533 0.905093 0.808368 0.898148 0.817407 0.890046
0 0.797779 0.896991 0.808368 0.898148 0.802815 0.870563
0 0.845558 0.900077 0.836777 0.892361 0.847753 0.880208
0 0.860537 0.898920 0.849690 0.898148 0.855113 0.866127
0 0.939308 0.607639 0.938791 0.593364 0.922133 0.600502
0 0.942665 0.579090 0.938017 0.598380 0.924586 0.581790
0 0.947572 0.582562 0.945248 0.601852 0.921488 0.592207
0 0.938791 0.323302 0.934917 0.310957 0.921875 0.323881
0 0.943182 0.316358 0.938533 0.300926 0.920971 0.317902
0 0.940083 0.339506 0.936725 0.324460 0.918389 0.339699
0 0.941890 0.359182 0.940083 0.344522 0.926136 0.356096
0 0.948347 0.348380 0.941890 0.359182 0.927944 0.347608
0 0.941374 0.368827 0.951446 0.366512 0.946410 0.346450
0 0.925103 0.093750 0.916839 0.086806 0.915806 0.109568
0 0.908833 0.089120 0.898760 0.095679 0.908445 0.110147
0 0.895403 0.079090 0.907025 0.080247 0.901214 0.102816
0 0.858471 0.035880 0.863636 0.028164 0.875000 0.052662
0 0.851498 0.028164 0.862345 0.019676 0.870222 0.049576
0 0.843233 0.044753 0.850723 0.033179 0.863249 0.053819
0 0.833419 0.033179 0.841167 0.024306 0.846591 0.047068
0 0.883006 0.037809 0.877324 0.043596 0.891787 0.051698
0 0.873450 0.025463 0.865702 0.031250 0.881198 0.047068
0 0.878616 0.021219 0.870093 0.028935 0.888172 0.043403
0 0.902376 0.028935 0.901085 0.028935 0.900181 0.052276
0 0.945248 0.078318 0.939308 0.064815 0.930656 0.081597
0 0.935434 0.059028 0.927169 0.050540 0.923554 0.067901
0 0.907800 0.033951 0.906250 0.030864 0.910899 0.052276
0 0.920455 0.030093 0.909091 0.028164 0.914773 0.057485
0 0.929494 0.038966 0.916839 0.040895 0.924457 0.079476
0 0.247159 0.161265 0.247159 0.161265 0.269499 0.152971
0 0.202479 0.148534 0.201188 0.135031 0.216684 0.141396
0 0.168905 0.131559 0.166581 0.111883 0.190083 0.121721
0 0.152893 0.098380 0.148244 0.080247 0.172779 0.083527
0 0.248967 0.013503 0.242510 0.000386 0.229080 0.021605
0 0.143337 0.017361 0.142045 0.032022 0.165934 0.020834
0 0.145919 0.043596 0.142562 0.028164 0.163482 0.030672
0 0.142562 0.059028 0.140496 0.042438 0.164773 0.048032
0 0.235537 0.254630 0.242510 0.241512 0.226756 0.233025
0 0.136622 0.221065 0.142045 0.210262 0.155475 0.229552
0 0.254132 0.349151 0.263946 0.337963 0.250000 0.323302
0 0.174845 0.257716 0.185176 0.247299 0.188792 0.278164
0 0.175620 0.334877 0.185176 0.322531 0.171230 0.304592
0 0.168388 0.410880 0.158833 0.401235 0.170713 0.385417
0 0.191632 0.447917 0.203254 0.451389 0.198089 0.420717
0 0.178202 0.479552 0.188275 0.471065 0.175491 0.451003
0 0.223399 0.519290 0.231147 0.513503 0.223399 0.498843
0 0.136880 0.390818 0.146436 0.386188 0.143595 0.417438
0 0.127066 0.469136 0.137913 0.469907 0.132490 0.443480
0 0.172779 0.501543 0.163223 0.487269 0.154700 0.510031
0 0.122676 0.525077 0.135331 0.530864 0.131715 0.502700
0 0.354339 0.446759 0.365186 0.446759 0.361828 0.422647
0 0.396178 0.496914 0.407800 0.491127 0.403409 0.521605
0 0.317665 0.594522 0.319473 0.595293 0.301137 0.586612
0 0.306043 0.638889 0.300878 0.621528 0.284091 0.638311
0 0.220558 0.672454 0.233471 0.669753 0.226369 0.636767
0 0.208419 0.640818 0.208419 0.624228 0.186725 0.632523
0 0.158058 0.603009 0.166322 0.604167 0.162320 0.585263
0 0.192924 0.687886 0.198605 0.698302 0.184530 0.707562
0 0.206612 0.785108 0.207645 0.766204 0.228565 0.775656
0 0.163740 0.829861 0.158833 0.812500 0.179752 0.804784
0 0.339618 0.743056 0.340651 0.724537 0.322314 0.733796
0 0.372417 0.601080 0.384556 0.594522 0.373321 0.570794
0 0.440857 0.677469 0.440857 0.660108 0.459194 0.668789
0 0.402118 0.829475 0.408574 0.820988 0.392820 0.803627
0 0.285382 0.883873 0.276085 0.873071 0.295584 0.855710
0 0.242769 0.885417 0.240186 0.871914 0.257877 0.870564
0 0.223399 0.875772 0.220041 0.861497 0.238378 0.863233
0 0.205320 0.881944 0.198089 0.871142 0.215263 0.856674
0 0.149793 0.881559 0.144628 0.871914 0.162707 0.863812
0 0.151601 0.859568 0.141271 0.860340 0.146823 0.829668
0 0.126291 0.866127 0.126291 0.849923 0.150310 0.858025
0 0.510072 0.773920 0.508523 0.759259 0.495093 0.773148
0 0.540548 0.331404 0.543905 0.314043 0.559014 0.322723
0 0.944215 0.666281 0.938533 0.650077 0.930011 0.672840
0 0.951446 0.674769 0.947314 0.659336 0.936467 0.676697
0 0.944215 0.642361 0.947831 0.654707 0.929752 0.659336
0 0.942149 0.629244 0.930785 0.626929 0.930011 0.647763
0 0.930785 0.615355 0.936467 0.623843 0.919164 0.639274
0 0.929752 0.610725 0.936467 0.623843 0.916323 0.632330
0 0.946798 0.619985 0.937500 0.611497 0.930269 0.635417
0 0.939566 0.748071 0.936983 0.738812 0.919938 0.750000
0 0.923037 0.777392 0.929236 0.764275 0.914514 0.754244
0 0.948864 0.725694 0.936983 0.721065 0.936983 0.746914
0 0.947314 0.715664 0.938017 0.710262 0.932335 0.731481
0 0.936983 0.693287 0.941632 0.701775 0.923037 0.714892
0 0.948864 0.693287 0.939566 0.688657 0.941374 0.712963
0 0.938533 0.755015 0.936983 0.769676 0.916322 0.762346
0 0.944215 0.757330 0.945764 0.767361 0.931302 0.767361
0 0.948864 0.781250 0.947314 0.771991 0.930786 0.776620
0 0.896694 0.815972 0.905992 0.820602 0.905733 0.793210
0 0.945248 0.802855 0.942149 0.813657 0.930010 0.801311
0 0.935434 0.816744 0.933368 0.803627 0.922779 0.810957
0 0.950413 0.814429 0.945248 0.826003 0.931560 0.808256
0 0.949897 0.794367 0.945764 0.780478 0.931818 0.792438
0 0.892045 0.846836 0.890496 0.832948 0.872934 0.840664
0 0.905992 0.826775 0.907025 0.815201 0.888946 0.815972
0 0.905992 0.843750 0.909091 0.829090 0.887655 0.830632
0 0.898244 0.857639 0.897211 0.867670 0.880166 0.861111
0 0.895661 0.890818 0.886364 0.886960 0.891012 0.867670
0 0.899277 0.897762 0.907541 0.896991 0.901601 0.869598
0 0.911674 0.885417 0.905475 0.887731 0.901860 0.867284
0 0.917355 0.881559 0.911674 0.885417 0.906508 0.863426
0 0.924070 0.895448 0.918905 0.902392 0.905733 0.891590
0 0.887397 0.898534 0.879132 0.904707 0.876808 0.880402
0 0.891012 0.906250 0.893595 0.893904 0.877325 0.891976
0 0.935434 0.846065 0.934401 0.833719 0.918389 0.839892
0 0.943182 0.814429 0.942149 0.813657 0.924587 0.820216
0 0.945248 0.832948 0.935434 0.846065 0.928719 0.828318
0 0.948864 0.838349 0.942665 0.851466 0.926137 0.844907
0 0.927169 0.890818 0.917355 0.892361 0.916839 0.866127
0 0.923037 0.859182 0.917355 0.861497 0.916064 0.845293
0 0.930785 0.878472 0.939050 0.876157 0.929494 0.854167
0 0.934401 0.883873 0.925103 0.886188 0.925878 0.863040
