0 0.848657 0.086034 0.857438 0.099151 0.840393 0.102238
0 0.845300 0.050540 0.857955 0.053627 0.851627 0.075617
0 0.824380 0.057870 0.826188 0.042438 0.846203 0.054784
0 0.865444 0.060957 0.876033 0.051698 0.882232 0.081598
0 0.861570 0.105324 0.867769 0.125772 0.845171 0.124229
0 0.842975 0.167438 0.849948 0.185185 0.829932 0.185185
0 0.759298 0.183256 0.761105 0.167052 0.740832 0.173418
0 0.886105 0.150463 0.884298 0.133102 0.868285 0.141783
0 0.908833 0.182870 0.913998 0.165895 0.896436 0.165895
0 0.912707 0.178241 0.908833 0.190972 0.895274 0.180362
0 0.799070 0.084491 0.810176 0.099151 0.790935 0.109954
0 0.730888 0.099151 0.730114 0.113040 0.750387 0.106096
0 0.772469 0.215664 0.782800 0.214120 0.777635 0.245370
0 0.713068 0.263503 0.709969 0.284336 0.687242 0.271605
0 0.646436 0.338349 0.651601 0.354552 0.663223 0.343750
0 0.872159 0.290509 0.879907 0.278935 0.865703 0.270448
0 0.881973 0.177083 0.894886 0.179398 0.888429 0.210648
0 0.940341 0.241512 0.944731 0.256173 0.924845 0.258873
0 0.942149 0.265818 0.946281 0.281250 0.924974 0.283950
0 0.936467 0.282793 0.944990 0.292824 0.929107 0.302662
0 0.939824 0.301312 0.948864 0.312114 0.933885 0.331790
0 0.852014 0.354167 0.865444 0.351466 0.859762 0.378858
0 0.828771 0.336034 0.840134 0.334877 0.834453 0.361497
0 0.814566 0.400463 0.824122 0.391975 0.817020 0.377315
0 0.797521 0.431327 0.799070 0.433642 0.781121 0.417053
0 0.741477 0.452546 0.743285 0.434414 0.764979 0.447917
0 0.878874 0.423611 0.890496 0.420139 0.885718 0.442129
0 0.912707 0.383102 0.924329 0.385031 0.918518 0.410108
0 0.926136 0.364198 0.937758 0.375386 0.930010 0.396413
0 0.942924 0.359182 0.949897 0.373457 0.933885 0.382909
0 0.943698 0.487269 0.953254 0.496142 0.940341 0.512346
0 0.884039 0.057099 0.888171 0.046682 0.895015 0.062693
0 0.892045 0.059028 0.901085 0.046682 0.906895 0.064622
0 0.922262 0.062114 0.934401 0.068673 0.924845 0.090471
0 0.927428 0.110340 0.934659 0.120756 0.920067 0.130016
0 0.932593 0.092207 0.941632 0.099537 0.929365 0.125000
0 0.932593 0.112269 0.946798 0.125772 0.935563 0.139853
0 0.934659 0.159722 0.946023 0.163194 0.939696 0.182291
0 0.945506 0.213349 0.941632 0.227238 0.925749 0.207755
0 0.780217 0.054398 0.786157 0.042824 0.796358 0.062693
0 0.767304 0.058256 0.773760 0.044753 0.784995 0.065393
0 0.755165 0.070602 0.761364 0.051698 0.777117 0.068095
0 0.731663 0.053241 0.742252 0.042824 0.748838 0.069444
0 0.734504 0.080633 0.735537 0.097608 0.711390 0.089120
0 0.700671 0.092978 0.700671 0.111111 0.681689 0.102045
0 0.706612 0.067130 0.702738 0.047840 0.684659 0.059800
0 0.695764 0.047454 0.696281 0.047840 0.716942 0.061728
0 0.668388 0.034336 0.680010 0.051312 0.663868 0.054398
0 0.633781 0.063272 0.647469 0.065586 0.640625 0.094907
0 0.603306 0.055556 0.607955 0.073302 0.586777 0.067516
0 0.528667 0.052469 0.531767 0.037809 0.550878 0.050541
0 0.493027 0.048997 0.495868 0.033951 0.510718 0.045139
0 0.498709 0.057099 0.508781 0.050154 0.506844 0.076774
0 0.490444 0.075617 0.493543 0.058256 0.475206 0.066743
0 0.457903 0.067130 0.455579 0.052469 0.436080 0.060378
0 0.439050 0.061728 0.439050 0.045525 0.456353 0.053627
0 0.479339 0.100694 0.476756 0.115741 0.461390 0.105710
0 0.530217 0.125772 0.529442 0.142747 0.510331 0.134260
0 0.470300 0.167052 0.475207 0.152778 0.490444 0.167245
0 0.377324 0.197917 0.377066 0.179012 0.403409 0.188465
0 0.409866 0.094136 0.415806 0.109568 0.396953 0.111497
0 0.389205 0.032022 0.395403 0.045139 0.376033 0.047454
0 0.315857 0.041667 0.329029 0.047454 0.322443 0.075618
0 0.305785 0.045525 0.313533 0.060957 0.294550 0.065201
0 0.274535 0.078318 0.276085 0.094907 0.259427 0.086613
0 0.290289 0.037423 0.296746 0.053241 0.274535 0.056134
0 0.277118 0.035880 0.282541 0.047840 0.258910 0.051505
0 0.265238 0.208333 0.272211 0.221451 0.257103 0.234567
0 0.176395 0.181327 0.185950 0.168596 0.193957 0.189815
0 0.225723 0.237654 0.227014 0.241898 0.218363 0.223380
0 0.183626 0.159336 0.191116 0.172454 0.198476 0.152392
0 0.208419 0.120756 0.217200 0.111883 0.219137 0.141397
0 0.188533 0.226852 0.199122 0.226466 0.193827 0.257330
0 0.196539 0.046296 0.208419 0.042824 0.203254 0.072723
0 0.173295 0.040123 0.184401 0.031250 0.185175 0.063272
0 0.153926 0.067901 0.161674 0.057870 0.172392 0.076003
0 0.149793 0.206790 0.150568 0.189429 0.169034 0.201582
0 0.149793 0.133488 0.160382 0.125772 0.160898 0.162037
0 0.145661 0.099537 0.154184 0.092593 0.157283 0.119792
0 0.138430 0.065586 0.147469 0.052469 0.146823 0.080439
0 0.135072 0.066744 0.137913 0.046682 0.160641 0.056713
0 0.131715 0.085262 0.135072 0.066744 0.151602 0.076967
0 0.128357 0.079861 0.138430 0.065586 0.141270 0.095871
0 0.126550 0.095679 0.137655 0.090278 0.135718 0.115741
0 0.126808 0.112269 0.135847 0.100309 0.137138 0.126158
0 0.123967 0.118827 0.133264 0.105710 0.131715 0.131173
0 0.123967 0.151620 0.132748 0.138889 0.135977 0.165124
0 0.121643 0.162423 0.130682 0.152778 0.133265 0.175347
0 0.136622 0.202932 0.145403 0.191358 0.150827 0.212963
0 0.130940 0.218364 0.142820 0.205633 0.143078 0.229745
0 0.142045 0.257330 0.149535 0.241512 0.159607 0.261767
0 0.128874 0.253858 0.140238 0.252315 0.134556 0.230324
0 0.119060 0.218750 0.130165 0.210648 0.126549 0.239969
0 0.306302 0.394676 0.319473 0.384259 0.304752 0.367670
0 0.243802 0.303241 0.252324 0.319059 0.233342 0.331018
0 0.217200 0.383102 0.228306 0.374228 0.227402 0.396798
0 0.149535 0.317901 0.150052 0.302469 0.168905 0.310185
0 0.129907 0.265818 0.137138 0.258488 0.139721 0.282987
0 0.118802 0.271605 0.126291 0.261188 0.130295 0.288966
0 0.120351 0.306327 0.128874 0.295910 0.132877 0.329090
0 0.120610 0.342978 0.128099 0.332948 0.136622 0.357639
0 0.117769 0.351080 0.122934 0.336806 0.133910 0.361112
0 0.119060 0.369985 0.127324 0.359954 0.130423 0.387539
0 0.419938 0.423611 0.426136 0.441358 0.445248 0.427083
0 0.433110 0.415895 0.441632 0.424383 0.442665 0.406443
0 0.546229 0.400077 0.553202 0.410880 0.538094 0.419175
0 0.295196 0.474923 0.304236 0.462191 0.290806 0.448495
0 0.942407 0.442130 0.951705 0.447531 0.942794 0.472415
0 0.944731 0.420525 0.951705 0.435957 0.938921 0.434607
0 0.940857 0.409722 0.948864 0.422454 0.933110 0.435764
0 0.947314 0.406636 0.954287 0.418981 0.934271 0.424575
0 0.946798 0.384645 0.952996 0.398534 0.936208 0.408179
0 0.946023 0.530093 0.948089 0.547840 0.926782 0.541667
0 0.861054 0.500000 0.874483 0.510417 0.860021 0.530671
0 0.950671 0.587577 0.948864 0.604552 0.930527 0.595293
0 0.951705 0.628472 0.947831 0.641204 0.931690 0.626157
0 0.315083 0.604167 0.324897 0.608796 0.325414 0.576774
0 0.401343 0.672454 0.408316 0.661651 0.416323 0.687307
0 0.455320 0.744985 0.467459 0.745756 0.461390 0.714892
0 0.392045 0.699460 0.392045 0.716821 0.372159 0.708141
0 0.293905 0.724923 0.295196 0.729552 0.289902 0.702546
0 0.230114 0.584877 0.241477 0.586420 0.235795 0.619406
0 0.227531 0.523148 0.237862 0.523148 0.231663 0.557098
0 0.183626 0.582176 0.192149 0.587577 0.192536 0.559992
0 0.156508 0.520833 0.157800 0.503858 0.178977 0.512346
0 0.159607 0.533565 0.159607 0.533565 0.169809 0.560957
0 0.171229 0.666667 0.183368 0.668596 0.177298 0.640625
0 0.221074 0.726080 0.219783 0.707176 0.240057 0.716628
0 0.250517 0.735340 0.254132 0.719522 0.272211 0.737461
0 0.343750 0.723380 0.347882 0.741898 0.326833 0.738426
0 0.176911 0.736497 0.178202 0.719522 0.200284 0.728009
0 0.116477 0.424383 0.116477 0.424383 0.127711 0.438078
0 0.128357 0.480710 0.133781 0.492670 0.145016 0.474537
0 0.114411 0.481096 0.123450 0.471836 0.127841 0.500193
0 0.131973 0.551698 0.134298 0.560571 0.145403 0.548418
0 0.121901 0.518904 0.128616 0.511574 0.132619 0.538773
0 0.137138 0.574846 0.140754 0.558642 0.155475 0.571952
0 0.113895 0.494985 0.124483 0.490355 0.119706 0.521219
0 0.111312 0.547840 0.117510 0.535494 0.128615 0.562307
0 0.116477 0.581019 0.122676 0.567515 0.130294 0.590857
0 0.110279 0.594136 0.120351 0.583333 0.122934 0.608989
0 0.147986 0.730324 0.138946 0.717207 0.159608 0.702546
0 0.152634 0.753086 0.163481 0.756944 0.159220 0.724730
0 0.187500 0.756944 0.188791 0.739969 0.211777 0.748456
0 0.166322 0.784336 0.158833 0.769676 0.177945 0.760609
0 0.140238 0.746914 0.139721 0.731096 0.161932 0.739005
0 0.121901 0.634259 0.131457 0.630787 0.128874 0.658757
0 0.110795 0.633873 0.121126 0.623071 0.125000 0.645833
0 0.107696 0.641590 0.113895 0.629244 0.121255 0.658179
0 0.107696 0.683642 0.107696 0.683642 0.125129 0.696373
0 0.107438 0.711806 0.112087 0.700617 0.124483 0.722801
0 0.107955 0.730710 0.113120 0.722608 0.123450 0.742284
0 0.110795 0.742284 0.115702 0.729938 0.125000 0.752700
0 0.256973 0.839506 0.267045 0.832562 0.253873 0.813271
0 0.225207 0.841049 0.225981 0.854167 0.247417 0.847608
0 0.182335 0.853781 0.184659 0.873071 0.206353 0.855710
0 0.445248 0.794753 0.449638 0.809414 0.431947 0.809800
0 0.344008 0.826003 0.351498 0.838735 0.362345 0.819059
0 0.373709 0.848380 0.379390 0.863812 0.393983 0.844329
0 0.332645 0.854167 0.336002 0.868056 0.353693 0.853203
0 0.302686 0.885417 0.311725 0.888503 0.311208 0.863040
0 0.315599 0.829861 0.326188 0.835262 0.326576 0.805748
0 0.341167 0.822531 0.345558 0.808642 0.328512 0.810764
0 0.343750 0.931327 0.353564 0.935185 0.351498 0.909915
0 0.336002 0.934414 0.346591 0.928241 0.339618 0.908565
0 0.355372 0.903164 0.360537 0.917438 0.374355 0.902006
0 0.362087 0.925154 0.369835 0.935571 0.380294 0.911266
0 0.381457 0.934799 0.391787 0.942901 0.395532 0.917053
0 0.395661 0.925154 0.403151 0.937500 0.414643 0.915895
0 0.418647 0.929398 0.428461 0.941744 0.438533 0.913388
0 0.468233 0.915509 0.478564 0.918596 0.473398 0.885224
0 0.487345 0.939815 0.497417 0.939815 0.492381 0.914352
0 0.485795 0.935571 0.496384 0.934028 0.491089 0.910108
0 0.464101 0.939429 0.472107 0.930170 0.463585 0.911266
0 0.451188 0.929398 0.463585 0.930170 0.458807 0.900656
0 0.307593 0.934799 0.319473 0.935957 0.313533 0.905865
0 0.277634 0.923611 0.289773 0.935185 0.299586 0.910494
0 0.269886 0.930556 0.280733 0.940972 0.289643 0.910494
0 0.535640 0.817130 0.538998 0.801698 0.515367 0.804591
0 0.573089 0.790509 0.574638 0.806327 0.553848 0.800540
0 0.571281 0.761188 0.582903 0.761574 0.577092 0.794174
0 0.591684 0.751543 0.604081 0.750386 0.597882 0.779900
0 0.578771 0.731096 0.587552 0.721836 0.571539 0.706790
0 0.672779 0.804784 0.675620 0.787809 0.696797 0.802662
0 0.685692 0.758488 0.694473 0.746528 0.702221 0.778164
0 0.730114 0.804398 0.736829 0.815586 0.746772 0.792245
0 0.709969 0.869985 0.717200 0.857253 0.697831 0.843943
0 0.651343 0.867284 0.654700 0.850309 0.676524 0.865162
0 0.805269 0.638889 0.811725 0.627315 0.815858 0.646798
0 0.831095 0.664738 0.842200 0.674383 0.831095 0.691358
0 0.841426 0.721451 0.845300 0.703318 0.861183 0.717785
0 0.896436 0.708719 0.906767 0.719136 0.890367 0.733217
0 0.887913 0.811728 0.900052 0.810571 0.893982 0.779513
0 0.940083 0.854167 0.952221 0.849151 0.942020 0.822145
0 0.948864 0.826003 0.958161 0.820988 0.947056 0.795139
0 0.869576 0.854938 0.880940 0.846451 0.866735 0.829475
0 0.797262 0.752315 0.797262 0.727623 0.823864 0.739969
0 0.787190 0.770833 0.788998 0.756559 0.770790 0.757909
0 0.738636 0.830633 0.738636 0.829090 0.765108 0.820602
0 0.818698 0.865741 0.826446 0.850309 0.807722 0.848958
0 0.834969 0.864198 0.832645 0.877315 0.817149 0.867091
0 0.929236 0.907793 0.922004 0.922068 0.917355 0.891204
0 0.927944 0.915895 0.941116 0.916667 0.934530 0.888504
0 0.883523 0.923611 0.896952 0.927469 0.896436 0.893518
0 0.889463 0.920910 0.884814 0.942515 0.867898 0.921875
0 0.843750 0.922454 0.851756 0.935957 0.863636 0.916281
0 0.842975 0.867284 0.853822 0.858025 0.852531 0.881752
0 0.883264 0.890046 0.889979 0.871914 0.872159 0.870563
0 0.831870 0.930941 0.845300 0.927469 0.838585 0.896991
0 0.834452 0.923611 0.829287 0.937886 0.815728 0.919753
0 0.821281 0.923611 0.816374 0.939043 0.802041 0.929398
0 0.768595 0.908951 0.780217 0.919367 0.786932 0.894290
0 0.751808 0.897377 0.766012 0.910880 0.768078 0.877893
0 0.748192 0.939043 0.759298 0.932099 0.751162 0.907600
0 0.707903 0.933642 0.716942 0.943673 0.721591 0.917439
0 0.680010 0.923611 0.685176 0.936343 0.695506 0.919754
0 0.675620 0.946759 0.682076 0.932870 0.666451 0.931327
0 0.651601 0.927469 0.661157 0.940586 0.671617 0.915316
0 0.513430 0.896219 0.517304 0.915895 0.536932 0.904707
0 0.532283 0.933642 0.543905 0.946759 0.548683 0.917053
0 0.633781 0.898920 0.630424 0.917438 0.612345 0.905478
0 0.616477 0.932870 0.626550 0.942515 0.637655 0.927855
0 0.624483 0.935957 0.613636 0.929784 0.635201 0.918982
0 0.603564 0.923611 0.613120 0.927469 0.615315 0.894676
0 0.582903 0.935185 0.598657 0.933642 0.580837 0.909336
0 0.579287 0.933642 0.591426 0.946759 0.599690 0.915316
0 0.555527 0.929012 0.559659 0.942901 0.580707 0.932098
0 0.256973 0.914738 0.256973 0.914738 0.277763 0.912422
0 0.260847 0.929784 0.273502 0.925926 0.267174 0.896219
0 0.238378 0.928627 0.246126 0.938657 0.257360 0.915316
0 0.259814 0.886574 0.270403 0.895833 0.253616 0.907407
0 0.223657 0.927469 0.231921 0.938657 0.241735 0.910880
0 0.213068 0.928627 0.220816 0.937500 0.232179 0.908757
0 0.203254 0.927469 0.211519 0.936728 0.223657 0.910300
0 0.196798 0.928627 0.210486 0.928627 0.212810 0.902392
0 0.183110 0.926698 0.191632 0.938272 0.203255 0.911072
0 0.184143 0.919753 0.193957 0.927083 0.199510 0.898919
0 0.163998 0.921296 0.167097 0.932870 0.187242 0.917824
0 0.178719 0.917824 0.188791 0.912809 0.183755 0.891011
0 0.154959 0.907022 0.155217 0.924383 0.181689 0.914738
0 0.143595 0.900077 0.144886 0.899691 0.168130 0.895833
0 0.153667 0.880015 0.156508 0.903935 0.135976 0.891975
0 0.129649 0.927083 0.135589 0.907793 0.154830 0.917438
0 0.110279 0.907407 0.113895 0.894676 0.137268 0.910301
0 0.109246 0.892361 0.114153 0.876929 0.132360 0.896219
0 0.154700 0.817130 0.165031 0.820216 0.161027 0.853974
0 0.162190 0.826389 0.168130 0.809028 0.173167 0.838734
0 0.144628 0.838349 0.154184 0.843750 0.146436 0.865355
0 0.125775 0.845293 0.130682 0.829475 0.147985 0.847608
0 0.109246 0.859954 0.115961 0.845679 0.131715 0.865162
0 0.107696 0.842593 0.113895 0.828704 0.124870 0.848766
0 0.108988 0.832948 0.121901 0.834491 0.115832 0.863619
0 0.109246 0.829861 0.107955 0.812500 0.129908 0.821180
0 0.146178 0.797840 0.146694 0.782793 0.166968 0.790316
0 0.109246 0.752315 0.120610 0.740355 0.125517 0.767168
0 0.106405 0.763889 0.114153 0.751929 0.125000 0.780864
0 0.107438 0.776620 0.107696 0.776235 0.127066 0.793017
0 0.108988 0.797068 0.116994 0.783179 0.118802 0.801119
0 0.104855 0.797454 0.111829 0.782793 0.117768 0.806134
