0 0.359633 0.484954 0.010072 0.028549
0 0.399922 0.585455 0.006457 0.019676
0 0.496513 0.530189 0.005423 0.017168
0 0.149147 0.475309 0.008523 0.024691
0 0.157800 0.449749 0.007748 0.028742
0 0.187371 0.415799 0.007490 0.028743
0 0.101950 0.463735 0.015884 0.011574
0 0.265367 0.438561 0.003874 0.023726
0 0.252841 0.552662 0.010330 0.029706
0 0.224819 0.582851 0.009556 0.021412
0 0.229532 0.625386 0.015367 0.011574
0 0.268595 0.606096 0.016529 0.012346
0 0.277053 0.331211 0.017174 0.026621
0 0.266852 0.321759 0.007619 0.015432
0 0.239669 0.373071 0.008781 0.025462
0 0.158187 0.500772 0.006456 0.022377
0 0.166710 0.558739 0.006973 0.022955
0 0.191374 0.536458 0.018078 0.013503
0 0.203642 0.596451 0.005423 0.018518
0 0.141013 0.621528 0.011363 0.018518
0 0.124871 0.594715 0.006974 0.019676
0 0.129261 0.593557 0.015754 0.010416
0 0.095364 0.605131 0.007361 0.028936
0 0.095042 0.540991 0.014463 0.019483
0 0.103693 0.619599 0.007490 0.027778
0 0.094008 0.643711 0.017562 0.021219
0 0.183432 0.313079 0.017433 0.012731
0 0.228048 0.353106 0.007231 0.025656
0 0.194086 0.279610 0.008006 0.027199
0 0.300685 0.292438 0.011234 0.016976
0 0.129584 0.272569 0.017949 0.010416
0 0.103499 0.315779 0.014851 0.015046
0 0.124742 0.369791 0.011880 0.021219
0 0.161157 0.239198 0.009814 0.025463
0 0.172198 0.255208 0.006585 0.018905
0 0.725464 0.179881 0.008781 0.034143
0 0.694022 0.233893 0.015367 0.011381
0 0.684465 0.307388 0.008652 0.022184
0 0.713326 0.287713 0.007232 0.022955
0 0.670842 0.371046 0.012655 0.022955
0 0.749483 0.254148 0.009297 0.026813
0 0.750646 0.305555 0.005423 0.022376
0 0.779701 0.237461 0.006199 0.026621
0 0.773954 0.289158 0.011751 0.009645
0 0.821022 0.290317 0.006715 0.024305
0 0.574186 0.145641 0.015367 0.009645
0 0.652893 0.659915 0.017562 0.011188
0 0.669551 0.575810 0.017821 0.012732
0 0.711518 0.614873 0.017046 0.021798
0 0.711712 0.636864 0.017691 0.019097
0 0.514850 0.657987 0.011105 0.028935
0 0.631328 0.706887 0.014721 0.016783
0 0.497611 0.725116 0.010976 0.025848
0 0.554945 0.763888 0.021565 0.017747
0 0.612345 0.733989 0.019628 0.011960
0 0.649018 0.768615 0.010847 0.021412
0 0.702544 0.683835 0.017174 0.008102
0 0.720235 0.570795 0.016917 0.012732
0 0.728370 0.670332 0.009427 0.023534
0 0.722043 0.712384 0.017174 0.012731
0 0.700155 0.773823 0.012913 0.029514
0 0.571927 0.519869 0.017820 0.015046
0 0.715780 0.521219 0.016270 0.013889
0 0.446798 0.700520 0.013429 0.015625
0 0.496578 0.816165 0.019757 0.015046
0 0.427686 0.801697 0.021694 0.016975
0 0.399794 0.679880 0.012913 0.029514
0 0.684918 0.437307 0.019111 0.018904
0 0.777247 0.480131 0.011106 0.028164
0 0.564695 0.431616 0.010072 0.029513
0 0.557335 0.389467 0.020145 0.015047
0 0.548490 0.834684 0.023373 0.017361
0 0.607438 0.830440 0.020661 0.021991
0 0.647598 0.811632 0.010072 0.033758
0 0.292937 0.651138 0.016917 0.026814
0 0.356857 0.670525 0.021049 0.015432
0 0.709001 0.848187 0.021307 0.018904
0 0.736571 0.817708 0.018595 0.018904
0 0.492898 0.897570 0.012138 0.029707
0 0.465974 0.861883 0.016400 0.018518
0 0.407606 0.877893 0.019240 0.016590
0 0.813469 0.821373 0.013817 0.025463
0 0.918066 0.624421 0.019240 0.011960
0 0.916258 0.645641 0.019240 0.010417
0 0.918195 0.664545 0.017949 0.010417
0 0.916322 0.685957 0.019111 0.020833
0 0.850917 0.613425 0.018724 0.013889
0 0.835228 0.564140 0.008781 0.023341
0 0.921682 0.558738 0.011493 0.028743
0 0.906573 0.532215 0.005294 0.022763
0 0.831483 0.662134 0.010589 0.029514
0 0.868672 0.746914 0.008007 0.024691
0 0.898567 0.760417 0.012784 0.027778
0 0.799780 0.747878 0.016917 0.011188
0 0.864024 0.822049 0.009556 0.027971
0 0.920197 0.717785 0.018078 0.011959
0 0.927879 0.860533 0.009943 0.029707
0 0.921358 0.731289 0.009555 0.025077
0 0.930721 0.736689 0.007360 0.025849
0 0.893336 0.899788 0.008781 0.025270
0 0.812500 0.766204 0.016012 0.014661
0 0.817019 0.779128 0.017304 0.014274
0 0.826446 0.773245 0.010331 0.020255
0 0.840264 0.877507 0.010589 0.032793
0 0.807851 0.860822 0.013947 0.016010
0 0.848915 0.895736 0.010847 0.031057
0 0.878810 0.901813 0.011493 0.022762
0 0.883265 0.890914 0.008265 0.021412
0 0.778538 0.901717 0.022986 0.019097
0 0.791064 0.899402 0.007232 0.022184
0 0.807851 0.903453 0.013947 0.021798
0 0.744060 0.899788 0.008781 0.025270
0 0.712293 0.906539 0.009814 0.022569
0 0.706289 0.876929 0.021307 0.013888
0 0.666064 0.901813 0.009298 0.028164
0 0.680140 0.891686 0.009555 0.029900
0 0.629391 0.906346 0.013946 0.021412
0 0.671552 0.027488 0.018208 0.015625
0 0.713456 0.027585 0.014721 0.013503
0 0.703513 0.070120 0.011363 0.015625
0 0.685951 0.069734 0.018078 0.012538
0 0.687113 0.043789 0.007489 0.018133
0 0.697702 0.106675 0.019369 0.017361
0 0.666194 0.069155 0.016787 0.013310
0 0.643466 0.049769 0.007490 0.024691
0 0.737216 0.036845 0.013688 0.013503
0 0.749225 0.083044 0.010847 0.027970
0 0.768918 0.091049 0.017692 0.019290
0 0.812887 0.106482 0.010589 0.033179
0 0.793647 0.131848 0.008265 0.027585
0 0.766335 0.135802 0.015108 0.013117
0 0.819344 0.154032 0.011622 0.025655
0 0.668905 0.121817 0.015496 0.015239
0 0.696668 0.133294 0.011622 0.010417
0 0.615960 0.135802 0.017045 0.021605
0 0.641400 0.137539 0.008007 0.020448
0 0.765689 0.065779 0.017691 0.014275
0 0.830256 0.195023 0.010202 0.021220
0 0.887010 0.105613 0.014205 0.015239
0 0.890948 0.143518 0.015625 0.011575
0 0.863701 0.153357 0.012267 0.021991
0 0.846913 0.202836 0.015625 0.017169
0 0.902053 0.206597 0.020273 0.017361
0 0.894629 0.184607 0.008781 0.028935
0 0.851433 0.223380 0.015625 0.030864
0 0.780604 0.187211 0.010072 0.027199
0 0.837229 0.294271 0.011235 0.020255
0 0.855759 0.281636 0.008006 0.024692
0 0.858148 0.292342 0.007618 0.018325
0 0.875775 0.294271 0.009298 0.028743
0 0.886880 0.316647 0.008264 0.023727
0 0.912707 0.320409 0.018595 0.015818
0 0.918453 0.279321 0.016400 0.021605
0 0.806043 0.338831 0.007748 0.021412
0 0.913223 0.239584 0.007232 0.022376
0 0.911415 0.241899 0.006198 0.025463
0 0.851627 0.360436 0.008006 0.027971
0 0.868286 0.339892 0.008781 0.026234
0 0.881327 0.339121 0.013688 0.028549
0 0.886105 0.391011 0.010331 0.031250
0 0.873579 0.457369 0.007489 0.025078
0 0.886364 0.474634 0.008781 0.029129
0 0.918001 0.416281 0.016270 0.023148
0 0.918324 0.389371 0.008394 0.029128
0 0.911544 0.366030 0.006973 0.029900
0 0.920132 0.499132 0.017691 0.016396
0 0.915612 0.483218 0.017433 0.019676
0 0.534607 0.269290 0.013429 0.024692
0 0.684853 0.410880 0.015883 0.015432
0 0.600013 0.405478 0.018208 0.018519
0 0.919163 0.442709 0.017046 0.021219
0 0.920003 0.464024 0.018466 0.014468
0 0.888624 0.381559 0.015625 0.012345
0 0.918001 0.327450 0.012655 0.024499
0 0.906767 0.267651 0.019628 0.023341
0 0.917355 0.291956 0.007231 0.025270
0 0.204094 0.159722 0.012785 0.020834
0 0.188275 0.175251 0.008781 0.019097
0 0.203964 0.171200 0.014592 0.014467
0 0.169550 0.163966 0.010073 0.028550
0 0.178460 0.197145 0.014979 0.027006
0 0.148890 0.161747 0.009039 0.027199
0 0.154958 0.188753 0.014463 0.023341
0 0.261557 0.148534 0.020790 0.019290
0 0.208161 0.073881 0.017045 0.020447
0 0.166903 0.073495 0.019757 0.018133
0 0.137977 0.092110 0.023373 0.020641
0 0.140495 0.086323 0.014463 0.011381
0 0.357438 0.238812 0.011880 0.020833
0 0.321023 0.255787 0.015496 0.009260
0 0.362345 0.202836 0.010331 0.010995
0 0.347172 0.163387 0.015367 0.015818
0 0.363959 0.130016 0.015883 0.013117
0 0.334259 0.158758 0.010718 0.008102
0 0.404959 0.187789 0.012397 0.019869
0 0.155217 0.704861 0.007232 0.023148
0 0.231405 0.683160 0.018595 0.016397
0 0.237604 0.663870 0.008265 0.013311
0 0.264398 0.730324 0.008393 0.027006
0 0.292743 0.735532 0.013688 0.011960
0 0.332193 0.731289 0.016400 0.016589
0 0.325348 0.765240 0.015625 0.010417
0 0.111441 0.332658 0.019370 0.014468
0 0.432529 0.097512 0.012267 0.022183
0 0.460550 0.030671 0.007619 0.025077
0 0.467587 0.040703 0.006973 0.021219
0 0.479726 0.050251 0.005940 0.024884
0 0.500581 0.043113 0.007361 0.024499
0 0.491477 0.024113 0.004132 0.014275
0 0.425491 0.056520 0.010072 0.028164
0 0.383522 0.129630 0.007231 0.023919
0 0.404894 0.169946 0.013042 0.009646
0 0.452609 0.198881 0.015755 0.010417
0 0.428202 0.034915 0.013429 0.014274
0 0.396049 0.060571 0.017821 0.010030
0 0.397727 0.109182 0.015496 0.009260
0 0.348657 0.053337 0.019628 0.009452
0 0.400891 0.073302 0.019498 0.011575
0 0.537642 0.026717 0.014592 0.021798
0 0.520338 0.042052 0.008652 0.022377
0 0.355501 0.037133 0.014721 0.015239
0 0.284995 0.029610 0.009556 0.024498
0 0.293711 0.043210 0.020790 0.016976
0 0.269886 0.017554 0.015495 0.015818
0 0.267110 0.032215 0.008393 0.021991
0 0.221009 0.024499 0.009943 0.024305
0 0.209323 0.034915 0.008006 0.022762
0 0.216038 0.036073 0.005424 0.020447
0 0.243027 0.060089 0.007231 0.013696
0 0.123128 0.034047 0.009427 0.021026
0 0.133458 0.032215 0.011493 0.017361
0 0.135589 0.053627 0.024793 0.020061
0 0.149923 0.052180 0.008007 0.013310
0 0.172521 0.033951 0.016529 0.025463
0 0.174458 0.047454 0.015754 0.013889
0 0.096720 0.374325 0.011622 0.019869
0 0.101304 0.393325 0.017691 0.018133
0 0.093362 0.403839 0.010589 0.021412
0 0.105307 0.419560 0.018982 0.012732
0 0.133651 0.431423 0.009039 0.019097
0 0.118479 0.442611 0.017433 0.011767
0 0.103177 0.484761 0.020403 0.018904
0 0.128228 0.480517 0.010072 0.032022
0 0.115896 0.540895 0.023114 0.018518
0 0.095946 0.656828 0.011105 0.016590
0 0.113636 0.633777 0.009814 0.019483
0 0.106405 0.652489 0.013946 0.020641
0 0.099432 0.669174 0.014980 0.008102
0 0.101369 0.691937 0.021952 0.011188
0 0.099303 0.717785 0.017820 0.016589
0 0.111182 0.722319 0.014721 0.014853
0 0.096139 0.740547 0.017174 0.009645
0 0.089295 0.779225 0.012268 0.020255
0 0.095493 0.795910 0.021049 0.013117
0 0.137784 0.829765 0.009556 0.031828
0 0.145532 0.864969 0.009556 0.030093
0 0.159349 0.875000 0.007232 0.025462
0 0.194537 0.883295 0.013817 0.030478
0 0.202738 0.844907 0.011880 0.024692
0 0.251549 0.858410 0.016529 0.016204
0 0.189372 0.906732 0.015883 0.021412
0 0.175104 0.908950 0.016529 0.016975
0 0.158574 0.913773 0.011364 0.011188
0 0.157670 0.908951 0.013172 0.019290
0 0.136815 0.901620 0.016142 0.024691
0 0.120416 0.900559 0.013301 0.025270
0 0.085357 0.863812 0.010589 0.027007
0 0.091425 0.878858 0.010847 0.027006
0 0.102402 0.886092 0.013172 0.039544
0 0.100013 0.888213 0.013559 0.031443
0 0.274018 0.909529 0.019112 0.022762
0 0.292097 0.909915 0.010330 0.025849
0 0.303978 0.905575 0.008781 0.024498
0 0.322831 0.907504 0.008265 0.025270
0 0.337552 0.886767 0.007231 0.027392
0 0.366542 0.915316 0.016917 0.016589
0 0.358084 0.842592 0.021952 0.014661
0 0.366090 0.817323 0.012655 0.022763
0 0.371901 0.771894 0.018595 0.018711
0 0.399599 0.840664 0.012267 0.021605
0 0.355436 0.893904 0.013817 0.007716
0 0.361699 0.886960 0.014721 0.035494
0 0.368156 0.864776 0.011622 0.030478
0 0.381392 0.878183 0.011493 0.025270
0 0.381327 0.900656 0.012655 0.027392
0 0.393272 0.911652 0.020016 0.021605
0 0.521049 0.899016 0.010073 0.026042
0 0.530346 0.902681 0.008522 0.026427
0 0.543130 0.897666 0.010330 0.030285
0 0.551911 0.898341 0.011364 0.027392
0 0.570636 0.903357 0.012655 0.033565
0 0.557206 0.891975 0.013172 0.020834
0 0.573411 0.900656 0.007360 0.028935
0 0.602079 0.899595 0.014333 0.038002
0 0.591168 0.901717 0.008781 0.030671
0 0.797392 0.525945 0.014205 0.035301
0 0.830385 0.498843 0.012784 0.027006
0 0.595816 0.031153 0.010330 0.024499
0 0.587165 0.074363 0.012655 0.031443
0 0.584840 0.131944 0.019886 0.018519
0 0.572831 0.036555 0.008265 0.029128
0 0.553461 0.065393 0.010847 0.022762
0 0.546810 0.030961 0.010977 0.016397
0 0.540031 0.045331 0.006198 0.021991
0 0.764528 0.035397 0.019757 0.016783
0 0.774599 0.030961 0.015625 0.016397
0 0.818698 0.043596 0.009814 0.021605
0 0.839940 0.046007 0.015109 0.024884
0 0.847753 0.031636 0.017820 0.019290
0 0.842329 0.054302 0.012139 0.023727
0 0.894692 0.053627 0.020015 0.012345
0 0.887139 0.050733 0.010847 0.022762
0 0.888494 0.077546 0.015883 0.011574
0 0.908445 0.077161 0.010072 0.028550
0 0.911158 0.101080 0.008781 0.019290
0 0.911092 0.132812 0.014591 0.015625
0 0.895790 0.077932 0.006457 0.027006
0 0.866671 0.107253 0.011493 0.020062
0 0.446217 0.074074 0.010977 0.012346
0 0.332128 0.026717 0.015496 0.017168
0 0.342201 0.040606 0.010847 0.017168
0 0.367575 0.026427 0.013300 0.005787
0 0.366735 0.038291 0.016012 0.016397
0 0.378809 0.025462 0.009169 0.021605
0 0.267691 0.058256 0.006973 0.026235
0 0.236312 0.070795 0.006198 0.023534
0 0.247676 0.023342 0.011880 0.013503
0 0.249419 0.045717 0.012784 0.022762
0 0.241348 0.032407 0.006973 0.016975
0 0.229726 0.041184 0.005424 0.023727
0 0.232309 0.032215 0.008006 0.015817
0 0.201446 0.018326 0.015496 0.012731
0 0.188533 0.039641 0.007232 0.020640
0 0.183368 0.034433 0.011880 0.022570
0 0.171359 0.050733 0.012655 0.010416
0 0.104598 0.065007 0.008781 0.014275
0 0.114863 0.099441 0.008652 0.026041
0 0.120481 0.125097 0.007489 0.020641
0 0.121965 0.069251 0.014592 0.011189
0 0.106405 0.094715 0.008265 0.021219
0 0.101627 0.103106 0.010072 0.017939
0 0.101498 0.118828 0.007232 0.017747
0 0.107567 0.135996 0.018853 0.020448
0 0.115896 0.154417 0.014850 0.012153
0 0.108277 0.171586 0.017691 0.008681
0 0.114476 0.169560 0.016658 0.012731
0 0.101369 0.176794 0.009556 0.022569
0 0.106405 0.224151 0.016529 0.016203
0 0.102272 0.285590 0.014463 0.018325
0 0.101175 0.282600 0.010201 0.027392
