0 0.359246 0.614198 0.370868 0.612269 0.364024 0.580826
0 0.356663 0.670910 0.364411 0.656636 0.375645 0.683064
0 0.440599 0.549383 0.432851 0.535108 0.421875 0.559221
0 0.412707 0.721065 0.419163 0.726852 0.419809 0.709105
0 0.408833 0.724923 0.419163 0.732639 0.426007 0.710070
0 0.658058 0.573688 0.665289 0.553241 0.639721 0.552469
0 0.680785 0.668210 0.688533 0.651620 0.663352 0.647955
0 0.709194 0.724923 0.715651 0.713349 0.696927 0.704282
0 0.719525 0.479167 0.705837 0.476080 0.712939 0.447724
0 0.610279 0.392361 0.610537 0.391590 0.613636 0.365741
0 0.586519 0.367284 0.573605 0.359568 0.585873 0.337384
0 0.285640 0.400077 0.297262 0.396991 0.291451 0.423032
0 0.224948 0.315201 0.239153 0.313272 0.233600 0.347029
0 0.246126 0.271605 0.257748 0.268904 0.251937 0.299768
0 0.290031 0.231096 0.302944 0.236111 0.296488 0.260609
0 0.439824 0.297840 0.449638 0.292052 0.439307 0.278550
0 0.524535 0.126157 0.520661 0.110725 0.501937 0.128472
0 0.426911 0.083719 0.436725 0.076775 0.438920 0.103781
0 0.413998 0.084491 0.419938 0.099151 0.398244 0.104359
0 0.432076 0.053627 0.420455 0.045910 0.424070 0.070987
0 0.339101 0.176312 0.330837 0.162809 0.345687 0.148727
0 0.361054 0.092207 0.352789 0.078704 0.345946 0.101852
0 0.311983 0.011188 0.300362 0.020062 0.310693 0.041088
0 0.284349 0.020833 0.277118 0.008488 0.268466 0.032600
0 0.510331 0.059414 0.508264 0.036265 0.481922 0.047840
0 0.559401 0.070988 0.571539 0.060571 0.576188 0.091821
0 0.603822 0.039352 0.605888 0.059414 0.582645 0.055170
0 0.576705 0.087577 0.583161 0.066358 0.598658 0.085069
0 0.602531 0.122299 0.604597 0.105710 0.625775 0.114005
0 0.674845 0.145448 0.675620 0.161651 0.652376 0.153550
0 0.647727 0.045910 0.661932 0.050926 0.654571 0.076388
0 0.741994 0.168596 0.747934 0.187886 0.727273 0.179591
0 0.798812 0.121142 0.803461 0.139660 0.780863 0.135609
0 0.716167 0.104938 0.722107 0.089506 0.732050 0.113040
0 0.749742 0.052855 0.732438 0.052855 0.741090 0.085648
0 0.735021 0.033565 0.736829 0.052855 0.757619 0.038387
0 0.714876 0.069059 0.724690 0.072145 0.719783 0.086999
0 0.699380 0.065201 0.704545 0.045910 0.722365 0.068094
0 0.473399 0.007330 0.461260 0.000000 0.452092 0.021990
0 0.485795 0.000000 0.470816 0.000772 0.491864 0.019676
0 0.750517 0.001543 0.761364 0.000000 0.760201 0.017747
0 0.772469 0.020833 0.770403 0.000772 0.750517 0.010802
0 0.723915 0.000772 0.712293 0.000772 0.713585 0.026235
0 0.712293 0.000772 0.712293 0.000772 0.706870 0.025849
0 0.692407 0.000772 0.707128 0.000772 0.699767 0.032986
0 0.685176 0.004630 0.699380 0.010417 0.692278 0.033565
0 0.674845 0.000000 0.687242 0.000000 0.677815 0.023920
0 0.661415 0.000000 0.674845 0.000000 0.660640 0.018132
0 0.841426 0.166667 0.838326 0.148148 0.818182 0.157408
0 0.844008 0.153164 0.846591 0.134645 0.824639 0.138696
0 0.819473 0.033565 0.824638 0.052855 0.808884 0.048418
0 0.857696 0.009259 0.864669 0.027778 0.845687 0.028549
0 0.887913 0.099151 0.886105 0.115355 0.865703 0.104745
0 0.877066 0.152006 0.866736 0.142361 0.878616 0.127893
0 0.886622 0.158951 0.878357 0.177083 0.866607 0.155864
0 0.891271 0.194444 0.889979 0.211806 0.870610 0.202740
0 0.891271 0.277392 0.877583 0.280478 0.883523 0.253858
0 0.905992 0.254244 0.897727 0.261188 0.892175 0.240933
0 0.920196 0.234954 0.907283 0.236111 0.913739 0.215857
0 0.934401 0.207176 0.925362 0.213735 0.920584 0.188272
0 0.902893 0.192515 0.912448 0.185957 0.896953 0.167052
0 0.889979 0.223380 0.891787 0.239969 0.907671 0.226852
0 0.938275 0.254244 0.936983 0.272762 0.918001 0.260223
0 0.929236 0.287037 0.929236 0.300540 0.907283 0.293789
0 0.942149 0.326775 0.936983 0.344907 0.923167 0.323688
0 0.934401 0.371914 0.933626 0.371914 0.927299 0.342207
0 0.821539 0.290123 0.829287 0.278549 0.838585 0.303627
0 0.820764 0.297840 0.827996 0.315972 0.804364 0.315201
0 0.921488 0.047068 0.920196 0.059414 0.901860 0.053241
0 0.914514 0.069059 0.914514 0.054784 0.892562 0.061921
0 0.916322 0.031636 0.913740 0.048997 0.895661 0.039738
0 0.933884 0.042052 0.924845 0.055556 0.915806 0.031058
0 0.917614 0.090278 0.905475 0.097994 0.907671 0.075811
0 0.908058 0.121142 0.916322 0.128086 0.915806 0.101080
0 0.926136 0.148148 0.929236 0.138503 0.912190 0.125965
0 0.934401 0.148148 0.920196 0.146219 0.927299 0.111111
0 0.926136 0.167438 0.924845 0.165509 0.912965 0.141204
0 0.935434 0.149691 0.933884 0.160494 0.915547 0.149692
0 0.934401 0.170525 0.927686 0.177469 0.919164 0.155864
0 0.936467 0.180556 0.930269 0.192130 0.920454 0.166281
0 0.789256 0.452160 0.795971 0.468364 0.776343 0.467013
0 0.809401 0.493056 0.818698 0.508488 0.795196 0.523534
0 0.870868 0.511574 0.871384 0.523148 0.851756 0.521605
0 0.876550 0.527006 0.866736 0.527006 0.871643 0.558835
0 0.844008 0.461420 0.841426 0.476080 0.826446 0.464506
0 0.879649 0.462963 0.882748 0.464506 0.874742 0.429398
0 0.917355 0.426312 0.912190 0.407407 0.897985 0.422068
0 0.892562 0.374228 0.903926 0.367284 0.904958 0.390432
0 0.938533 0.374228 0.943698 0.385802 0.926911 0.387539
0 0.945248 0.418981 0.934401 0.427469 0.929752 0.403164
0 0.931302 0.436728 0.941632 0.428241 0.926136 0.410494
0 0.941116 0.451389 0.934917 0.436728 0.920971 0.455246
0 0.942665 0.466821 0.934401 0.451389 0.924586 0.484568
0 0.939050 0.535494 0.927686 0.535494 0.933368 0.510803
0 0.941632 0.551312 0.935950 0.570216 0.916064 0.547840
0 0.941632 0.632330 0.944215 0.611883 0.923554 0.616512
0 0.820248 0.677855 0.827479 0.667052 0.811467 0.652199
0 0.716942 0.758873 0.716426 0.743441 0.696281 0.749228
0 0.767045 0.777392 0.769112 0.761188 0.749742 0.761189
0 0.739153 0.823688 0.724174 0.823688 0.731664 0.792824
0 0.706612 0.836806 0.693698 0.838349 0.700155 0.805942
0 0.616219 0.838349 0.622417 0.819830 0.640238 0.829475
0 0.776343 0.839892 0.777376 0.828318 0.796488 0.834105
0 0.769628 0.819830 0.776860 0.807485 0.788482 0.827932
0 0.739153 0.805941 0.748450 0.787423 0.758523 0.802469
0 0.842459 0.751157 0.837293 0.761960 0.817407 0.752700
0 0.822831 0.769676 0.827479 0.752701 0.846591 0.773149
0 0.846591 0.700231 0.851240 0.687114 0.862861 0.702546
0 0.940083 0.763503 0.943182 0.743441 0.917613 0.746914
0 0.947831 0.732639 0.951446 0.716435 0.929493 0.714121
0 0.944731 0.673997 0.935950 0.683256 0.928460 0.657793
0 0.949897 0.694059 0.941116 0.706404 0.930527 0.672454
0 0.938533 0.826775 0.944215 0.815972 0.930527 0.793982
0 0.951963 0.819830 0.942665 0.832176 0.934659 0.807484
0 0.947831 0.840664 0.939566 0.849923 0.931560 0.822531
0 0.939566 0.873843 0.926136 0.876157 0.931560 0.844135
0 0.831612 0.843750 0.825930 0.829861 0.845558 0.821373
0 0.826446 0.893904 0.827738 0.892747 0.842200 0.878086
0 0.856921 0.883102 0.867769 0.892361 0.871900 0.861497
0 0.887397 0.887731 0.876550 0.880015 0.889722 0.858024
0 0.881715 0.897762 0.872417 0.888503 0.884556 0.859568
0 0.899793 0.874614 0.907025 0.877701 0.906250 0.849152
0 0.892562 0.877701 0.899793 0.894676 0.913223 0.875000
0 0.896178 0.900077 0.889979 0.882330 0.909349 0.870370
0 0.816116 0.893904 0.799070 0.893133 0.807593 0.866898
0 0.766012 0.878472 0.765496 0.889275 0.786415 0.881559
0 0.748967 0.883102 0.757231 0.890046 0.764721 0.868441
0 0.745868 0.907793 0.746384 0.887731 0.769628 0.896991
0 0.736054 0.889275 0.747934 0.896219 0.747934 0.857639
0 0.713326 0.903164 0.699897 0.889275 0.716684 0.867670
0 0.691632 0.899306 0.702479 0.894676 0.693956 0.871142
0 0.673554 0.903935 0.685950 0.899306 0.679235 0.873457
0 0.642045 0.899306 0.653409 0.907022 0.652892 0.879244
0 0.605372 0.890818 0.616219 0.901620 0.621642 0.875385
0 0.494318 0.748843 0.497417 0.729552 0.514463 0.750771
0 0.570764 0.800540 0.582128 0.789738 0.566890 0.770833
0 0.560434 0.726466 0.568182 0.707948 0.582128 0.730710
0 0.508781 0.832948 0.512397 0.845293 0.528925 0.834877
0 0.399793 0.827546 0.407541 0.845293 0.425103 0.836419
0 0.573864 0.907022 0.565599 0.891590 0.587293 0.888504
0 0.559917 0.900077 0.548554 0.893904 0.557593 0.873457
0 0.530475 0.876929 0.525826 0.859954 0.546229 0.861882
0 0.547004 0.902392 0.534091 0.898534 0.542097 0.870756
0 0.507748 0.909336 0.503099 0.896219 0.522210 0.890818
0 0.495351 0.908565 0.493802 0.888503 0.513688 0.878472
0 0.477273 0.893133 0.480888 0.900849 0.493027 0.873457
0 0.478822 0.913966 0.475723 0.895448 0.497675 0.897377
0 0.467975 0.915509 0.456612 0.907022 0.478822 0.886574
0 0.459194 0.882330 0.463326 0.890818 0.477272 0.863812
0 0.449897 0.900077 0.461260 0.903935 0.470558 0.878858
0 0.440599 0.891590 0.452479 0.896991 0.454029 0.864197
0 0.416322 0.907022 0.430269 0.910880 0.425362 0.878858
0 0.396694 0.898534 0.403926 0.904707 0.408057 0.878086
0 0.391012 0.908565 0.400310 0.907793 0.395661 0.880015
0 0.382231 0.887731 0.373967 0.876157 0.390754 0.861883
0 0.384814 0.907793 0.392045 0.894676 0.379648 0.893132
0 0.378099 0.907793 0.366219 0.900077 0.376292 0.876543
0 0.316116 0.819059 0.315083 0.802083 0.333161 0.810571
0 0.345041 0.850694 0.353822 0.843750 0.345041 0.831404
0 0.363120 0.872299 0.363120 0.851466 0.338843 0.861882
0 0.361054 0.899306 0.349174 0.894676 0.357438 0.868056
0 0.339876 0.915509 0.335744 0.898534 0.354597 0.893132
0 0.345041 0.896219 0.339360 0.908565 0.330578 0.879244
0 0.315599 0.892361 0.306818 0.903164 0.299586 0.883873
0 0.300103 0.913966 0.305785 0.896991 0.282283 0.897763
0 0.262397 0.897762 0.272211 0.903935 0.270403 0.876158
0 0.276343 0.810571 0.286674 0.821373 0.295713 0.789737
0 0.250517 0.846836 0.248450 0.829861 0.269112 0.838348
0 0.227789 0.900077 0.236054 0.889275 0.226498 0.871142
0 0.240186 0.907793 0.233471 0.893904 0.254391 0.880016
0 0.226240 0.896219 0.243802 0.897762 0.243543 0.867669
0 0.212810 0.909336 0.226240 0.904707 0.216684 0.880787
0 0.199897 0.903935 0.192149 0.890046 0.211002 0.873457
0 0.171488 0.738812 0.175103 0.720293 0.195248 0.731867
0 0.157025 0.629244 0.167872 0.639275 0.153925 0.662423
0 0.130165 0.625386 0.133781 0.607639 0.153409 0.624807
0 0.096591 0.728009 0.091426 0.708719 0.114411 0.707947
0 0.090393 0.730324 0.080062 0.715664 0.093233 0.700617
0 0.096591 0.674769 0.099174 0.663194 0.119060 0.672840
0 0.083678 0.682485 0.087810 0.666667 0.099432 0.682099
0 0.094525 0.657793 0.095041 0.677855 0.113894 0.663195
0 0.084711 0.657022 0.090909 0.676312 0.106922 0.646219
0 0.081095 0.748843 0.083678 0.764275 0.101756 0.744984
0 0.087293 0.771991 0.085744 0.755015 0.108730 0.761574
0 0.148244 0.802083 0.148760 0.782793 0.174070 0.794367
0 0.116736 0.798225 0.129649 0.804398 0.131974 0.773148
0 0.135847 0.822145 0.135847 0.819830 0.157542 0.814429
0 0.186467 0.835262 0.181818 0.847608 0.166064 0.834877
0 0.196798 0.866898 0.186467 0.876157 0.184401 0.859568
0 0.176653 0.868441 0.164773 0.873843 0.167872 0.851852
0 0.173554 0.880015 0.178719 0.890046 0.192149 0.884259
0 0.175103 0.907022 0.190083 0.899306 0.182593 0.869213
0 0.178719 0.900077 0.167355 0.900849 0.173037 0.873843
0 0.158574 0.900849 0.171488 0.899306 0.165031 0.865355
0 0.164256 0.892361 0.152893 0.899306 0.150827 0.871914
0 0.144112 0.903164 0.159607 0.907022 0.151859 0.871528
0 0.129907 0.837577 0.120610 0.826775 0.135589 0.805942
0 0.085486 0.787423 0.089876 0.773534 0.106405 0.797840
0 0.119060 0.851466 0.128357 0.841435 0.111699 0.829090
0 0.112862 0.890046 0.117510 0.900077 0.121643 0.869598
0 0.113120 0.905478 0.109762 0.893904 0.128228 0.895833
0 0.105372 0.886188 0.113895 0.898534 0.114282 0.876543
0 0.102789 0.885417 0.100981 0.893904 0.116090 0.894676
0 0.114928 0.853009 0.107180 0.855324 0.106276 0.826774
0 0.094783 0.853781 0.097624 0.866127 0.115961 0.859954
0 0.086002 0.868441 0.094783 0.853781 0.104726 0.874229
0 0.087293 0.848380 0.092459 0.833719 0.107309 0.849923
0 0.086260 0.829090 0.090651 0.812886 0.105501 0.830633
0 0.118027 0.593750 0.110537 0.581404 0.126937 0.570602
0 0.096591 0.633102 0.095816 0.621528 0.116994 0.619985
0 0.089876 0.621528 0.087035 0.609182 0.111053 0.608796
0 0.087035 0.602238 0.096333 0.606867 0.091684 0.578318
0 0.083419 0.583719 0.084711 0.599923 0.100207 0.577932
0 0.179494 0.436343 0.181043 0.454861 0.202221 0.444830
0 0.155733 0.399306 0.166581 0.393904 0.165289 0.424768
0 0.142304 0.457176 0.137655 0.439429 0.158575 0.437886
0 0.119060 0.396991 0.129907 0.393904 0.129907 0.423225
0 0.091167 0.516590 0.088585 0.499614 0.112087 0.504244
0 0.099174 0.471836 0.107696 0.482639 0.112991 0.454089
0 0.092459 0.491898 0.090651 0.478781 0.113378 0.468750
0 0.088585 0.468750 0.096591 0.480324 0.105114 0.456018
0 0.088068 0.444830 0.094783 0.460262 0.105759 0.434799
0 0.083419 0.454090 0.094783 0.460262 0.094008 0.428627
0 0.192407 0.383102 0.201188 0.372299 0.206353 0.396219
0 0.149277 0.383102 0.154184 0.395448 0.168260 0.376544
0 0.200155 0.327546 0.211519 0.330633 0.203513 0.351851
0 0.248192 0.265818 0.256198 0.253472 0.241348 0.246528
0 0.175362 0.280478 0.178977 0.263503 0.197572 0.277778
0 0.189824 0.346836 0.199638 0.335262 0.184401 0.320987
0 0.182076 0.244213 0.184143 0.260417 0.205836 0.252315
0 0.159607 0.217207 0.170713 0.209491 0.169550 0.238426
0 0.150568 0.247299 0.161415 0.254244 0.150052 0.275463
0 0.127324 0.355324 0.124742 0.341435 0.144628 0.342978
0 0.110537 0.382330 0.106663 0.363812 0.130165 0.366512
0 0.086002 0.373843 0.090651 0.358410 0.106405 0.376157
0 0.101756 0.329090 0.094783 0.336806 0.107438 0.346836
0 0.088068 0.332948 0.094783 0.347608 0.104468 0.321759
0 0.124225 0.280478 0.118027 0.264275 0.138688 0.255401
0 0.107180 0.258873 0.115702 0.249614 0.116994 0.279706
0 0.094008 0.292052 0.092459 0.275849 0.113120 0.283950
0 0.091426 0.254244 0.099174 0.268904 0.110408 0.242669
0 0.120093 0.207176 0.122676 0.192515 0.139850 0.204861
0 0.125775 0.184799 0.135589 0.195602 0.140754 0.170139
0 0.155217 0.124614 0.158833 0.143904 0.177944 0.130401
0 0.168647 0.076003 0.160899 0.062886 0.149535 0.083334
0 0.105114 0.076003 0.105114 0.092978 0.125904 0.084490
0 0.102531 0.134645 0.106147 0.119985 0.123967 0.129244
0 0.098915 0.107639 0.094783 0.119213 0.110279 0.133102
0 0.089618 0.117670 0.098915 0.113040 0.100465 0.146219
0 0.092200 0.078318 0.101756 0.072145 0.099173 0.096065
0 0.251033 0.037423 0.256715 0.048225 0.238766 0.056327
0 0.241994 0.008102 0.240702 0.000000 0.264591 0.004051
0 0.199122 0.048225 0.197056 0.032793 0.217459 0.036651
0 0.191890 0.040509 0.185692 0.022762 0.210614 0.020255
0 0.166581 0.069059 0.167355 0.052855 0.147856 0.059799
0 0.098915 0.011188 0.109762 0.004244 0.108213 0.030864
0 0.159607 0.001157 0.150568 0.000000 0.152247 0.020640
0 0.172262 0.001929 0.163481 0.000000 0.167872 0.020255
0 0.187758 0.000000 0.172262 0.001929 0.181302 0.034529
0 0.176911 0.034336 0.179494 0.053627 0.159220 0.043981
0 0.168130 0.044367 0.178977 0.036651 0.181818 0.062500
