0 0.099432 0.019676 0.102789 0.037423 0.143853 0.021991
0 0.101756 0.043596 0.111054 0.060957 0.141012 0.013503
0 0.106663 0.04591 0.106147 0.065201 0.138171 0.048997
0 0.088068 0.05787 0.096074 0.046296 0.124483 0.093364
0 0.084711 0.094907 0.096074 0.108025 0.121126 0.062114
0 0.111054 0.083719 0.106147 0.097222 0.143337 0.116898
0 0.140496 0.096836 0.155733 0.094907 0.14282 0.025463
0 0.147986 0.026235 0.159349 0.022762 0.170713 0.080247
0 0.1547 0.010417 0.166064 0.005015 0.171488 0.052855
0 0.193957 0.015046 0.202221 0.030093 0.169938 0.05787
0 0.206095 0.01659 0.205837 0.031636 0.247934 0.023534
0 0.217717 0.027006 0.214618 0.042824 0.256973 0.04321
0 0.192149 0.030478 0.191116 0.044753 0.22314 0.039738
0 0.169421 0.065201 0.176395 0.083719 0.210486 0.039352
0 0.246384 0.052469 0.245351 0.069059 0.204545 0.053241
0 0.271694 0.02662 0.283316 0.042438 0.246384 0.084877
0 0.171746 0.093364 0.172004 0.111111 0.221849 0.099151
0 0.15031 0.109568 0.1547 0.089506 0.194731 0.118056
0 0.161157 0.107253 0.161674 0.128472 0.210486 0.125772
0 0.151085 0.112269 0.164256 0.105324 0.162965 0.174769
0 0.084969 0.134259 0.094783 0.144676 0.110795 0.092207
0 0.08187 0.192901 0.095816 0.199846 0.099948 0.136574
0 0.099432 0.114969 0.097882 0.13233 0.136622 0.122685
0 0.094008 0.16821 0.102273 0.186728 0.129649 0.135417
0 0.1875 0.135802 0.201446 0.142361 0.178977 0.197531
0 0.248709 0.152392 0.236829 0.162037 0.227273 0.094907
0 0.25594 0.114198 0.245093 0.125386 0.283058 0.162809
0 0.26343 0.103781 0.271952 0.119985 0.303977 0.076389
0 0.307076 0.005401 0.303202 0.02392 0.351756 0.031636
0 0.34375 0.049383 0.360795 0.05054 0.340651 0.109182
0 0.346849 0.035494 0.35718 0.025077 0.376808 0.08179
0 0.360795 0.039738 0.357955 0.062886 0.400568 0.062114
0 0.391012 0.01659 0.400826 0.008873 0.424329 0.05517
0 0.417355 0.01196 0.406767 0.022762 0.445764 0.058256
0 0.431043 0.009259 0.425103 0.022377 0.451963 0.040123
0 0.44499 0.02392 0.437758 0.036265 0.481921 0.060571
0 0.448864 0.017747 0.459969 0.01466 0.46875 0.077546
0 0.484504 0.020062 0.483729 0.037809 0.521178 0.041667
0 0.497417 0.017747 0.50594 0.013503 0.514721 0.04784
0 0.510847 0.012731 0.505682 0.028164 0.545196 0.053241
0 0.563533 0.01466 0.559401 0.033951 0.604081 0.043981
0 0.593492 0.025849 0.600207 0.040895 0.568698 0.062114
0 0.649277 0.015046 0.651343 0.030864 0.616994 0.041667
0 0.658574 0.02392 0.668647 0.037809 0.632748 0.077932
0 0.693182 0.024691 0.704029 0.020448 0.717975 0.069444
0 0.699897 0.040509 0.701963 0.05787 0.670971 0.064815
0 0.716426 0.042052 0.729339 0.035108 0.74561 0.099923
0 0.74845 0.01196 0.740186 0.025077 0.77531 0.055556
0 0.743802 0.029707 0.75594 0.032022 0.75155 0.097994
0 0.772986 0.024306 0.785899 0.023148 0.779959 0.081019
0 0.327221 0.109954 0.334194 0.128086 0.296488 0.143904
0 0.260847 0.190586 0.260331 0.212577 0.305785 0.208333
0 0.271178 0.182099 0.262655 0.199846 0.234246 0.155093
0 0.25594 0.182099 0.253874 0.19946 0.214101 0.172454
0 0.28719 0.245756 0.277118 0.25733 0.252066 0.189429
0 0.21126 0.19946 0.206353 0.218364 0.25594 0.228395
0 0.266529 0.246142 0.259298 0.256559 0.243802 0.212577
0 0.180269 0.200617 0.176395 0.216049 0.213585 0.225694
0 0.35563 0.217207 0.366477 0.231867 0.385072 0.187114
0 0.459969 0.121528 0.463068 0.141975 0.50439 0.118441
0 0.454287 0.159722 0.459711 0.166667 0.427169 0.206404
0 0.576188 0.077546 0.58781 0.092593 0.560692 0.130787
0 0.600981 0.125 0.610021 0.143904 0.644112 0.096065
0 0.663481 0.063272 0.676136 0.066358 0.649535 0.138117
0 0.665289 0.081404 0.67407 0.095293 0.642304 0.131944
0 0.721074 0.118441 0.721074 0.139275 0.679236 0.115741
0 0.686725 0.109568 0.69499 0.131559 0.655475 0.151235
0 0.664256 0.114969 0.66968 0.131944 0.62655 0.157022
0 0.570764 0.126929 0.580062 0.107639 0.612087 0.157793
0 0.687242 0.145062 0.694731 0.161651 0.653926 0.190586
0 0.570764 0.140432 0.572056 0.16088 0.527376 0.162809
0 0.608213 0.179784 0.599432 0.203704 0.645403 0.236883
0 0.587552 0.205633 0.604081 0.199846 0.61157 0.25463
0 0.50439 0.191744 0.511105 0.212963 0.542614 0.164738
0 0.489411 0.229167 0.49561 0.244985 0.525052 0.208719
0 0.412965 0.220679 0.425362 0.212963 0.43595 0.255401
0 0.50749 0.27392 0.519886 0.259259 0.53874 0.317901
0 0.482438 0.271991 0.493802 0.256173 0.521178 0.322917
0 0.489411 0.293981 0.483729 0.313272 0.447056 0.263117
0 0.461002 0.293596 0.454287 0.307099 0.426395 0.265046
0 0.41968 0.303627 0.419938 0.320216 0.377066 0.304398
0 0.435692 0.330247 0.426395 0.337577 0.411932 0.283951
0 0.412448 0.341435 0.416839 0.357253 0.450413 0.333719
0 0.469783 0.356481 0.469008 0.372685 0.432593 0.358025
0 0.083161 0.23534 0.093233 0.248071 0.115961 0.19946
0 0.08032 0.275463 0.095041 0.263503 0.112603 0.342593
0 0.169421 0.294753 0.175878 0.313657 0.213843 0.271219
0 0.182076 0.312114 0.178719 0.330633 0.13249 0.323688
0 0.18001 0.314429 0.191374 0.326775 0.153667 0.358025
0 0.241219 0.303627 0.248967 0.320988 0.209969 0.334877
0 0.246643 0.30054 0.259814 0.306713 0.268079 0.250772
0 0.298554 0.450231 0.315341 0.451389 0.313275 0.385417
0 0.369576 0.453318 0.359504 0.461034 0.347366 0.407407
0 0.483988 0.461806 0.479597 0.479167 0.441374 0.433642
0 0.493027 0.478009 0.491219 0.5 0.446539 0.482253
0 0.249483 0.452932 0.25749 0.439429 0.279184 0.479167
0 0.253357 0.486497 0.246901 0.503858 0.213843 0.471451
0 0.365444 0.497299 0.365702 0.51196 0.406508 0.510031
0 0.162965 0.457948 0.172004 0.443673 0.196798 0.496528
0 0.192924 0.493827 0.20687 0.48804 0.213068 0.561728
0 0.173037 0.490741 0.185434 0.483796 0.19938 0.542052
0 0.164256 0.474923 0.176395 0.474537 0.173295 0.536651
0 0.199638 0.532407 0.201446 0.552469 0.154184 0.555941
0 0.084969 0.428627 0.087035 0.445988 0.128099 0.426312
0 0.120868 0.436343 0.135589 0.426312 0.111829 0.381559
0 0.137397 0.444059 0.151601 0.449074 0.155733 0.383873
0 0.167097 0.42284 0.170971 0.435571 0.133006 0.455247
0 0.133523 0.458719 0.143595 0.442515 0.157025 0.503472
0 0.098399 0.489583 0.103822 0.506173 0.13688 0.458719
0 0.079029 0.501543 0.089618 0.507716 0.101756 0.448302
0 0.117252 0.499228 0.131973 0.496142 0.142045 0.565201
0 0.097882 0.554012 0.110795 0.563657 0.125 0.488812
0 0.090909 0.565201 0.104339 0.564429 0.097624 0.493827
0 0.077996 0.548611 0.090909 0.552469 0.098399 0.489583
0 0.12345 0.553627 0.115444 0.569059 0.151085 0.589892
0 0.160124 0.614583 0.172004 0.611883 0.150052 0.545525
0 0.155217 0.570216 0.164773 0.555941 0.19499 0.609954
0 0.204029 0.592207 0.215134 0.614583 0.177428 0.648534
0 0.26782 0.58179 0.272469 0.603781 0.223657 0.613812
0 0.26782 0.657793 0.283058 0.654321 0.26937 0.590664
0 0.27686 0.634645 0.280217 0.65162 0.31405 0.621528
0 0.18905 0.748843 0.20687 0.697531 0.196281 0.69483
0 0.227531 0.761574 0.222624 0.777392 0.189308 0.746528
0 0.24561 0.746142 0.25749 0.74267 0.262913 0.809799
0 0.291839 0.731096 0.304236 0.734182 0.309917 0.677083
0 0.214618 0.711034 0.213585 0.73341 0.261622 0.722994
0 0.204029 0.692901 0.219525 0.703318 0.234504 0.647377
0 0.344267 0.635802 0.350465 0.647377 0.32593 0.676312
0 0.169421 0.711034 0.174329 0.729938 0.127841 0.742284
0 0.143079 0.662423 0.131715 0.669753 0.157541 0.716821
0 0.392045 0.657407 0.384556 0.67091 0.354339 0.626543
0 0.470041 0.682099 0.458678 0.682099 0.454287 0.616127
0 0.442407 0.689429 0.442407 0.689429 0.449897 0.710262 0.490961 0.672454
0 0.544938 0.592593 0.541839 0.620756 0.50155 0.59838
0 0.319731 0.775077 0.331095 0.798611 0.358729 0.756173
0 0.466426 0.787423 0.461777 0.809028 0.422779 0.775849
0 0.436209 0.782793 0.446023 0.792438 0.413998 0.832562
0 0.464618 0.861111 0.457645 0.873457 0.436467 0.832176
0 0.510331 0.813272 0.508006 0.832562 0.469783 0.79591
0 0.551911 0.780093 0.546488 0.79784 0.507231 0.749614
0 0.587552 0.809028 0.585227 0.828318 0.544163 0.80054
0 0.567924 0.810185 0.567924 0.828318 0.52531 0.819444
0 0.552686 0.859954 0.544421 0.875386 0.519886 0.828318
0 0.540806 0.859182 0.530217 0.866898 0.510847 0.819059
0 0.528667 0.849923 0.524277 0.868827 0.490444 0.841435
0 0.515496 0.852623 0.509039 0.871914 0.471074 0.826775
0 0.5 0.85571 0.496126 0.874614 0.465134 0.845679
0 0.612603 0.856481 0.610279 0.873071 0.563791 0.858796
0 0.65186 0.849923 0.648244 0.869985 0.61312 0.849923
0 0.677169 0.853781 0.66968 0.866898 0.642045 0.836806
0 0.726756 0.766975 0.721591 0.783951 0.682076 0.745756
0 0.747159 0.809414 0.755682 0.833333 0.711777 0.847994
0 0.78719 0.809414 0.786674 0.824846 0.754649 0.810571
0 0.791064 0.843364 0.789514 0.863426 0.753874 0.85108
0 0.835744 0.848765 0.846849 0.859954 0.869576 0.8125
0 0.846591 0.801312 0.860021 0.810185 0.831612 0.864198
0 0.858729 0.76466 0.865702 0.78588 0.837035 0.795525
0 0.875517 0.760417 0.865186 0.767361 0.859246 0.736883
0 0.87345 0.722608 0.868543 0.736883 0.847882 0.705633
0 0.846849 0.711806 0.850723 0.724923 0.822056 0.735725
0 0.852273 0.690972 0.864153 0.696759 0.842717 0.76466
0 0.871901 0.673225 0.875258 0.685571 0.846074 0.698688
0 0.869318 0.660494 0.871126 0.679012 0.841426 0.681327
0 0.826188 0.673225 0.837035 0.681327 0.819215 0.722222
0 0.7797 0.676698 0.7797 0.692901 0.744318 0.681327
0 0.847107 0.658179 0.844525 0.674383 0.803202 0.652392
0 0.865186 0.64159 0.875775 0.65162 0.854597 0.675926
0 0.86157 0.635031 0.861829 0.655478 0.833419 0.649306
0 0.862862 0.546296 0.875 0.552855 0.858988 0.607639
0 0.848915 0.541667 0.860537 0.548997 0.845041 0.594907
0 0.825413 0.642747 0.826188 0.653935 0.792872 0.657022
0 0.424329 0.551312 0.441116 0.552469 0.424329 0.484568
0 0.607696 0.579475 0.615444 0.572531 0.588843 0.518519
0 0.535382 0.522377 0.54313 0.51659 0.519886 0.467593
0 0.594783 0.500386 0.594783 0.484954 0.553977 0.505015 0.596074 0.503086
0 0.715393 0.45216 0.716684 0.460648 0.684401 0.483025
0 0.543647 0.338349 0.544938 0.322917 0.579804 0.333333
0 0.641271 0.340278 0.633523 0.348765 0.608213 0.320988
0 0.705837 0.35571 0.701188 0.348765 0.686467 0.377701
0 0.663481 0.294367 0.672004 0.298225 0.660899 0.34375 0.663223 0.296682
0 0.684143 0.286651 0.674587 0.292438 0.697314 0.342593
0 0.678977 0.216049 0.684917 0.206404 0.707386 0.251157
0 0.744835 0.318287 0.748192 0.311728 0.718492 0.286651
0 0.761622 0.364583 0.767045 0.357253 0.778409 0.387731
0 0.826446 0.334877 0.824897 0.322531 0.793388 0.345293
0 0.836777 0.314429 0.827738 0.306713 0.850723 0.264275
0 0.783833 0.229552 0.782283 0.21412 0.746901 0.231481
0 0.826963 0.235725 0.826963 0.217207 0.786932 0.229938
0 0.809401 0.175926 0.808368 0.185571 0.778409 0.187114
0 0.817149 0.199846 0.820506 0.184414 0.7797 0.181713
0 0.822572 0.19483 0.832645 0.195988 0.823864 0.138889
0 0.780475 0.145833 0.775826 0.136188 0.752583 0.174769
0 0.79468 0.124614 0.791322 0.113812 0.762397 0.138117
0 0.839876 0.162423 0.84814 0.154707 0.822314 0.116127
0 0.764205 0.383873 0.773502 0.390046 0.764463 0.426312
0 0.861054 0.475694 0.871384 0.474923 0.867769 0.424769
0 0.857955 0.447531 0.863636 0.460262 0.826446 0.48534
0 0.863895 0.42554 0.866477 0.437114 0.835227 0.455247
0 0.864411 0.410108 0.86751 0.422454 0.828771 0.434414
0 0.864928 0.390046 0.861829 0.409336 0.817407 0.39159
0 0.866477 0.296296 0.865702 0.311728 0.836519 0.302855
0 0.857438 0.263503 0.857438 0.251929 0.829545 0.244985
0 0.86906 0.251929 0.868285 0.263503 0.824897 0.251929
0 0.862603 0.23534 0.854597 0.244213 0.834194 0.201775
0 0.863895 0.21142 0.862345 0.222222 0.829545 0.208719
0 0.863895 0.207562 0.854855 0.212191 0.84375 0.165895
0 0.85718 0.181713 0.857955 0.198688 0.824897 0.1875
0 0.867769 0.226852 0.85718 0.228781 0.856147 0.177855
0 0.861829 0.135417 0.864411 0.146991 0.841167 0.159336
0 0.786157 0.07716 0.790289 0.088735 0.754649 0.108025
0 0.409091 0.871914 0.415806 0.86034 0.384556 0.83912
0 0.392562 0.85841 0.390496 0.869213 0.364153 0.854552
0 0.359504 0.864198 0.369318 0.862654 0.350465 0.80054
0 0.347107 0.847994 0.353564 0.835262 0.318957 0.808256
0 0.33626 0.869213 0.343233 0.85841 0.307851 0.816358
0 0.31689 0.871914 0.31999 0.856481 0.279959 0.853781
0 0.22469 0.788194 0.21875 0.800926 0.186983 0.765046
0 0.260589 0.826775 0.262913 0.809799 0.207903 0.799769
0 0.269886 0.860725 0.259556 0.866127 0.247159 0.819059
0 0.245351 0.83912 0.24845 0.825617 0.208936 0.828704
0 0.231663 0.862269 0.224432 0.854552 0.248967 0.833333
0 0.211777 0.846065 0.213068 0.85841 0.245351 0.83912
0 0.201963 0.853781 0.211777 0.846065 0.195506 0.79784
0 0.203771 0.801698 0.197572 0.816358 0.172262 0.784336
0 0.212293 0.866512 0.220558 0.85571 0.179236 0.835262
0 0.184659 0.808256 0.176653 0.8125 0.158058 0.760417
0 0.153409 0.792824 0.149019 0.804784 0.191116 0.829475
0 0.127583 0.788194 0.134039 0.779321 0.152893 0.814043
0 0.15031 0.826775 0.157541 0.81713 0.184659 0.860725
0 0.147727 0.853009 0.141787 0.863426 0.118027 0.821759
0 0.126291 0.804784 0.126291 0.818287 0.161415 0.815201
0 0.123709 0.808256 0.118802 0.818287 0.154959 0.851852
0 0.099432 0.826775 0.109762 0.818287 0.122676 0.864198
0 0.081095 0.835648 0.087035 0.824846 0.110795 0.857639
0 0.080062 0.814043 0.080579 0.826775 0.117252 0.8125
0 0.147211 0.760031 0.149535 0.77662 0.114153 0.793981
0 0.108988 0.777778 0.114669 0.788194 0.139463 0.743056
0 0.103822 0.779321 0.112862 0.768133 0.081353 0.727623
0 0.096591 0.804784 0.108471 0.810185 0.116736 0.747685
0 0.154184 0.594136 0.1547 0.606096 0.127841 0.611883
0 0.100723 0.631944 0.094008 0.635802 0.083161 0.590664
0 0.100723 0.637731 0.090134 0.64159 0.108213 0.70409
0 0.077221 0.684799 0.079287 0.671682 0.103306 0.691744
0 0.081095 0.623071 0.090909 0.623071 0.083678 0.669753
0 0.096074 0.572917 0.108471 0.576775 0.09814 0.626929
0 0.139463 0.655093 0.129649 0.644676 0.114669 0.701389
0 0.123192 0.638889 0.134039 0.652006 0.161415 0.588735
0 0.18311 0.249228 0.183368 0.237654 0.208936 0.247299
0 0.435692 0.565201 0.441116 0.552469 0.420971 0.54321
0 0.790806 0.042824 0.779959 0.033951 0.761622 0.096451
0 0.80811 0.07446 0.81095 0.059028 0.778667 0.053241
0 0.825671 0.059799 0.817924 0.050154 0.789514 0.081404
0 0.78874 0.033951 0.799845 0.034722 0.786157 0.07716
0 0.807593 0.03125 0.799845 0.034722 0.81095 0.07716
0 0.811467 0.028935 0.822314 0.027006 0.819215 0.081404
0 0.834194 0.03588 0.82438 0.029321 0.811983 0.079475
0 0.865702 0.114969 0.860537 0.118056 0.848399 0.091821
0 0.865186 0.12963 0.867769 0.122685 0.845041 0.108025 0.864928 0.13233
0 0.872934 0.11767 0.865186 0.124614 0.853306 0.08912
0 0.862603 0.07716 0.861829 0.092593 0.821798 0.084105
0 0.828254 0.061728 0.833936 0.061728 0.830837 0.100694
0 0.841684 0.060957 0.833419 0.058256 0.833936 0.102238
0 0.847624 0.05517 0.840651 0.052083 0.84375 0.094907 0.847366 0.059028 0.845816 0.046682
0 0.844525 0.037809 0.848399 0.050154 0.823089 0.070602
0 0.84814 0.032022 0.851498 0.044753 0.81844 0.064043
0 0.865702 0.05787 0.853564 0.05517 0.853306 0.08912
0 0.854855 0.03588 0.861054 0.052083 0.826188 0.067901