0 0.608988 0.506173 0.620351 0.512346 0.618931 0.484182
0 0.514205 0.467978 0.515496 0.478395 0.529184 0.473187
0 0.495610 0.483025 0.502324 0.494985 0.511622 0.481482
0 0.512913 0.564043 0.520661 0.566358 0.520145 0.543789
0 0.716426 0.490741 0.725465 0.491898 0.721850 0.468750
0 0.720300 0.447531 0.714101 0.461034 0.706354 0.445216
0 0.691632 0.418210 0.700413 0.419753 0.696152 0.399884
0 0.685692 0.386574 0.693440 0.389660 0.689566 0.369212
0 0.701188 0.334877 0.708936 0.324460 0.713198 0.346643
0 0.717717 0.409336 0.724174 0.417824 0.729597 0.399305
0 0.758523 0.386960 0.761880 0.391590 0.767432 0.403743
0 0.795455 0.418981 0.802428 0.412037 0.805915 0.432098
0 0.813017 0.416667 0.810434 0.430941 0.826963 0.427662
0 0.855114 0.443673 0.860537 0.451003 0.849044 0.462384
0 0.752066 0.513117 0.757490 0.516204 0.757489 0.497878
0 0.782283 0.503858 0.780992 0.519290 0.798554 0.511574
0 0.808368 0.506173 0.797521 0.505787 0.802944 0.483410
0 0.864928 0.535494 0.872417 0.530093 0.864282 0.511767
0 0.872417 0.505015 0.862862 0.504244 0.867640 0.482253
0 0.876808 0.370756 0.876808 0.379244 0.866090 0.374807
0 0.858988 0.340278 0.867252 0.351466 0.853047 0.362075
0 0.840134 0.314429 0.847624 0.325617 0.831483 0.333141
0 0.826705 0.329475 0.831870 0.317901 0.817924 0.312500
0 0.859762 0.286651 0.866219 0.293210 0.856146 0.310764
0 0.819990 0.288966 0.825413 0.280478 0.830578 0.295331
0 0.854081 0.251543 0.862345 0.257716 0.853435 0.278742
0 0.823089 0.212191 0.829804 0.201775 0.837681 0.225309
0 0.867510 0.278935 0.875000 0.272377 0.865831 0.256752
0 0.859762 0.237269 0.872159 0.233025 0.865961 0.214892
0 0.851240 0.189815 0.859246 0.199074 0.861700 0.174768
0 0.862345 0.109182 0.869576 0.116898 0.857567 0.134838
0 0.849432 0.134259 0.854339 0.144290 0.835614 0.148919
0 0.802169 0.128858 0.809401 0.134259 0.800749 0.150270
0 0.807076 0.204861 0.819473 0.203704 0.813275 0.233603
0 0.775310 0.186728 0.784607 0.184799 0.781379 0.205632
0 0.800878 0.283179 0.810176 0.278935 0.801395 0.256173
0 0.783833 0.258488 0.792097 0.248843 0.779958 0.234568
0 0.761622 0.253472 0.769370 0.253086 0.765238 0.231289
0 0.744576 0.197917 0.754132 0.204475 0.743544 0.227431
0 0.748709 0.310571 0.755940 0.321759 0.764204 0.297261
0 0.801395 0.333333 0.808626 0.323688 0.796746 0.308256
0 0.784607 0.330633 0.794680 0.332562 0.790031 0.307099
0 0.772469 0.351852 0.777893 0.362269 0.785640 0.347222
0 0.793647 0.399306 0.801911 0.399306 0.797779 0.379051
0 0.810434 0.381173 0.801136 0.384259 0.804752 0.364198
0 0.777893 0.404707 0.785899 0.406250 0.781896 0.385995
0 0.762397 0.388503 0.769370 0.395448 0.768725 0.379051
0 0.743543 0.363426 0.752583 0.372685 0.754132 0.352044
0 0.729855 0.347608 0.736829 0.356481 0.739540 0.337384
0 0.711519 0.299769 0.715651 0.307485 0.722754 0.293017
0 0.687500 0.305170 0.691632 0.295910 0.702608 0.307870
0 0.679494 0.251157 0.686209 0.243056 0.691762 0.259645
0 0.645403 0.319444 0.653409 0.318673 0.649406 0.296296
0 0.679494 0.226852 0.683884 0.216821 0.692794 0.232253
0 0.661415 0.202160 0.665031 0.212963 0.677944 0.202547
0 0.704287 0.186343 0.714618 0.180941 0.711002 0.207562
0 0.681302 0.176312 0.676136 0.187500 0.664515 0.175733
0 0.665031 0.161265 0.658316 0.166281 0.655605 0.147377
0 0.631715 0.170139 0.634298 0.183256 0.618802 0.178241
0 0.602531 0.168981 0.612345 0.174769 0.612345 0.151427
0 0.623709 0.121528 0.633264 0.118056 0.628486 0.139275
0 0.605630 0.087191 0.613378 0.089892 0.607954 0.111496
0 0.587810 0.204090 0.591426 0.192901 0.575414 0.193866
0 0.579804 0.157407 0.584969 0.163194 0.574767 0.170910
0 0.544680 0.187500 0.554236 0.186728 0.549458 0.163195
0 0.555785 0.133102 0.557851 0.118056 0.572443 0.126737
0 0.557076 0.064429 0.566374 0.064429 0.561725 0.088734
0 0.524793 0.159722 0.532541 0.157022 0.525568 0.136960
0 0.516529 0.170910 0.521178 0.160108 0.531508 0.177662
0 0.512655 0.169367 0.510847 0.182870 0.494576 0.172647
0 0.489153 0.137731 0.489669 0.151620 0.502970 0.144676
0 0.450155 0.154707 0.454029 0.168981 0.466426 0.157986
0 0.416839 0.138889 0.426136 0.136188 0.422262 0.160494
0 0.408058 0.218750 0.415289 0.220293 0.411674 0.197723
0 0.361829 0.231867 0.369318 0.239969 0.371513 0.221643
0 0.372417 0.194444 0.380682 0.203704 0.385460 0.181906
0 0.396436 0.258488 0.407283 0.251929 0.399923 0.232254
0 0.363895 0.246914 0.373450 0.244213 0.369706 0.267747
0 0.393595 0.310571 0.404700 0.309414 0.399147 0.284915
0 0.331353 0.319059 0.334969 0.330247 0.345429 0.321373
0 0.340393 0.339120 0.337293 0.355324 0.322315 0.344328
0 0.379132 0.364583 0.372417 0.375772 0.364799 0.359568
0 0.410640 0.341435 0.418388 0.349151 0.422779 0.331790
0 0.437758 0.336420 0.449380 0.339506 0.440858 0.365741
0 0.399277 0.369985 0.411932 0.368441 0.405605 0.396991
0 0.370351 0.398148 0.376550 0.410880 0.360409 0.419367
0 0.429236 0.421682 0.438017 0.424769 0.438792 0.403743
0 0.437500 0.427855 0.443182 0.437886 0.451576 0.421103
0 0.458678 0.459877 0.463068 0.469907 0.475207 0.456983
0 0.458161 0.493441 0.463326 0.507330 0.443310 0.510609
0 0.351240 0.570216 0.359504 0.562500 0.348915 0.544175
0 0.257490 0.628472 0.262655 0.616898 0.272598 0.632909
0 0.179752 0.635031 0.178977 0.649306 0.163610 0.642169
0 0.137913 0.617670 0.149793 0.614583 0.143853 0.590471
0 0.105630 0.510802 0.113636 0.516975 0.102273 0.538194
0 0.037448 0.647762 0.043905 0.660880 0.055656 0.643711
0 0.068182 0.688657 0.080579 0.681327 0.080708 0.712384
0 0.036932 0.756944 0.045713 0.744213 0.053073 0.772570
0 0.062242 0.896219 0.068440 0.886188 0.076059 0.902006
0 0.123192 0.895062 0.130682 0.881559 0.113894 0.869984
0 0.135847 0.905864 0.138946 0.891590 0.155346 0.904707
0 0.162707 0.899306 0.161932 0.887731 0.176007 0.893519
0 0.185692 0.869599 0.193698 0.861111 0.201188 0.880787
0 0.304494 0.846065 0.307335 0.858410 0.287578 0.859954
0 0.329029 0.856096 0.330320 0.844907 0.316761 0.850502
0 0.375775 0.847994 0.377324 0.861883 0.358858 0.854939
0 0.433110 0.835648 0.444731 0.842207 0.432851 0.861689
0 0.490186 0.892361 0.488378 0.907407 0.505811 0.900848
0 0.555010 0.853781 0.552428 0.868827 0.570507 0.863619
0 0.559143 0.819059 0.563017 0.832948 0.544034 0.832369
0 0.700155 0.876157 0.704804 0.892747 0.681818 0.890239
0 0.730114 0.892361 0.732696 0.905864 0.749355 0.896991
0 0.758523 0.850694 0.756715 0.861497 0.741735 0.853009
0 0.708161 0.796682 0.717200 0.804784 0.717846 0.778164
0 0.731147 0.751929 0.735537 0.739198 0.750904 0.757909
0 0.790548 0.753858 0.797779 0.761574 0.787061 0.773534
0 0.754390 0.796296 0.753874 0.804784 0.763817 0.801505
0 0.745351 0.790123 0.740702 0.802469 0.756973 0.804591
0 0.771952 0.729552 0.777893 0.739583 0.783832 0.727044
0 0.762138 0.704090 0.766271 0.714892 0.776214 0.705054
0 0.835227 0.666667 0.842717 0.671682 0.833936 0.688657
0 0.801653 0.751157 0.805269 0.763889 0.816245 0.750000
0 0.787707 0.747685 0.793647 0.737654 0.798425 0.756559
0 0.721849 0.732253 0.730372 0.737654 0.731922 0.713348
0 0.654184 0.715278 0.663223 0.711034 0.656250 0.692130
0 0.723657 0.649306 0.731147 0.648534 0.727402 0.630788
0 0.766271 0.667438 0.769886 0.676312 0.778151 0.665703
0 0.821798 0.649691 0.811983 0.638889 0.803719 0.661072
0 0.779442 0.612269 0.784607 0.602623 0.771823 0.595293
0 0.704287 0.584105 0.713068 0.590278 0.714360 0.565779
0 0.751550 0.556327 0.754907 0.542052 0.767562 0.553819
0 0.875258 0.582176 0.870093 0.591435 0.859245 0.576003
0 0.868802 0.599537 0.867769 0.611497 0.851240 0.604167
0 0.853306 0.625386 0.856663 0.613040 0.838972 0.612654
0 0.877324 0.634259 0.879649 0.645448 0.863507 0.642939
0 0.874742 0.674383 0.887397 0.674769 0.881069 0.692902
0 0.543130 0.324460 0.543130 0.336420 0.559271 0.330440
0 0.585227 0.280093 0.589876 0.287037 0.595945 0.272763
0 0.530992 0.256944 0.539773 0.261188 0.540161 0.240355
0 0.776860 0.118056 0.782800 0.132330 0.767821 0.132909
0 0.761105 0.153935 0.770919 0.147762 0.762784 0.127314
0 0.722882 0.146219 0.729339 0.133873 0.740832 0.153742
0 0.749225 0.180170 0.745351 0.190201 0.733988 0.173997
0 0.686209 0.126157 0.689308 0.143904 0.705062 0.135030
0 0.656767 0.118441 0.655217 0.130015 0.670583 0.128086
0 0.646436 0.099923 0.648244 0.117670 0.667226 0.108796
0 0.664773 0.084105 0.663740 0.095293 0.678978 0.094908
0 0.677686 0.040509 0.691374 0.042438 0.685047 0.072145
0 0.651860 0.030864 0.661157 0.034722 0.656508 0.058449
0 0.627324 0.027392 0.632748 0.015818 0.643982 0.029321
0 0.588843 0.021219 0.596074 0.035880 0.582257 0.037615
0 0.606663 0.041667 0.614153 0.051312 0.603435 0.058257
0 0.598399 0.021219 0.595041 0.032793 0.610666 0.035494
0 0.737345 0.034336 0.746901 0.028549 0.748322 0.050926
0 0.760589 0.036651 0.769370 0.026235 0.773632 0.047647
0 0.778151 0.033565 0.788223 0.032793 0.783962 0.057485
0 0.791064 0.044753 0.795971 0.057485 0.782154 0.059992
0 0.796488 0.080633 0.807593 0.079090 0.803203 0.096836
0 0.858729 0.083719 0.864669 0.092593 0.851110 0.098573
0 0.841167 0.054012 0.848399 0.057485 0.843621 0.078125
0 0.870351 0.083333 0.866219 0.091821 0.860796 0.075618
0 0.829029 0.064043 0.834711 0.057485 0.837422 0.076582
0 0.807076 0.023534 0.809659 0.030864 0.814953 0.042052
0 0.845041 0.027778 0.853564 0.039352 0.840135 0.046489
0 0.791581 0.033179 0.800103 0.025849 0.804235 0.047068
0 0.809401 0.033179 0.802686 0.033179 0.806302 0.057292
0 0.803461 0.031250 0.808368 0.029321 0.810434 0.055941
0 0.535124 0.028164 0.546746 0.037809 0.539514 0.058064
0 0.472882 0.070216 0.479081 0.052855 0.493156 0.071952
0 0.481147 0.035880 0.485537 0.020448 0.497289 0.033179
0 0.448089 0.023920 0.443182 0.030864 0.452221 0.040509
0 0.439824 0.017361 0.434143 0.024691 0.443053 0.034144
0 0.421229 0.022377 0.429236 0.016590 0.428590 0.039159
0 0.383781 0.032407 0.384814 0.045139 0.396307 0.038773
0 0.401860 0.050540 0.408833 0.042438 0.414644 0.061342
0 0.352273 0.027006 0.359762 0.023920 0.359246 0.045910
0 0.328512 0.032022 0.334969 0.042052 0.321927 0.052277
0 0.314050 0.015818 0.320506 0.027006 0.306173 0.034529
0 0.298295 0.056327 0.300878 0.067515 0.287577 0.066744
0 0.262655 0.113040 0.270403 0.120756 0.271049 0.099923
0 0.336519 0.094136 0.337293 0.102623 0.354468 0.098380
0 0.326705 0.096836 0.323864 0.108410 0.339230 0.105517
0 0.162707 0.027778 0.174070 0.027392 0.169938 0.052855
0 0.205579 0.032407 0.216684 0.020833 0.225077 0.043981
0 0.189824 0.082948 0.188791 0.095293 0.209710 0.089120
0 0.204287 0.121142 0.204029 0.135031 0.186983 0.128086
0 0.160382 0.158179 0.168905 0.151235 0.160770 0.137732
0 0.175103 0.192515 0.186725 0.192515 0.180914 0.168210
0 0.198605 0.220293 0.209452 0.219907 0.204029 0.192708
0 0.231663 0.216049 0.240702 0.212577 0.232825 0.192323
0 0.246901 0.179012 0.248192 0.190586 0.262784 0.182098
0 0.188791 0.228009 0.196798 0.236111 0.182335 0.250578
0 0.262397 0.237654 0.273244 0.237654 0.267821 0.263117
0 0.318182 0.269290 0.322314 0.284722 0.302557 0.283757
0 0.241736 0.348380 0.252066 0.352238 0.249742 0.328318
0 0.199897 0.324074 0.191632 0.334105 0.183109 0.312307
0 0.163740 0.321759 0.173554 0.326389 0.165677 0.352237
0 0.150568 0.244985 0.156508 0.234182 0.143337 0.222415
0 0.090909 0.302855 0.101756 0.299383 0.096333 0.276427
0 0.052944 0.232253 0.059917 0.240355 0.064695 0.219522
0 0.050878 0.162423 0.059401 0.165509 0.055914 0.142168
0 0.080062 0.156250 0.088326 0.147377 0.092329 0.171490
0 0.091684 0.224923 0.100465 0.218750 0.094654 0.197531
0 0.107955 0.185957 0.117510 0.193287 0.114799 0.169368
0 0.130424 0.101080 0.138688 0.106096 0.128745 0.122685
0 0.082128 0.092593 0.093750 0.084491 0.093879 0.115548
0 0.072831 0.078704 0.078254 0.066358 0.061338 0.064622
0 0.074122 0.035108 0.078254 0.021991 0.090005 0.038194
0 0.103048 0.038966 0.111570 0.022762 0.125517 0.049383
0 0.243285 0.114198 0.239928 0.130401 0.224690 0.117669
0 0.246384 0.166667 0.252324 0.152006 0.238378 0.148149
0 0.256715 0.172068 0.266012 0.175540 0.263946 0.151813
0 0.285124 0.139660 0.294163 0.149306 0.297262 0.126929
0 0.303461 0.161265 0.296488 0.151620 0.309789 0.139274
0 0.336777 0.211034 0.344783 0.202160 0.331999 0.190586
0 0.407283 0.127315 0.412448 0.137346 0.421746 0.123457
0 0.378874 0.140818 0.384298 0.151235 0.396307 0.134260
0 0.358988 0.174769 0.368027 0.182485 0.369318 0.161266
0 0.352014 0.172840 0.352531 0.161651 0.365057 0.167245
0 0.347107 0.167052 0.357955 0.167438 0.352531 0.142361
0 0.068182 0.447531 0.068698 0.469522 0.089618 0.458527
0 0.126033 0.440201 0.136622 0.445602 0.134298 0.421489
0 0.066890 0.303241 0.075413 0.295139 0.061079 0.281829
0 0.043647 0.317130 0.056560 0.314815 0.050103 0.342785
0 0.057593 0.341821 0.057851 0.324460 0.077608 0.333141
0 0.020919 0.195216 0.033316 0.188272 0.027117 0.170717
0 0.443957 0.721451 0.446539 0.746142 0.423424 0.733796
0 0.816632 0.908179 0.819215 0.914738 0.826317 0.906057
0 0.818957 0.900849 0.829804 0.898920 0.824380 0.871914
0 0.846849 0.891204 0.858471 0.894290 0.853306 0.867091
0 0.865961 0.871914 0.872159 0.865355 0.864928 0.851852
0 0.874483 0.834491 0.883523 0.831404 0.879003 0.811342
0 0.859504 0.814043 0.868285 0.815972 0.863895 0.837191
0 0.866994 0.803241 0.873450 0.795139 0.865056 0.775656
0 0.885589 0.890818 0.889979 0.907022 0.902505 0.890818
