0 0.716426 0.572917 0.720816 0.583333 0.705450 0.587384
0 0.690083 0.381559 0.696023 0.373071 0.703771 0.396605
0 0.624742 0.388889 0.629649 0.398148 0.615961 0.409722
0 0.669163 0.363040 0.673295 0.369599 0.681560 0.358410
0 0.631715 0.484954 0.637397 0.492670 0.625130 0.504051
0 0.595558 0.440972 0.597366 0.452546 0.578254 0.451389
0 0.557076 0.405478 0.558368 0.417824 0.541064 0.412809
0 0.499742 0.411265 0.510072 0.412423 0.506844 0.386381
0 0.578254 0.315972 0.580320 0.303241 0.559271 0.301118
0 0.605888 0.265432 0.613378 0.261574 0.607954 0.240162
0 0.594783 0.229552 0.598915 0.239969 0.583290 0.242669
0 0.668905 0.221836 0.670713 0.233025 0.654313 0.229745
0 0.667355 0.243827 0.660124 0.236883 0.655088 0.260417
0 0.719008 0.231867 0.726240 0.238426 0.714360 0.259452
0 0.693440 0.314043 0.701705 0.312886 0.697315 0.291473
0 0.735021 0.346836 0.730114 0.354938 0.718621 0.338927
0 0.715393 0.181327 0.722366 0.188272 0.711648 0.199653
0 0.764721 0.221451 0.760331 0.212963 0.772985 0.201004
0 0.802169 0.175540 0.807076 0.168210 0.813275 0.185764
0 0.826446 0.110725 0.829287 0.120756 0.813791 0.124035
0 0.841426 0.121142 0.846591 0.130787 0.831353 0.142747
0 0.898502 0.079861 0.903409 0.091049 0.888043 0.095872
0 0.873192 0.220679 0.883781 0.219907 0.878486 0.196566
0 0.943440 0.221451 0.939566 0.233410 0.927944 0.217978
0 0.943440 0.189043 0.944731 0.173997 0.923812 0.176891
0 0.931560 0.159336 0.930527 0.147377 0.918647 0.151813
0 0.941116 0.145448 0.949638 0.140432 0.937758 0.126351
0 0.934917 0.027778 0.941632 0.039738 0.925233 0.048997
0 0.856405 0.024306 0.857180 0.038194 0.872288 0.031250
0 0.913223 0.016204 0.914773 0.007330 0.905088 0.008681
0 0.789773 0.025463 0.795455 0.038580 0.806560 0.025463
0 0.759556 0.049769 0.762913 0.057870 0.749741 0.064622
0 0.759814 0.103009 0.763688 0.091049 0.745868 0.092399
0 0.719008 0.117284 0.726240 0.109568 0.714876 0.100501
0 0.697831 0.046682 0.704804 0.039738 0.693311 0.024306
0 0.722366 0.013503 0.726498 0.027006 0.738378 0.017361
0 0.631715 0.136574 0.638688 0.146605 0.623063 0.157021
0 0.579545 0.190201 0.579029 0.202546 0.598140 0.196374
0 0.525568 0.194444 0.530733 0.201003 0.517045 0.212962
0 0.519628 0.180556 0.525310 0.170139 0.533832 0.190008
0 0.537965 0.173997 0.534091 0.183256 0.546229 0.186729
0 0.472107 0.323688 0.479597 0.331790 0.487990 0.306713
0 0.383781 0.399691 0.391529 0.406636 0.397340 0.385224
0 0.362345 0.358410 0.370351 0.353395 0.364153 0.333333
0 0.323864 0.422454 0.331353 0.417052 0.323863 0.395641
0 0.319215 0.454090 0.328254 0.452546 0.325801 0.481096
0 0.376808 0.515818 0.380165 0.528549 0.394241 0.511960
0 0.261622 0.373843 0.266529 0.369985 0.270016 0.385417
0 0.246643 0.461034 0.256198 0.453704 0.246126 0.439429
0 0.240444 0.497685 0.239669 0.509645 0.258006 0.506173
0 0.210744 0.537809 0.207903 0.549769 0.227531 0.548997
0 0.240702 0.547068 0.245610 0.535494 0.258264 0.553241
0 0.279184 0.568673 0.285382 0.572917 0.288094 0.553434
0 0.187758 0.583719 0.186467 0.596836 0.206999 0.590278
0 0.283574 0.630787 0.284349 0.644676 0.306559 0.637732
0 0.299587 0.686728 0.301136 0.701003 0.319860 0.690394
0 0.280992 0.684799 0.284607 0.696759 0.269498 0.697723
0 0.291839 0.736883 0.294421 0.748843 0.310563 0.740934
0 0.288481 0.723765 0.298812 0.717593 0.299070 0.746335
0 0.238120 0.762346 0.245093 0.754630 0.249742 0.777778
0 0.242252 0.708333 0.251808 0.705633 0.249871 0.729359
0 0.256973 0.718750 0.250258 0.723380 0.260459 0.737847
0 0.301136 0.808642 0.306560 0.817515 0.317148 0.797646
0 0.347366 0.838735 0.345816 0.849151 0.331870 0.842593
0 0.273502 0.850309 0.284349 0.850309 0.278926 0.825232
0 0.256198 0.861883 0.256973 0.878086 0.273890 0.869984
0 0.211002 0.846065 0.214101 0.861111 0.229080 0.847801
0 0.173295 0.800926 0.175362 0.790509 0.189824 0.804784
0 0.232696 0.780864 0.231921 0.789738 0.219266 0.782987
0 0.127583 0.793981 0.134814 0.783565 0.145532 0.804398
0 0.134298 0.803627 0.140496 0.814043 0.148761 0.795910
0 0.102531 0.823688 0.105114 0.811343 0.119189 0.822145
0 0.115444 0.853395 0.118543 0.863812 0.132102 0.852045
0 0.149277 0.865355 0.149535 0.871528 0.137138 0.868441
0 0.161674 0.869985 0.163740 0.880787 0.144757 0.876544
0 0.172521 0.868056 0.166322 0.875772 0.162191 0.861497
0 0.194731 0.845293 0.191632 0.856096 0.178590 0.849537
0 0.199122 0.869213 0.190857 0.861497 0.201575 0.853588
0 0.181302 0.879244 0.186209 0.868827 0.174587 0.863233
0 0.091426 0.788966 0.095816 0.799769 0.109117 0.784336
0 0.078771 0.761574 0.085227 0.748843 0.096720 0.768711
0 0.067149 0.707176 0.077479 0.707948 0.072314 0.735726
0 0.102789 0.746914 0.103048 0.759645 0.121255 0.753279
0 0.107696 0.738812 0.111312 0.748071 0.121900 0.737075
0 0.107438 0.691358 0.115444 0.693673 0.109504 0.715085
0 0.144370 0.718364 0.152118 0.711806 0.157670 0.735919
0 0.147986 0.684028 0.151601 0.691358 0.139462 0.702546
0 0.182335 0.739583 0.187758 0.731096 0.198348 0.749614
0 0.201705 0.741512 0.203771 0.729167 0.222366 0.740355
0 0.179752 0.660880 0.181560 0.673225 0.196927 0.667053
0 0.153409 0.644676 0.161157 0.640818 0.159349 0.670332
0 0.169163 0.647377 0.159349 0.646605 0.164256 0.669368
0 0.101498 0.675540 0.105114 0.683642 0.116607 0.671875
0 0.121384 0.596065 0.129649 0.600309 0.121513 0.619984
0 0.150568 0.615355 0.158316 0.618441 0.157541 0.593171
0 0.135589 0.553627 0.144628 0.557485 0.137267 0.581983
0 0.099432 0.515046 0.103822 0.503086 0.117640 0.521219
0 0.142045 0.545139 0.149535 0.544367 0.143853 0.526428
0 0.080837 0.626929 0.090651 0.627315 0.085744 0.659529
0 0.070506 0.591435 0.075671 0.586034 0.081869 0.606289
0 0.077738 0.580247 0.084711 0.576775 0.084452 0.598187
0 0.073347 0.556327 0.073864 0.569830 0.097882 0.563079
0 0.072056 0.537037 0.080320 0.530478 0.082387 0.558642
0 0.072056 0.506559 0.079029 0.500000 0.084969 0.519869
0 0.069990 0.483796 0.072056 0.494213 0.087165 0.489005
0 0.096849 0.429398 0.103822 0.433256 0.095300 0.452739
0 0.110279 0.448688 0.118802 0.447917 0.114541 0.425347
0 0.137655 0.378472 0.146436 0.381173 0.139205 0.403935
0 0.142820 0.411651 0.151860 0.406250 0.149535 0.435957
0 0.157025 0.429784 0.147986 0.420525 0.143466 0.447917
0 0.152376 0.456404 0.143595 0.454475 0.147598 0.478202
0 0.072831 0.361883 0.074122 0.376157 0.090522 0.362461
0 0.110021 0.314043 0.123967 0.309799 0.116994 0.346064
0 0.128616 0.268519 0.135331 0.270062 0.131974 0.289545
0 0.195764 0.359182 0.200930 0.368056 0.189179 0.373264
0 0.169938 0.274691 0.175362 0.270062 0.177686 0.290702
0 0.199122 0.254630 0.199122 0.244985 0.182464 0.249808
0 0.192665 0.236883 0.201963 0.233796 0.195248 0.214892
0 0.088843 0.276235 0.093492 0.285880 0.104985 0.266976
0 0.070248 0.234954 0.078254 0.231096 0.078642 0.257138
0 0.072056 0.209877 0.080062 0.202546 0.084195 0.220486
0 0.101498 0.160880 0.112087 0.162037 0.106793 0.191937
0 0.234246 0.201775 0.244060 0.199460 0.238895 0.175154
0 0.290548 0.126157 0.295713 0.118827 0.282413 0.106481
0 0.309401 0.079475 0.316374 0.070216 0.305527 0.060763
0 0.181560 0.004244 0.174329 0.000000 0.169809 0.016011
0 0.081353 0.106481 0.088843 0.101852 0.087552 0.128086
0 0.128099 0.063657 0.138171 0.073302 0.121513 0.098765
0 0.110795 0.079090 0.118543 0.086034 0.107825 0.103974
0 0.104597 0.057870 0.113636 0.061728 0.104339 0.088155
0 0.077479 0.077160 0.083419 0.087963 0.093363 0.067129
0 0.090909 0.010417 0.100465 0.002701 0.104080 0.030672
0 0.121384 0.065586 0.129132 0.062114 0.124742 0.040123
0 0.399019 0.158179 0.410124 0.155478 0.406121 0.184414
0 0.353306 0.276620 0.357696 0.262731 0.342201 0.261188
0 0.372417 0.025849 0.375517 0.011960 0.357180 0.013889
0 0.356147 0.674769 0.360279 0.682485 0.349561 0.689815
0 0.362087 0.668981 0.369318 0.677083 0.358342 0.692130
0 0.405733 0.690201 0.414256 0.682099 0.403280 0.670718
0 0.437242 0.668981 0.433368 0.676312 0.419809 0.662616
0 0.453512 0.645448 0.452996 0.658179 0.434013 0.651620
0 0.462035 0.730710 0.457128 0.743441 0.443698 0.729553
0 0.456612 0.749228 0.454545 0.761574 0.439696 0.752122
0 0.413481 0.782793 0.420196 0.776235 0.408316 0.758680
0 0.393079 0.780478 0.397986 0.769290 0.387397 0.760031
0 0.399535 0.772377 0.393337 0.775849 0.389204 0.752700
0 0.398760 0.850309 0.401085 0.838735 0.384685 0.841243
0 0.410382 0.871914 0.410124 0.883102 0.392820 0.877701
0 0.415806 0.883873 0.422262 0.880401 0.414515 0.865162
0 0.439308 0.871142 0.439308 0.880787 0.429235 0.875965
0 0.447314 0.870370 0.438275 0.869213 0.442794 0.843364
0 0.483471 0.868056 0.486054 0.880401 0.463326 0.876158
0 0.497676 0.894290 0.502841 0.885802 0.491994 0.882523
0 0.535640 0.827546 0.535124 0.840278 0.517045 0.833912
0 0.533574 0.799383 0.540031 0.805170 0.543905 0.788774
0 0.494835 0.770448 0.497676 0.781636 0.481664 0.781250
0 0.557593 0.791667 0.558110 0.804784 0.570765 0.798226
0 0.592459 0.805941 0.598915 0.799383 0.586002 0.783179
0 0.593750 0.837577 0.603564 0.840278 0.602531 0.812500
0 0.483729 0.733410 0.485795 0.724151 0.498967 0.734760
0 0.484246 0.663966 0.493285 0.652006 0.498838 0.680169
0 0.461002 0.657407 0.464360 0.668596 0.480630 0.652199
0 0.516271 0.614198 0.516787 0.625000 0.502453 0.620178
0 0.576705 0.678241 0.579287 0.662037 0.596591 0.675540
0 0.639205 0.805941 0.647727 0.806327 0.645403 0.780864
0 0.634814 0.701003 0.636364 0.711420 0.620997 0.706211
0 0.668388 0.826775 0.668905 0.840664 0.646436 0.835841
0 0.710227 0.764660 0.716942 0.754244 0.699639 0.739390
0 0.718233 0.792824 0.717975 0.804784 0.699509 0.798804
0 0.603822 0.866898 0.604597 0.876543 0.586131 0.871720
0 0.596333 0.886574 0.600981 0.879630 0.588456 0.876157
0 0.802169 0.866898 0.804494 0.853781 0.779572 0.855710
0 0.798037 0.846836 0.794163 0.857253 0.785511 0.846836
0 0.812758 0.805941 0.817924 0.812886 0.822056 0.795525
0 0.786932 0.746142 0.792097 0.756173 0.776730 0.765432
0 0.800620 0.717207 0.808626 0.715278 0.804623 0.691744
0 0.726756 0.690586 0.731405 0.698688 0.738895 0.680362
0 0.746126 0.718750 0.755165 0.719907 0.751292 0.694637
0 0.805269 0.625000 0.805269 0.638503 0.786803 0.631752
0 0.844525 0.681327 0.844267 0.693673 0.828512 0.687500
0 0.858213 0.745370 0.866219 0.739198 0.855243 0.721836
0 0.886880 0.673225 0.893853 0.668981 0.885201 0.651428
0 0.894886 0.712577 0.899793 0.719136 0.905088 0.703511
0 0.931302 0.619213 0.939308 0.623457 0.928332 0.646219
0 0.942924 0.702546 0.951446 0.698688 0.942794 0.671296
0 0.893595 0.821759 0.899535 0.813272 0.890108 0.803627
0 0.949122 0.822531 0.948605 0.834105 0.932076 0.826196
0 0.944731 0.866127 0.946539 0.854167 0.928977 0.854553
0 0.922262 0.882716 0.928719 0.875386 0.917355 0.865933
0 0.946023 0.577546 0.949122 0.586806 0.934789 0.592013
0 0.921488 0.536651 0.930527 0.542824 0.919938 0.561149
0 0.880165 0.590664 0.887913 0.585262 0.878745 0.568866
0 0.865186 0.521605 0.873967 0.516590 0.875775 0.536458
0 0.946281 0.507716 0.949897 0.499228 0.934401 0.489004
0 0.885847 0.427855 0.890496 0.438657 0.875775 0.448881
0 0.909091 0.427855 0.915289 0.415895 0.895790 0.404707
0 0.859762 0.351466 0.862345 0.363812 0.843750 0.360533
0 0.836519 0.437114 0.844008 0.440972 0.836518 0.460648
0 0.845300 0.432870 0.839360 0.442130 0.852919 0.460262
0 0.748709 0.518904 0.754907 0.509645 0.762914 0.527971
0 0.769886 0.350694 0.772727 0.359954 0.785899 0.348766
0 0.949638 0.442515 0.954804 0.432485 0.945377 0.426311
0 0.937500 0.337191 0.943440 0.341049 0.933755 0.358024
0 0.948605 0.322531 0.952996 0.332562 0.939824 0.340085
0 0.891271 0.300540 0.897727 0.297840 0.895661 0.319831
0 0.910899 0.331019 0.917097 0.322917 0.904701 0.307677
0 0.862345 0.249614 0.868027 0.243441 0.876162 0.269290
0 0.917872 0.286265 0.925878 0.278549 0.930268 0.300925
0 0.946798 0.308256 0.954029 0.302855 0.948864 0.287809
0 0.922521 0.274691 0.925362 0.265046 0.907671 0.262153
0 0.911157 0.232639 0.911157 0.243827 0.926653 0.238233
0 0.625775 0.598765 0.633264 0.590664 0.620739 0.571373
0 0.571798 0.546682 0.580579 0.555941 0.570507 0.574267
0 0.591684 0.569830 0.599174 0.569059 0.595429 0.589314
0 0.532283 0.523920 0.528926 0.534336 0.545197 0.535687
0 0.675878 0.674769 0.684659 0.665895 0.671488 0.648920
0 0.649793 0.654321 0.650568 0.665895 0.636493 0.660880
0 0.644628 0.670525 0.646178 0.658565 0.629004 0.663002
0 0.654442 0.695216 0.647469 0.705633 0.636492 0.693866
