0 0.454029 0.834105 0.459452 0.846065 0.446152 0.861690
0 0.500775 0.820988 0.510847 0.834105 0.512526 0.804977
0 0.591167 0.742670 0.587810 0.755787 0.610150 0.750193
0 0.597882 0.859182 0.590134 0.874228 0.609633 0.871721
0 0.631198 0.902392 0.632490 0.914352 0.649147 0.906057
0 0.721591 0.889275 0.721591 0.904321 0.741090 0.896798
0 0.751808 0.854167 0.754132 0.867670 0.770145 0.856868
0 0.726240 0.804398 0.733988 0.812500 0.737345 0.784143
0 0.744060 0.737654 0.752841 0.742670 0.754003 0.719329
0 0.726240 0.629244 0.737345 0.630787 0.731793 0.658372
0 0.744060 0.654321 0.751808 0.654321 0.747934 0.641011
0 0.621384 0.567515 0.624742 0.579090 0.640883 0.562500
0 0.632490 0.505787 0.641271 0.512731 0.643595 0.487654
0 0.725207 0.432870 0.733471 0.425926 0.716942 0.411844
0 0.734504 0.480324 0.745093 0.485340 0.741607 0.464313
0 0.747417 0.516975 0.754649 0.525849 0.758652 0.499422
0 0.772211 0.527392 0.785124 0.527392 0.778668 0.502893
0 0.789773 0.567901 0.805010 0.567901 0.797392 0.542438
0 0.331870 0.476852 0.341167 0.487269 0.349432 0.464507
0 0.390496 0.394290 0.397727 0.406636 0.379520 0.415316
0 0.424587 0.381944 0.439824 0.381944 0.432206 0.409143
0 0.464618 0.334491 0.472882 0.334491 0.462294 0.367863
0 0.456353 0.418596 0.465651 0.425926 0.465134 0.401235
0 0.466942 0.430941 0.471591 0.439815 0.483342 0.421490
0 0.490444 0.453704 0.492769 0.462577 0.507489 0.445023
0 0.525568 0.480324 0.536157 0.487269 0.542614 0.470487
0 0.546746 0.481867 0.544421 0.466049 0.561467 0.473186
0 0.435176 0.332948 0.441116 0.343364 0.449897 0.322338
0 0.418647 0.302855 0.430527 0.302855 0.424587 0.277585
0 0.392820 0.234568 0.402376 0.234568 0.397598 0.256559
0 0.423554 0.239969 0.434143 0.234568 0.421746 0.211034
0 0.469267 0.239969 0.478564 0.234568 0.468621 0.218943
0 0.419938 0.195988 0.428202 0.208333 0.431689 0.186342
0 0.452738 0.185571 0.463326 0.185571 0.457516 0.163581
0 0.451705 0.127701 0.461002 0.143519 0.471075 0.128472
0 0.518595 0.146991 0.519628 0.164352 0.502066 0.152971
0 0.496126 0.096065 0.493802 0.106481 0.512655 0.108217
0 0.509039 0.094136 0.518595 0.089120 0.517304 0.111882
0 0.531508 0.132716 0.531508 0.145062 0.547392 0.136381
0 0.550362 0.153935 0.563275 0.148534 0.555010 0.131944
0 0.580837 0.166281 0.589101 0.162809 0.577867 0.146991
0 0.591426 0.115355 0.586777 0.129244 0.604855 0.126736
0 0.585486 0.217207 0.596074 0.204861 0.587293 0.195216
0 0.555010 0.238040 0.564308 0.244985 0.565599 0.226659
0 0.539773 0.197917 0.544421 0.208333 0.557335 0.203125
0 0.624225 0.322145 0.632490 0.310185 0.638946 0.333719
0 0.693440 0.337963 0.701705 0.344907 0.700542 0.316937
0 0.672262 0.297840 0.688791 0.299383 0.680527 0.275849
0 0.645403 0.238040 0.653667 0.244985 0.652376 0.226659
0 0.655992 0.166281 0.659349 0.180170 0.642433 0.174190
0 0.647727 0.141590 0.648760 0.153935 0.634168 0.147762
0 0.693440 0.187114 0.685176 0.195988 0.678848 0.176698
0 0.690083 0.160880 0.679494 0.167824 0.679494 0.147763
0 0.320248 0.141590 0.328254 0.153935 0.337810 0.128472
0 0.282541 0.159336 0.293130 0.164352 0.291322 0.139853
0 0.275568 0.164352 0.277893 0.180170 0.293775 0.172261
0 0.307335 0.066358 0.315341 0.064429 0.313792 0.089892
0 0.286157 0.104938 0.300103 0.115355 0.297262 0.095101
0 0.246126 0.039738 0.242769 0.059028 0.263301 0.053820
0 0.259039 0.011960 0.264979 0.004630 0.272598 0.018712
0 0.330837 0.023920 0.338843 0.016975 0.334840 0.035493
0 0.354081 0.022377 0.364669 0.023920 0.359375 0.052084
0 0.370610 0.008102 0.364669 0.023920 0.376420 0.031829
0 0.394112 0.023920 0.383523 0.025849 0.392950 0.044174
0 0.293130 0.227623 0.302428 0.224151 0.296617 0.252122
0 0.274277 0.324074 0.286157 0.324074 0.280217 0.296875
0 0.335486 0.275077 0.341167 0.287037 0.322443 0.302276
0 0.356663 0.306327 0.361312 0.320602 0.369576 0.310957
0 0.342459 0.348765 0.341167 0.362654 0.324251 0.353780
0 0.161674 0.603009 0.169938 0.597608 0.164643 0.574846
0 0.161674 0.603009 0.158058 0.613426 0.146436 0.609954
0 0.091167 0.655478 0.104081 0.662423 0.099432 0.635417
0 0.141787 0.516975 0.145145 0.529321 0.128100 0.537230
0 0.077221 0.508102 0.088843 0.522377 0.094137 0.495177
0 0.167614 0.348765 0.179236 0.339892 0.170455 0.326774
0 0.173295 0.255787 0.167614 0.271605 0.155733 0.253086
0 0.114669 0.176698 0.126550 0.169753 0.122288 0.203896
0 0.168647 0.217207 0.175620 0.209877 0.159866 0.195216
0 0.128874 0.146991 0.135847 0.155478 0.142950 0.129244
0 0.132231 0.113426 0.141787 0.111883 0.137009 0.086227
0 0.141787 0.038194 0.152376 0.031250 0.154701 0.059221
0 0.155733 0.029321 0.165289 0.016975 0.172779 0.034529
0 0.196798 0.027778 0.204029 0.015432 0.212681 0.029321
0 0.211002 0.060957 0.220300 0.050540 0.229210 0.062693
0 0.263688 0.113426 0.270919 0.097608 0.251549 0.098573
0 0.232180 0.122299 0.236829 0.104938 0.217459 0.113619
0 0.206353 0.162809 0.214360 0.160880 0.208549 0.141590
0 0.186209 0.140046 0.198089 0.138117 0.185692 0.118056
0 0.230888 0.209877 0.239153 0.208333 0.233858 0.183642
0 0.245093 0.190586 0.258006 0.190586 0.249742 0.164351
0 0.270919 0.155478 0.280217 0.141590 0.264979 0.134452
0 0.129907 0.011960 0.139463 0.018904 0.130036 0.035494
0 0.077221 0.089120 0.091167 0.087191 0.084194 0.115355
0 0.078254 0.173225 0.081870 0.187114 0.097107 0.162615
0 0.121643 0.304784 0.132231 0.295910 0.118156 0.278550
0 0.090134 0.315201 0.095816 0.322145 0.105888 0.313465
0 0.073605 0.304784 0.085227 0.304784 0.079416 0.335456
0 0.056043 0.738040 0.068957 0.731096 0.073605 0.754822
0 0.079545 0.875000 0.088843 0.862654 0.092975 0.882716
0 0.142820 0.873071 0.147469 0.888889 0.126937 0.887925
0 0.155733 0.899306 0.159349 0.883488 0.178073 0.895833
0 0.237862 0.904707 0.241477 0.895833 0.256715 0.907215
0 0.361312 0.087191 0.363636 0.106481 0.375904 0.096836
0 0.405733 0.011960 0.394112 0.015432 0.407025 0.031250
0 0.865961 0.167824 0.856663 0.183642 0.848399 0.161844
0 0.871901 0.178627 0.881457 0.185571 0.869706 0.200425
0 0.840134 0.246914 0.854339 0.238040 0.844395 0.224152
0 0.895403 0.199460 0.901343 0.208333 0.884943 0.217979
0 0.889463 0.243441 0.899019 0.243441 0.888430 0.270641
0 0.758006 0.250386 0.762655 0.260802 0.773243 0.244212
0 0.800362 0.262731 0.813275 0.257330 0.802686 0.231096
0 0.817924 0.232639 0.807335 0.236497 0.807335 0.209298
0 0.789773 0.159336 0.795713 0.146991 0.804494 0.163581
0 0.811983 0.145062 0.819215 0.155478 0.828512 0.144097
0 0.806302 0.073302 0.816890 0.078318 0.805139 0.096064
0 0.793388 0.138117 0.801395 0.131173 0.786803 0.112654
0 0.727531 0.097608 0.731147 0.113426 0.749225 0.105517
0 0.772211 0.113426 0.772211 0.129244 0.754520 0.121335
0 0.786157 0.124228 0.775568 0.124228 0.780346 0.145255
0 0.728822 0.131173 0.729855 0.146991 0.744576 0.138118
0 0.754649 0.138117 0.752066 0.143519 0.762139 0.156443
0 0.767562 0.173225 0.774535 0.166281 0.761622 0.160880
0 0.731147 0.160880 0.739153 0.153935 0.743414 0.174961
0 0.709969 0.236497 0.719267 0.224151 0.724561 0.241705
0 0.726240 0.271605 0.722882 0.287037 0.735796 0.286459
0 0.741736 0.353781 0.748709 0.341435 0.753357 0.359953
0 0.766271 0.373071 0.772211 0.383873 0.780992 0.365355
0 0.793388 0.397762 0.785124 0.415123 0.805011 0.421489
0 0.828512 0.430941 0.839101 0.430941 0.829674 0.407407
0 0.806302 0.397762 0.816890 0.401235 0.811596 0.379244
0 0.796746 0.371528 0.805010 0.383873 0.803203 0.355710
0 0.725207 0.375000 0.736829 0.380015 0.731664 0.357253
0 0.731147 0.352238 0.738120 0.334491 0.724561 0.342593
0 0.739153 0.318673 0.748709 0.325617 0.749742 0.309992
0 0.740444 0.334491 0.739153 0.318673 0.753874 0.327546
0 0.860279 0.362654 0.871901 0.368056 0.857309 0.387153
0 0.890754 0.366127 0.887138 0.376543 0.872547 0.362654
0 0.902376 0.453704 0.899019 0.467978 0.884814 0.455632
0 0.883781 0.487269 0.893079 0.488812 0.887268 0.469522
0 0.842717 0.496142 0.854339 0.496142 0.848528 0.470679
0 0.907283 0.513503 0.914256 0.522377 0.900181 0.521412
0 0.824897 0.501157 0.829804 0.518904 0.846720 0.510031
0 0.849690 0.527392 0.864928 0.532793 0.847366 0.563465
0 0.887138 0.560957 0.899019 0.574846 0.886622 0.587192
0 0.869576 0.601080 0.874225 0.613426 0.860796 0.625771
0 0.865961 0.638117 0.877841 0.646991 0.866735 0.664351
0 0.840134 0.673225 0.853048 0.671296 0.846591 0.695987
0 0.857955 0.704861 0.867252 0.708333 0.858988 0.723186
0 0.803977 0.692515 0.808626 0.708333 0.820377 0.695023
0 0.794421 0.673225 0.803977 0.685571 0.812113 0.670524
0 0.894370 0.666281 0.904700 0.673225 0.890108 0.688079
0 0.897727 0.690586 0.908316 0.694059 0.903022 0.712577
0 0.901343 0.773148 0.911932 0.764275 0.899535 0.750385
0 0.886105 0.804784 0.895403 0.795910 0.888946 0.779321
0 0.901343 0.834491 0.909607 0.831019 0.904313 0.809993
0 0.854339 0.771219 0.864928 0.762731 0.866607 0.788002
0 0.884814 0.913580 0.889463 0.901235 0.872547 0.898534
0 0.909607 0.910108 0.917614 0.917052 0.923682 0.900270
0 0.834452 0.836420 0.842717 0.832948 0.838585 0.804784
0 0.809659 0.760802 0.817924 0.746914 0.820893 0.765239
0 0.821539 0.774691 0.813275 0.769676 0.809788 0.787230
0 0.786157 0.825617 0.790806 0.813272 0.802686 0.829090
0 0.796746 0.806327 0.795713 0.825617 0.807464 0.815972
0 0.744060 0.913580 0.746384 0.923997 0.758136 0.917053
0 0.496126 0.911651 0.509039 0.923997 0.510847 0.902006
0 0.678202 0.020448 0.684143 0.032793 0.671746 0.042439
0 0.655992 0.038194 0.664256 0.029321 0.665935 0.044174
0 0.680527 0.090664 0.681818 0.108410 0.704029 0.099537
0 0.688791 0.192515 0.690083 0.202932 0.706353 0.195987
0 0.762655 0.317130 0.774535 0.310185 0.768595 0.288966
0 0.779184 0.337963 0.770919 0.318673 0.780863 0.307291
0 0.814308 0.287037 0.807335 0.278549 0.800233 0.292438
0 0.893337 0.646219 0.901601 0.639660 0.892432 0.626350
0 0.901085 0.619985 0.908574 0.631173 0.893982 0.641204
0 0.854855 0.644290 0.858471 0.653164 0.860408 0.645641
0 0.750000 0.760031 0.755682 0.745756 0.770661 0.766204
0 0.842717 0.349537 0.854339 0.348765 0.848528 0.329283
0 0.892820 0.359182 0.894628 0.347608 0.879390 0.342978
0 0.901601 0.345679 0.894628 0.347608 0.891529 0.333526
0 0.780475 0.290895 0.785640 0.301312 0.796875 0.279321
0 0.820506 0.305170 0.830062 0.302469 0.824639 0.278164
0 0.830062 0.280478 0.819215 0.277006 0.825543 0.256944
0 0.840134 0.273148 0.831870 0.288194 0.850853 0.292052
0 0.858471 0.262731 0.859246 0.273148 0.852531 0.271219
0 0.871126 0.292052 0.877583 0.292824 0.874354 0.271026
0 0.887138 0.196373 0.895403 0.190586 0.887784 0.175540
0 0.876291 0.120370 0.872417 0.130787 0.863636 0.119406
0 0.899793 0.107253 0.894628 0.116512 0.884297 0.102816
0 0.861054 0.103395 0.867510 0.095679 0.855114 0.092014
0 0.888946 0.070988 0.884556 0.062500 0.876549 0.073881
0 0.896694 0.118441 0.889721 0.113040 0.885201 0.133294
0 0.877583 0.154707 0.888430 0.151620 0.882361 0.130402
0 0.796488 0.033179 0.804494 0.028549 0.805269 0.051312
0 0.781767 0.038966 0.789514 0.034336 0.789644 0.057098
0 0.788740 0.074846 0.788223 0.060571 0.775052 0.069637
0 0.779442 0.047454 0.774535 0.048997 0.775826 0.047068
0 0.769628 0.043596 0.774535 0.048997 0.762655 0.057871
0 0.743027 0.050154 0.746901 0.062500 0.730760 0.060571
0 0.706353 0.087191 0.707645 0.074074 0.722236 0.080632
0 0.696798 0.021991 0.703771 0.018133 0.703383 0.041860
0 0.713843 0.023920 0.719008 0.016204 0.728435 0.033179
0 0.824380 0.037037 0.833161 0.029321 0.836131 0.051119
0 0.830062 0.045525 0.836260 0.046682 0.832128 0.065008
0 0.851498 0.065586 0.852273 0.074846 0.837939 0.073495
0 0.858471 0.040895 0.861829 0.050154 0.844267 0.048032
0 0.876291 0.031250 0.880682 0.041667 0.866478 0.045524
0 0.878099 0.046682 0.880165 0.055941 0.862990 0.052276
0 0.866219 0.045525 0.875775 0.049383 0.869964 0.066937
0 0.876291 0.058642 0.879390 0.068287 0.864799 0.068287
0 0.585744 0.029321 0.593233 0.037037 0.582515 0.055941
0 0.585744 0.018133 0.594525 0.014275 0.593105 0.034722
0 0.604081 0.026620 0.615444 0.020833 0.615186 0.047454
0 0.630165 0.018904 0.639721 0.026620 0.626033 0.041281
0 0.553977 0.021991 0.563017 0.024691 0.557593 0.041281
0 0.513946 0.062500 0.520919 0.055170 0.530863 0.072724
0 0.522211 0.012346 0.532541 0.015046 0.525826 0.031250
0 0.473399 0.078704 0.475981 0.083333 0.486441 0.067323
0 0.475465 0.020062 0.472107 0.030478 0.486054 0.028936
0 0.449380 0.021991 0.455579 0.011574 0.467071 0.034722
0 0.467717 0.035880 0.474690 0.035880 0.471203 0.058642
0 0.459452 0.026620 0.467717 0.023920 0.463585 0.049383
0 0.429752 0.045525 0.434143 0.037037 0.445893 0.053627
0 0.430269 0.026620 0.436725 0.020833 0.440470 0.038966
0 0.420196 0.020833 0.413223 0.028549 0.425233 0.049769
0 0.403151 0.138503 0.413223 0.140432 0.407542 0.113812
0 0.419163 0.122685 0.421488 0.113812 0.410640 0.137925
0 0.392820 0.169753 0.400568 0.167052 0.386622 0.150848
0 0.419421 0.163966 0.425878 0.175540 0.434013 0.149884
0 0.431560 0.125000 0.436725 0.135417 0.444860 0.118442
0 0.428461 0.134645 0.419163 0.122685 0.435563 0.108603
0 0.390496 0.369599 0.397986 0.360340 0.384039 0.353009
0 0.053461 0.184414 0.061467 0.179398 0.056947 0.161845
