0 0.103564 0.525077 0.111570 0.535494 0.118673 0.510610
0 0.096591 0.514275 0.104597 0.508488 0.097624 0.484375
0 0.370351 0.672454 0.374483 0.685957 0.350723 0.681520
0 0.113636 0.645448 0.123709 0.645448 0.120738 0.611497
0 0.068440 0.663194 0.082386 0.663194 0.081999 0.642939
0 0.104597 0.739969 0.110795 0.732639 0.100207 0.718943
0 0.068440 0.736883 0.076446 0.728009 0.083548 0.756559
0 0.196281 0.810571 0.199122 0.794367 0.180527 0.797068
0 0.135847 0.875386 0.143853 0.883102 0.148373 0.854360
0 0.275826 0.849923 0.280733 0.863426 0.257618 0.868634
0 0.245610 0.860340 0.245610 0.875386 0.225465 0.867863
0 0.269628 0.807870 0.269628 0.816744 0.282283 0.812307
0 0.348140 0.896605 0.354339 0.884259 0.331095 0.881558
0 0.435692 0.472222 0.435692 0.488812 0.414127 0.480517
0 0.314050 0.403164 0.309917 0.415123 0.333549 0.418210
0 0.295455 0.284336 0.297262 0.297068 0.275181 0.290702
0 0.488636 0.297068 0.480114 0.309799 0.467071 0.299575
0 0.432593 0.290509 0.445506 0.289352 0.439049 0.261574
0 0.462035 0.371914 0.469783 0.378472 0.474044 0.357060
0 0.493802 0.458333 0.505940 0.456790 0.497288 0.424189
0 0.530217 0.391204 0.543905 0.391204 0.535770 0.360919
0 0.559401 0.398920 0.566374 0.410494 0.575800 0.391204
0 0.568957 0.228781 0.566374 0.240355 0.554752 0.234568
0 0.554236 0.161651 0.557851 0.180941 0.540935 0.171296
0 0.511105 0.183642 0.520661 0.178627 0.515108 0.161073
0 0.434401 0.205633 0.445506 0.204090 0.438275 0.176505
0 0.444731 0.180941 0.447314 0.166667 0.463326 0.178434
0 0.460227 0.153935 0.466426 0.145062 0.476627 0.168210
0 0.473140 0.143519 0.485279 0.143519 0.479210 0.123650
0 0.440341 0.143519 0.445506 0.155093 0.454158 0.133295
0 0.436983 0.115355 0.443957 0.124228 0.454674 0.098380
0 0.451705 0.116512 0.455837 0.123071 0.462940 0.108796
0 0.475723 0.071373 0.480888 0.081790 0.493027 0.071374
0 0.462035 0.032793 0.462035 0.049383 0.480113 0.042438
0 0.454287 0.015818 0.463843 0.019676 0.452608 0.039159
0 0.422262 0.119213 0.432593 0.126929 0.432206 0.103781
0 0.400826 0.052083 0.398244 0.066358 0.413353 0.065007
0 0.368027 0.074074 0.375775 0.085648 0.388300 0.065007
0 0.350723 0.112654 0.361054 0.113812 0.356793 0.089313
0 0.351498 0.013503 0.361829 0.014660 0.356664 0.043017
0 0.372159 0.008102 0.383523 0.011960 0.377066 0.033372
0 0.328254 0.006944 0.322314 0.018519 0.336518 0.025077
0 0.409349 0.150077 0.417872 0.141204 0.402376 0.127507
0 0.422262 0.111497 0.431818 0.098380 0.415419 0.092785
0 0.424070 0.239198 0.424070 0.250772 0.409349 0.248071
0 0.431818 0.321759 0.436209 0.329475 0.418517 0.339120
0 0.417872 0.418210 0.429236 0.415895 0.423167 0.393133
0 0.328254 0.392361 0.329029 0.375772 0.346332 0.384066
0 0.389463 0.344907 0.399793 0.342207 0.389850 0.325424
0 0.382490 0.293210 0.385072 0.304784 0.393725 0.298997
0 0.376550 0.330633 0.385072 0.322917 0.372676 0.310571
0 0.644112 0.445216 0.653667 0.439043 0.643207 0.422647
0 0.665548 0.419753 0.657025 0.418210 0.655733 0.444638
0 0.644112 0.494213 0.656250 0.503472 0.654830 0.475695
0 0.496643 0.019676 0.505940 0.026235 0.499096 0.039159
0 0.512913 0.031636 0.502583 0.030093 0.507360 0.052084
0 0.517304 0.064815 0.512913 0.079090 0.533187 0.082948
0 0.512913 0.113812 0.523244 0.121528 0.521565 0.107446
0 0.518853 0.130787 0.523244 0.121528 0.534478 0.126736
0 0.581870 0.161651 0.572831 0.154321 0.567278 0.157214
0 0.578512 0.142361 0.567407 0.148920 0.570248 0.123071
0 0.575155 0.148920 0.577738 0.162809 0.588068 0.148727
0 0.584452 0.180941 0.593233 0.187500 0.593104 0.168210
0 0.600207 0.133488 0.612087 0.135802 0.607438 0.115162
0 0.537190 0.047068 0.536157 0.063657 0.552169 0.059221
0 0.544938 0.018519 0.550878 0.026235 0.540031 0.037230
0 0.514721 0.014660 0.513688 0.026235 0.525826 0.025077
0 0.557851 0.021219 0.564566 0.015818 0.565986 0.038387
0 0.578512 0.018519 0.569990 0.019676 0.575543 0.042439
0 0.597366 0.015818 0.608729 0.026235 0.595299 0.037808
0 0.613895 0.011960 0.608729 0.026235 0.621642 0.032022
0 0.579287 0.084491 0.587035 0.090664 0.591038 0.076582
0 0.587035 0.032793 0.594783 0.019676 0.602143 0.039737
0 0.655217 0.023534 0.659607 0.033951 0.641528 0.035301
0 0.638946 0.053241 0.639721 0.064815 0.624225 0.059028
0 0.617252 0.066358 0.608729 0.062500 0.609504 0.082369
0 0.633781 0.097222 0.631973 0.082948 0.617768 0.092593
0 0.639721 0.096065 0.637138 0.077932 0.654829 0.085648
0 0.678719 0.026235 0.688017 0.037809 0.668260 0.047454
0 0.660382 0.039352 0.660382 0.057099 0.676782 0.050154
0 0.695764 0.028935 0.688017 0.037809 0.702738 0.054012
0 0.717459 0.026235 0.714101 0.039352 0.727402 0.044946
0 0.745093 0.031636 0.743285 0.044367 0.754520 0.038581
0 0.713068 0.075231 0.715651 0.086806 0.726885 0.075232
0 0.711519 0.109954 0.719267 0.117670 0.729210 0.091243
0 0.689824 0.130787 0.697572 0.133488 0.699380 0.108989
0 0.696798 0.101080 0.704545 0.094522 0.692924 0.085648
0 0.657025 0.148920 0.664773 0.139660 0.650568 0.129437
0 0.690599 0.156636 0.689824 0.145062 0.706224 0.151427
0 0.688017 0.218364 0.700155 0.214506 0.691503 0.191937
0 0.713068 0.187500 0.713068 0.200231 0.732567 0.193865
0 0.744318 0.146219 0.741736 0.157793 0.757232 0.159722
0 0.763171 0.129630 0.769112 0.139660 0.780475 0.126157
0 0.743285 0.089506 0.742510 0.102238 0.763688 0.095872
0 0.783833 0.070216 0.777893 0.077932 0.793001 0.088927
0 0.842459 0.045525 0.850465 0.052083 0.833161 0.069445
0 0.829545 0.125772 0.838326 0.125772 0.833935 0.106289
0 0.812500 0.031636 0.821023 0.031636 0.821022 0.059221
0 0.788223 0.031636 0.794163 0.039352 0.775181 0.046296
0 0.809917 0.044367 0.797779 0.039352 0.803848 0.058642
0 0.773502 0.032793 0.765754 0.045525 0.780863 0.052083
0 0.796746 0.041667 0.787448 0.052083 0.798166 0.059800
0 0.857180 0.044367 0.868543 0.044367 0.862861 0.068287
0 0.872676 0.041667 0.884814 0.045525 0.878745 0.064237
0 0.894370 0.060957 0.885847 0.060957 0.890108 0.089313
0 0.880682 0.074074 0.889979 0.076389 0.881328 0.096643
0 0.901343 0.088349 0.900310 0.103781 0.882748 0.096065
0 0.911674 0.104938 0.906508 0.097222 0.898761 0.107446
0 0.731921 0.300926 0.741736 0.299769 0.736828 0.282408
0 0.767045 0.295525 0.774793 0.291281 0.769886 0.272956
0 0.771952 0.207176 0.780475 0.202160 0.779313 0.229938
0 0.725465 0.247299 0.731147 0.257716 0.738895 0.237268
0 0.749483 0.206404 0.752324 0.216821 0.761105 0.195023
0 0.781767 0.162037 0.776860 0.174769 0.788482 0.183642
0 0.764979 0.180170 0.769112 0.168596 0.756844 0.171103
0 0.795196 0.126543 0.804236 0.126543 0.799716 0.149112
0 0.812758 0.149691 0.823864 0.154707 0.814050 0.173225
0 0.842200 0.189429 0.847882 0.180941 0.849948 0.201003
0 0.834452 0.321759 0.843492 0.315586 0.834065 0.291280
0 0.845041 0.302855 0.834452 0.291281 0.845687 0.278743
0 0.849948 0.314429 0.856147 0.320602 0.857696 0.296489
0 0.878874 0.282793 0.868802 0.279707 0.873838 0.306520
0 0.877324 0.263117 0.888688 0.263117 0.883006 0.289737
0 0.901343 0.310185 0.907541 0.324074 0.893208 0.326967
0 0.839360 0.349151 0.844267 0.354167 0.847754 0.337384
0 0.823864 0.359568 0.835227 0.354167 0.829287 0.338541
0 0.790806 0.349151 0.799329 0.355324 0.796875 0.329668
0 0.769112 0.351080 0.777634 0.351080 0.773373 0.330632
0 0.755682 0.330247 0.766271 0.338735 0.762784 0.316551
0 0.776860 0.374228 0.780475 0.364969 0.766658 0.356867
0 0.776085 0.394290 0.767045 0.390046 0.765883 0.411651
0 0.737603 0.424769 0.745093 0.426698 0.741348 0.401621
0 0.724174 0.433256 0.734762 0.433256 0.729726 0.460070
0 0.699638 0.502315 0.710744 0.497299 0.702996 0.475116
0 0.770403 0.504630 0.766271 0.491898 0.782412 0.489391
0 0.816890 0.542438 0.811983 0.532793 0.821152 0.526042
0 0.769886 0.568673 0.767045 0.554012 0.782153 0.559221
0 0.818957 0.608410 0.816890 0.593750 0.802169 0.601080
0 0.901860 0.213735 0.908574 0.207948 0.901085 0.189429
0 0.906250 0.188272 0.911415 0.179784 0.901730 0.161652
0 0.878357 0.195988 0.888688 0.195988 0.883522 0.183449
0 0.891529 0.186343 0.900052 0.176312 0.889721 0.174383
0 0.889205 0.141975 0.893595 0.149691 0.878486 0.161266
0 0.897211 0.203704 0.897211 0.192515 0.884814 0.198109
0 0.905733 0.227623 0.901860 0.213735 0.892304 0.226659
0 0.904700 0.312886 0.913223 0.309799 0.907542 0.288195
0 0.917097 0.271991 0.923037 0.273534 0.920067 0.256559
0 0.898760 0.391590 0.902893 0.381559 0.889979 0.374614
0 0.861054 0.397762 0.868543 0.398534 0.864799 0.423418
0 0.823347 0.445602 0.826705 0.427855 0.807593 0.434993
0 0.795196 0.397762 0.803719 0.407022 0.805527 0.384066
0 0.831353 0.407022 0.836519 0.415895 0.841038 0.396219
0 0.847882 0.464506 0.850723 0.476466 0.864540 0.467399
0 0.896694 0.444830 0.900568 0.434414 0.888300 0.425540
0 0.905733 0.426698 0.911415 0.417438 0.897985 0.407987
0 0.906767 0.458333 0.912707 0.453318 0.906896 0.440007
0 0.904700 0.472222 0.900052 0.474923 0.896694 0.456018
0 0.893079 0.463735 0.902376 0.466049 0.896307 0.484568
0 0.881715 0.496142 0.889205 0.491898 0.881198 0.476852
0 0.864411 0.479938 0.874742 0.473765 0.876808 0.502507
0 0.854855 0.513117 0.861054 0.500386 0.870868 0.516204
0 0.871384 0.541281 0.881198 0.533565 0.882618 0.557484
0 0.877066 0.588349 0.874742 0.579861 0.878358 0.562307
0 0.839360 0.565972 0.838326 0.579090 0.856534 0.572917
0 0.825671 0.658565 0.830320 0.672068 0.811983 0.670910
0 0.878874 0.724151 0.873709 0.742284 0.857954 0.720101
0 0.895403 0.690201 0.904700 0.693673 0.896049 0.715856
0 0.903926 0.716821 0.913740 0.711420 0.906380 0.696567
0 0.900052 0.646605 0.908058 0.639660 0.895403 0.619599
0 0.874742 0.653164 0.880682 0.655864 0.881715 0.646412
0 0.871384 0.617284 0.878357 0.626929 0.868931 0.638696
0 0.889721 0.624228 0.895403 0.612269 0.880811 0.606289
0 0.888688 0.631173 0.882231 0.640432 0.876033 0.619598
0 0.727789 0.646605 0.739153 0.648148 0.733471 0.670139
0 0.728822 0.702932 0.736829 0.693673 0.720558 0.681906
0 0.759298 0.758488 0.762655 0.743827 0.778668 0.759838
0 0.703771 0.728781 0.713843 0.728781 0.708807 0.715085
0 0.753357 0.839892 0.760847 0.822531 0.771694 0.843943
0 0.805527 0.856867 0.812500 0.851852 0.802686 0.838542
0 0.815341 0.846836 0.818698 0.832948 0.833678 0.845294
0 0.857696 0.828704 0.868027 0.830247 0.862216 0.848380
0 0.861054 0.773920 0.869576 0.771219 0.865315 0.794753
0 0.883523 0.833719 0.891012 0.836420 0.889463 0.815008
0 0.854339 0.896991 0.860021 0.906636 0.868285 0.882138
0 0.870868 0.898920 0.876550 0.891204 0.865961 0.887346
0 0.781508 0.896991 0.787707 0.908179 0.800749 0.885995
0 0.754649 0.898148 0.762138 0.908179 0.770403 0.895833
0 0.718492 0.891204 0.720300 0.907407 0.734505 0.897183
0 0.723657 0.860340 0.727789 0.869599 0.713456 0.877894
0 0.733471 0.825231 0.741994 0.827160 0.737733 0.847994
0 0.664256 0.677083 0.666064 0.687500 0.651988 0.682292
0 0.599432 0.724151 0.596591 0.743056 0.620738 0.733604
0 0.586260 0.886960 0.589360 0.896991 0.603177 0.886381
0 0.495868 0.890432 0.498709 0.901235 0.514204 0.886767
0 0.521694 0.842207 0.529700 0.832176 0.513688 0.820795
0 0.472366 0.844136 0.482696 0.849923 0.474174 0.867670
0 0.460486 0.839892 0.466167 0.848380 0.455836 0.861304
0 0.087810 0.310571 0.092459 0.299383 0.110408 0.317323
0 0.084969 0.362654 0.090651 0.375772 0.100335 0.358603
0 0.141529 0.251543 0.152376 0.246528 0.146952 0.274305
0 0.103306 0.297068 0.112862 0.292438 0.106276 0.276427
0 0.114669 0.226080 0.123709 0.217207 0.113507 0.203318
0 0.090651 0.165895 0.096333 0.175540 0.105760 0.153164
0 0.111312 0.077160 0.120351 0.069444 0.111828 0.051505
0 0.133523 0.089120 0.141529 0.080633 0.128099 0.063465
0 0.180527 0.076003 0.188533 0.079475 0.187113 0.056905
0 0.204545 0.065972 0.212552 0.056327 0.221720 0.083334
0 0.235021 0.153935 0.241736 0.156636 0.238378 0.133488
0 0.209711 0.177855 0.221074 0.175540 0.215392 0.157408
0 0.194215 0.209491 0.201705 0.217207 0.205966 0.199267
0 0.194215 0.243827 0.204029 0.230324 0.188792 0.222801
0 0.293905 0.189815 0.292097 0.177083 0.314437 0.183449
0 0.318957 0.108796 0.328254 0.097608 0.331870 0.127507
0 0.305269 0.124228 0.311725 0.127701 0.315341 0.104553
0 0.308110 0.091435 0.316890 0.097608 0.319603 0.078318
0 0.259556 0.060957 0.252583 0.071759 0.268983 0.086613
0 0.259556 0.009645 0.269370 0.011188 0.262138 0.032215
0 0.269886 0.006173 0.275052 0.000000 0.279313 0.019290
0 0.277376 0.029321 0.275568 0.014660 0.286415 0.021990
0 0.301395 0.002701 0.293905 0.008488 0.305656 0.023534
0 0.233729 0.040123 0.238895 0.047840 0.246384 0.034144
0 0.253874 0.001929 0.258264 0.014660 0.240315 0.014275
0 0.230372 0.001929 0.236054 0.009645 0.221203 0.014660
0 0.229855 0.052083 0.236570 0.042052 0.226885 0.038387
0 0.216684 0.008488 0.222366 0.020448 0.209195 0.021027
0 0.183884 0.000000 0.190857 0.010417 0.174199 0.018905
0 0.218233 0.000000 0.216684 0.008488 0.205320 0.004244
0 0.073347 0.174383 0.081353 0.176312 0.077350 0.204476
0 0.434659 0.009645 0.428977 0.010417 0.432464 0.038194
0 0.403926 0.008488 0.408316 0.013889 0.396307 0.023534
0 0.421488 0.005401 0.426136 0.013117 0.411157 0.019676
0 0.395403 0.044753 0.396178 0.033951 0.409866 0.039352
0 0.412190 0.008102 0.421488 0.016204 0.412836 0.021027
0 0.082645 0.851080 0.084711 0.874614 0.107567 0.862847
