0 0.571798 0.630401 0.579287 0.637346 0.565083 0.677083
0 0.582386 0.729938 0.58187 0.746914 0.626291 0.748071
0 0.572056 0.768133 0.585744 0.759259 0.598915 0.810957
0 0.71875 0.76929 0.725207 0.78125 0.692149 0.814043
0 0.744576 0.751157 0.75 0.736111 0.784607 0.766975
0 0.807593 0.759259 0.811209 0.770833 0.783058 0.788194
0 0.788998 0.810185 0.78719 0.825231 0.821281 0.824846
0 0.748192 0.849537 0.746901 0.860725 0.714618 0.845679
0 0.706353 0.654707 0.715909 0.653935 0.711777 0.710262
0 0.696023 0.717978 0.704029 0.717978 0.699638 0.684028
0 0.720558 0.6875 0.726756 0.691744 0.740702 0.658179
0 0.807593 0.555941 0.805785 0.57446 0.838843 0.571759
0 0.820764 0.58642 0.828771 0.597608 0.797262 0.630787
0 0.850207 0.604552 0.854855 0.616127 0.824122 0.638503
0 0.799587 0.677083 0.800362 0.689043 0.826963 0.678627
0 0.829287 0.739583 0.838068 0.739969 0.835227 0.68017
0 0.829545 0.515818 0.829804 0.527006 0.795713 0.523534
0 0.852789 0.588735 0.863636 0.588349 0.861054 0.526235
0 0.882231 0.55787 0.892045 0.55054 0.866219 0.502315
0 0.819215 0.46875 0.813791 0.482253 0.845816 0.494985
0 0.894112 0.489198 0.90186 0.484182 0.883264 0.44946
0 0.891271 0.443673 0.885331 0.45216 0.866736 0.414352
0 0.757748 0.47338 0.766529 0.47338 0.764721 0.433256
0 0.774277 0.475694 0.778926 0.478395 0.785124 0.440972
0 0.706095 0.451389 0.709711 0.464892 0.735537 0.434799
0 0.743802 0.432099 0.752066 0.438657 0.760847 0.392747
0 0.772986 0.420139 0.78125 0.423997 0.78719 0.374614
0 0.787965 0.395833 0.795713 0.385031 0.817665 0.432485
0 0.79468 0.432099 0.803461 0.417824 0.83187 0.468364
0 0.845558 0.376157 0.850723 0.389275 0.818698 0.41821
0 0.839876 0.318673 0.846333 0.32909 0.822831 0.35841
0 0.799587 0.364969 0.807593 0.374614 0.822831 0.332562
0 0.809401 0.337191 0.816116 0.343364 0.826705 0.301312
0 0.860795 0.405864 0.869576 0.405478 0.865444 0.361497
0 0.883523 0.342978 0.893079 0.348765 0.871126 0.39159
0 0.894628 0.321373 0.894628 0.337577 0.856921 0.328704
0 0.894112 0.274691 0.895145 0.290895 0.851498 0.293596
0 0.87655 0.272762 0.888946 0.268904 0.87655 0.214506
0 0.86906 0.255787 0.875258 0.243056 0.839101 0.211806
0 0.815599 0.233025 0.819215 0.219136 0.77686 0.209877
0 0.790031 0.280478 0.79907 0.290895 0.81689 0.242284
0 0.815599 0.288194 0.826963 0.285108 0.81844 0.236883
0 0.81405 0.277778 0.817665 0.291281 0.848399 0.263503
0 0.798295 0.335648 0.792614 0.326775 0.812242 0.298225
0 0.784607 0.333333 0.793388 0.331019 0.781508 0.283565
0 0.700671 0.252315 0.708936 0.258873 0.728306 0.205633
0 0.719783 0.249614 0.729339 0.245756 0.733213 0.293981
0 0.749742 0.289352 0.757231 0.287423 0.745093 0.240741
0 0.721333 0.307485 0.727273 0.317901 0.698864 0.345293
0 0.674329 0.385417 0.687242 0.38233 0.680527 0.334877
0 0.730888 0.385417 0.740186 0.388889 0.744576 0.349537
0 0.721333 0.380015 0.73063 0.376157 0.723657 0.332176
0 0.737862 0.323688 0.744576 0.327546 0.753874 0.290123
0 0.75 0.31983 0.75439 0.314429 0.765496 0.341821
0 0.743027 0.338349 0.747417 0.325617 0.771694 0.352238
0 0.647986 0.284336 0.653151 0.297454 0.618802 0.314043
0 0.651601 0.419367 0.658058 0.410494 0.632748 0.384259
0 0.601756 0.424769 0.609762 0.42554 0.610537 0.385031
0 0.593233 0.441744 0.604597 0.441358 0.604339 0.395833
0 0.627583 0.496528 0.635072 0.503858 0.650052 0.449074
0 0.682076 0.458719 0.692924 0.46412 0.673812 0.526235
0 0.702221 0.501929 0.712552 0.497299 0.690083 0.449074
0 0.731405 0.551312 0.739669 0.540509 0.711777 0.517361
0 0.489153 0.442515 0.494576 0.455633 0.522211 0.425154
0 0.405733 0.451775 0.417097 0.441358 0.428977 0.498071
0 0.434917 0.422454 0.449897 0.420139 0.442149 0.491127
0 0.43905 0.375772 0.447056 0.384259 0.465393 0.338735
0 0.481921 0.280093 0.482696 0.29784 0.4375 0.292052
0 0.385847 0.462577 0.396694 0.45679 0.378616 0.408179
0 0.384556 0.378472 0.391529 0.372299 0.37061 0.333333
0 0.373192 0.371142 0.37939 0.364198 0.358471 0.331404
0 0.345816 0.310185 0.349948 0.31983 0.375258 0.302855
0 0.393853 0.240741 0.39876 0.255787 0.364928 0.271219
0 0.277118 0.23804 0.286932 0.240741 0.27686 0.300154
0 0.408316 0.297068 0.419421 0.295525 0.409866 0.240355
0 0.266529 0.181713 0.268079 0.194444 0.30062 0.177083
0 0.409349 0.233796 0.422521 0.228395 0.402376 0.180556
0 0.408058 0.16358 0.407025 0.178241 0.446023 0.178241
0 0.448089 0.146605 0.458161 0.145448 0.451705 0.103009
0 0.454287 0.095293 0.461777 0.106867 0.481405 0.068287
0 0.216426 0.211034 0.226756 0.210648 0.215651 0.160108
0 0.229339 0.163966 0.240961 0.157022 0.221849 0.120756
0 0.221074 0.109182 0.22469 0.092207 0.265238 0.118056
0 0.186467 0.148534 0.197572 0.149691 0.198089 0.101466
0 0.170971 0.131559 0.181043 0.123843 0.16968 0.085648
0 0.110279 0.182099 0.119318 0.177083 0.129132 0.231867
0 0.169938 0.262731 0.175362 0.251157 0.146436 0.220679
0 0.163998 0.23341 0.169163 0.243827 0.196281 0.216821
0 0.106663 0.109954 0.115702 0.095679 0.138171 0.146219
0 0.131973 0.093364 0.140754 0.10571 0.168647 0.064815
0 0.075671 0.142747 0.085744 0.148148 0.093233 0.097608
0 0.059659 0.150077 0.0625 0.13966 0.082386 0.166281
0 0.094008 0.015818 0.103306 0.01929 0.088843 0.065201
0 0.108213 0.048611 0.117769 0.055556 0.102273 0.099151
0 0.107438 0.029707 0.114669 0.020833 0.127583 0.069059
0 0.110537 0.017747 0.118802 0.005401 0.136622 0.047068
0 0.142304 0.033179 0.147986 0.01466 0.180785 0.037809
0 0.195248 0.06983 0.200155 0.057485 0.170196 0.037423
0 0.202738 0.052469 0.208936 0.064815 0.233213 0.040895
0 0.206095 0.032793 0.208936 0.01929 0.243543 0.039352
0 0.247159 0.017747 0.254649 0.009645 0.276085 0.05517
0 0.24845 0.068287 0.253099 0.053627 0.278409 0.082948
0 0.27531 0.159336 0.286674 0.16358 0.290806 0.116898
0 0.298037 0.105324 0.288481 0.114583 0.31689 0.16088
0 0.275826 0.106867 0.286674 0.114969 0.300103 0.069059
0 0.315341 0.043596 0.307076 0.061728 0.345558 0.08179
0 0.344783 0.054012 0.34375 0.064815 0.378099 0.073302
0 0.321281 0.123457 0.32438 0.138889 0.360021 0.099537
0 0.326705 0.13966 0.315083 0.134259 0.343492 0.09838
0 0.385072 0.162037 0.392562 0.152392 0.362087 0.121142
0 0.366736 0.03588 0.375258 0.020448 0.402634 0.068673
0 0.402893 0.008102 0.414773 0.009259 0.4047 0.066358
0 0.417872 0.028164 0.419938 0.013117 0.448089 0.030864
0 0.44499 0.037037 0.456612 0.041667 0.439566 0.087577
0 0.397469 0.123457 0.404959 0.116512 0.385589 0.075231
0 0.385847 0.140818 0.394112 0.148148 0.411157 0.107253
0 0.414256 0.131173 0.405992 0.119599 0.438533 0.079861
0 0.421229 0.119599 0.425362 0.128086 0.448089 0.095293
0 0.408316 0.150849 0.418647 0.160108 0.437758 0.114198
0 0.496384 0.01659 0.50594 0.021991 0.487603 0.064429
0 0.516012 0.031636 0.516012 0.04784 0.554752 0.03858
0 0.556302 0.029321 0.565599 0.025077 0.573605 0.06983
0 0.483729 0.066358 0.481663 0.081404 0.522986 0.09375
0 0.54468 0.081404 0.553977 0.07716 0.559917 0.124228
0 0.483729 0.109954 0.489669 0.11767 0.504907 0.08912
0 0.494576 0.114969 0.492252 0.125386 0.524019 0.133488
0 0.510847 0.133873 0.520661 0.130401 0.521436 0.185185
0 0.5328 0.169753 0.53874 0.18017 0.51188 0.201775
0 0.51343 0.211034 0.505424 0.22608 0.540289 0.246142
0 0.536932 0.206404 0.544421 0.216049 0.561467 0.174383
0 0.556043 0.20679 0.565599 0.209105 0.572572 0.164352
0 0.585744 0.171296 0.583936 0.156636 0.62061 0.151235
0 0.551136 0.179398 0.557076 0.171682 0.532283 0.138117
0 0.553461 0.149691 0.542872 0.150463 0.541322 0.10108
0 0.539256 0.133488 0.544938 0.142361 0.560434 0.118441
0 0.565857 0.155864 0.573605 0.157407 0.570764 0.107253
0 0.604855 0.112654 0.604855 0.125 0.638171 0.119599
0 0.660899 0.180556 0.66813 0.17284 0.641529 0.14159
0 0.663481 0.152392 0.670455 0.147762 0.65186 0.116127
0 0.6578 0.103009 0.663223 0.119985 0.701446 0.089506
0 0.60718 0.077932 0.608988 0.090664 0.634814 0.07716
0 0.648502 0.066744 0.645145 0.07716 0.677428 0.087963
0 0.62655 0.01929 0.629649 0.03125 0.597624 0.042438
0 0.642562 0.019676 0.649277 0.029321 0.61906 0.057099
0 0.661157 0.006173 0.671746 0.013503 0.647727 0.048225
0 0.691116 0.006173 0.696281 0.015432 0.672779 0.038194
0 0.587552 0.010417 0.597366 0.01466 0.585227 0.048611
0 0.60124 0.023148 0.591942 0.023148 0.586519 0.06983
0 0.696798 0.009259 0.707128 0.009645 0.700413 0.055941
0 0.69189 0.0625 0.69189 0.076003 0.721074 0.068673
0 0.707128 0.022377 0.715909 0.020062 0.721333 0.065586
0 0.719783 0.014275 0.71436 0.024306 0.741994 0.040509
0 0.753874 0.022762 0.758781 0.030864 0.732955 0.064429
0 0.75749 0.019676 0.767045 0.023534 0.749742 0.065586
0 0.716167 0.088349 0.718492 0.102623 0.754132 0.081019
0 0.776343 0.097608 0.785382 0.089506 0.760589 0.052083
0 0.728048 0.099537 0.736829 0.094136 0.74251 0.135802
0 0.719783 0.147377 0.723399 0.160494 0.750258 0.138503
0 0.756715 0.15625 0.753099 0.167824 0.728822 0.151235
0 0.755424 0.129244 0.765754 0.124228 0.767304 0.175926
0 0.770403 0.118827 0.777634 0.112269 0.788223 0.154707
0 0.779442 0.158565 0.790806 0.153549 0.788223 0.212577
0 0.798037 0.179398 0.788223 0.174383 0.803202 0.122685
0 0.821798 0.060957 0.828512 0.07446 0.794938 0.099537
0 0.826963 0.016975 0.833678 0.006173 0.856147 0.042438
0 0.813275 0.02392 0.818182 0.013503 0.839876 0.045139
0 0.796746 0.032407 0.803461 0.031636 0.802169 0.074846
0 0.794938 0.015046 0.805269 0.006173 0.812758 0.048997
0 0.795971 0.019676 0.801136 0.027006 0.780217 0.051698
0 0.809659 0.021219 0.800878 0.030093 0.829029 0.054784
0 0.850207 0.039352 0.851756 0.046296 0.821798 0.052083
0 0.881715 0.095679 0.879132 0.109954 0.8422 0.086806
0 0.853822 0.064429 0.865444 0.056713 0.871643 0.093364
0 0.853564 0.023148 0.863895 0.021991 0.859504 0.062886
0 0.872934 0.085648 0.878874 0.081019 0.865186 0.050154
0 0.862087 0.017361 0.872676 0.016204 0.874742 0.065586
0 0.882231 0.032407 0.887913 0.040123 0.875517 0.069444
0 0.878357 0.111883 0.877841 0.128472 0.833419 0.120756
0 0.862345 0.143904 0.87061 0.13966 0.855372 0.105324
0 0.878874 0.135031 0.882231 0.148534 0.8422 0.155864
0 0.88843 0.142747 0.89437 0.155093 0.866219 0.175154
0 0.860537 0.183642 0.869835 0.178627 0.85563 0.133102
0 0.874483 0.178627 0.882748 0.17284 0.866219 0.143133
0 0.686983 0.181713 0.696023 0.195988 0.71875 0.157407
0 0.657283 0.206404 0.663223 0.216435 0.682593 0.180941
0 0.635331 0.186343 0.638946 0.197531 0.608729 0.210648
0 0.618027 0.228009 0.62345 0.239969 0.645403 0.207562
0 0.644112 0.220293 0.651085 0.219907 0.65031 0.182099
0 0.621901 0.248071 0.625775 0.263117 0.654184 0.233796
0 0.064824 0.295525 0.072831 0.29321 0.064566 0.250772
0 0.085486 0.289352 0.097107 0.285108 0.083161 0.231481
0 0.090651 0.336806 0.100465 0.344522 0.107696 0.287809
0 0.06095 0.333333 0.065599 0.319444 0.100465 0.354938
0 0.219783 0.366898 0.221849 0.38233 0.256198 0.364969
0 0.213068 0.433256 0.220816 0.423611 0.190341 0.392747
0 0.286674 0.407793 0.283058 0.427469 0.325671 0.430556
0 0.299329 0.451003 0.302686 0.467593 0.256973 0.471065
0 0.07593 0.546682 0.089876 0.54321 0.078512 0.489198
0 0.131457 0.515432 0.137655 0.532793 0.101756 0.564815
0 0.052169 0.603395 0.055269 0.621528 0.091942 0.590278
0 0.112087 0.650463 0.11312 0.667438 0.072831 0.66821
0 0.262913 0.64892 0.262913 0.663194 0.227273 0.649691
0 0.05062 0.747299 0.0625 0.73071 0.087293 0.780864
0 0.160382 0.801312 0.165548 0.790123 0.135331 0.774691
0 0.204029 0.783565 0.213326 0.789738 0.22624 0.734568
0 0.213585 0.861111 0.214876 0.878858 0.16968 0.874614
0 0.059659 0.865741 0.06095 0.891204 0.107438 0.881944
0 0.287965 0.857639 0.291322 0.872299 0.251033 0.879244
0 0.365186 0.852623 0.361829 0.869213 0.324638 0.852238
0 0.45093 0.834491 0.461519 0.843364 0.436209 0.888117
0 0.514463 0.89892 0.522211 0.907022 0.541322 0.876929
0 0.426911 0.777006 0.438533 0.780864 0.443182 0.712191
0 0.471591 0.749228 0.481663 0.755015 0.460744 0.799769
0 0.301136 0.671682 0.307851 0.690201 0.342717 0.660108
0 0.579804 0.890818 0.581095 0.902392 0.608471 0.888117
0 0.638946 0.846451 0.637138 0.859568 0.603048 0.84838
0 0.639205 0.909336 0.648502 0.908179 0.642304 0.866512
0 0.651601 0.883488 0.654184 0.893519 0.678202 0.876929
0 0.66968 0.901235 0.675103 0.912809 0.70687 0.877701
0 0.665289 0.912037 0.663998 0.920139 0.642562 0.912809
0 0.698347 0.899306 0.703771 0.908179 0.727789 0.880401
0 0.736054 0.896605 0.743543 0.906636 0.766012 0.869213
0 0.841167 0.864583 0.840393 0.880401 0.796746 0.866512
0 0.8453 0.878858 0.844783 0.88966 0.877066 0.887346
0 0.888171 0.824846 0.895661 0.832176 0.865961 0.871142
0 0.868802 0.777006 0.880424 0.775849 0.872676 0.826389
0 0.875775 0.76466 0.886105 0.763889 0.878099 0.714892
0 0.858471 0.723765 0.867252 0.729552 0.850207 0.774691
0 0.84814 0.724923 0.856147 0.734954 0.834711 0.772762
0 0.868285 0.63696 0.878874 0.63696 0.868285 0.69213
0 0.885847 0.65625 0.893079 0.660494 0.876291 0.71142
0 0.89282 0.70409 0.902118 0.696759 0.89437 0.662037
0 0.883523 0.630015 0.888171 0.61767 0.856405 0.606481
0 0.889205 0.630401 0.895661 0.63966 0.872159 0.668981
0 0.899277 0.653549 0.892045 0.66088 0.883006 0.618827