0 0.513946 0.419367 0.520661 0.436728 0.531767 0.419174
0 0.650052 0.413966 0.660124 0.399691 0.646307 0.391397
0 0.634039 0.482639 0.643079 0.489969 0.645274 0.464120
0 0.672521 0.513889 0.683884 0.513889 0.678203 0.484954
0 0.693698 0.501157 0.702479 0.497299 0.695893 0.475502
0 0.715909 0.440201 0.720558 0.451003 0.729985 0.438078
0 0.714876 0.523148 0.722624 0.527006 0.721591 0.506173
0 0.781508 0.441358 0.788481 0.444830 0.786932 0.423804
0 0.754132 0.417438 0.761880 0.422840 0.761751 0.402585
0 0.664256 0.341435 0.673812 0.346836 0.672004 0.321373
0 0.725723 0.305941 0.732955 0.317901 0.717847 0.323688
0 0.727273 0.371142 0.736570 0.368827 0.731921 0.348573
0 0.746126 0.359568 0.754132 0.364198 0.752195 0.346451
0 0.744576 0.319830 0.752841 0.326003 0.751549 0.307677
0 0.773760 0.352623 0.779184 0.352238 0.776472 0.367670
0 0.762138 0.332562 0.768079 0.322531 0.774018 0.343750
0 0.787707 0.372299 0.795713 0.378086 0.796230 0.358024
0 0.677428 0.381173 0.677169 0.393904 0.693957 0.388503
0 0.684917 0.382716 0.686983 0.397377 0.698476 0.388311
0 0.846849 0.373843 0.854855 0.385802 0.839101 0.392940
0 0.860795 0.331790 0.865444 0.341049 0.847882 0.346836
0 0.793647 0.391204 0.800878 0.383102 0.807851 0.407986
0 0.803719 0.427083 0.813275 0.416667 0.820635 0.440972
0 0.817407 0.477623 0.821798 0.463349 0.833807 0.475888
0 0.879649 0.518133 0.888171 0.513503 0.877066 0.490355
0 0.811467 0.549383 0.811983 0.564043 0.827867 0.556713
0 0.881715 0.572531 0.889463 0.562500 0.874354 0.548226
0 0.897469 0.543981 0.904442 0.552469 0.891787 0.565394
0 0.898760 0.594522 0.895919 0.607639 0.881973 0.596065
0 0.893079 0.609954 0.889979 0.621142 0.875130 0.610532
0 0.825413 0.635417 0.828254 0.650463 0.809530 0.646605
0 0.807851 0.663194 0.807335 0.675540 0.821152 0.669367
0 0.847882 0.707176 0.857180 0.700231 0.847108 0.678241
0 0.869835 0.646991 0.879907 0.647377 0.874871 0.670717
0 0.885589 0.700617 0.895403 0.692515 0.888430 0.675733
0 0.898244 0.685185 0.905217 0.677083 0.896823 0.661651
0 0.850207 0.718750 0.858729 0.724537 0.849174 0.740355
0 0.898502 0.753086 0.903409 0.740741 0.888946 0.736111
0 0.863636 0.750000 0.876033 0.748843 0.869834 0.772570
0 0.887397 0.758102 0.894370 0.764660 0.883652 0.780285
0 0.836519 0.826775 0.847366 0.820602 0.837293 0.794368
0 0.797779 0.809799 0.795971 0.824074 0.812371 0.818287
0 0.753099 0.722222 0.747159 0.736497 0.768078 0.739583
0 0.797521 0.753858 0.803719 0.766975 0.787578 0.768132
0 0.707903 0.772762 0.719783 0.758102 0.725336 0.783179
0 0.699638 0.717207 0.705837 0.717207 0.702738 0.701968
0 0.710486 0.684028 0.720300 0.686728 0.715393 0.712577
0 0.750258 0.681713 0.755165 0.690586 0.760331 0.675925
0 0.591167 0.714892 0.590134 0.735340 0.610408 0.725116
0 0.557335 0.802469 0.565341 0.805941 0.559271 0.825039
0 0.584969 0.797068 0.593233 0.786265 0.600335 0.810763
0 0.560176 0.885031 0.565341 0.896219 0.572443 0.880787
0 0.601240 0.858410 0.608471 0.844522 0.619060 0.863619
0 0.639721 0.855324 0.643337 0.866512 0.652635 0.855517
0 0.667872 0.869599 0.668130 0.881944 0.679623 0.875771
0 0.619318 0.887731 0.621901 0.900849 0.636622 0.891396
0 0.728306 0.869213 0.732180 0.888503 0.748709 0.874421
0 0.787190 0.902006 0.792872 0.891590 0.776472 0.887346
0 0.803461 0.892747 0.811467 0.885031 0.800620 0.870949
0 0.869318 0.893904 0.875517 0.891204 0.868286 0.876736
0 0.862087 0.886960 0.863636 0.875000 0.845041 0.877893
0 0.876291 0.885417 0.868027 0.884259 0.873451 0.864197
0 0.493285 0.886960 0.489153 0.895833 0.476885 0.881752
0 0.452221 0.833719 0.459452 0.841821 0.448218 0.856482
0 0.432851 0.852238 0.437758 0.870370 0.414256 0.866127
0 0.379390 0.689043 0.386622 0.667438 0.397598 0.691936
0 0.442149 0.712577 0.457386 0.712577 0.449767 0.680362
0 0.479081 0.734568 0.488120 0.741512 0.478047 0.757909
0 0.339101 0.854167 0.347624 0.836420 0.333032 0.836227
0 0.274793 0.748457 0.279184 0.764275 0.296488 0.749229
0 0.244576 0.783179 0.249742 0.778549 0.246126 0.764082
0 0.176911 0.764275 0.172262 0.777392 0.161028 0.765625
0 0.195248 0.872685 0.205579 0.863040 0.185693 0.846836
0 0.290806 0.817901 0.290031 0.834491 0.267691 0.826581
0 0.297779 0.842207 0.291839 0.827546 0.278151 0.845679
0 0.232955 0.617284 0.233471 0.627701 0.215909 0.622493
0 0.123450 0.658565 0.120351 0.674383 0.106018 0.665123
0 0.062500 0.717593 0.073089 0.704861 0.078383 0.731482
0 0.068182 0.570988 0.070764 0.584877 0.088068 0.575232
0 0.130682 0.499614 0.137655 0.512346 0.116994 0.523919
0 0.092200 0.442515 0.102273 0.452160 0.108471 0.425733
0 0.227273 0.412037 0.231921 0.400463 0.219654 0.394676
0 0.235795 0.348765 0.237087 0.363812 0.255810 0.354939
0 0.300620 0.390046 0.297004 0.411265 0.319989 0.403164
0 0.290548 0.227238 0.303202 0.227623 0.296875 0.255595
0 0.146178 0.300154 0.155475 0.309414 0.156896 0.283179
0 0.104597 0.295910 0.117252 0.303241 0.114540 0.276042
0 0.081353 0.315586 0.085744 0.302469 0.096591 0.318866
0 0.118543 0.348765 0.110537 0.334105 0.100852 0.353202
0 0.057335 0.175540 0.068440 0.173611 0.062887 0.209105
0 0.072056 0.261574 0.078771 0.273920 0.086260 0.254244
0 0.098399 0.194444 0.108471 0.201775 0.109892 0.172840
0 0.135847 0.139275 0.151601 0.136574 0.143724 0.168403
0 0.107438 0.145062 0.111829 0.138503 0.102661 0.124807
0 0.108213 0.100309 0.114928 0.099151 0.111571 0.078318
0 0.091426 0.057485 0.093492 0.066358 0.108213 0.050347
0 0.097107 0.013503 0.097107 0.020062 0.111441 0.017940
0 0.155217 0.070602 0.158833 0.082562 0.175362 0.067322
0 0.190341 0.116512 0.201446 0.114583 0.195506 0.095679
0 0.219008 0.157022 0.226240 0.160494 0.223786 0.134260
0 0.240961 0.100309 0.245351 0.083719 0.264076 0.099151
0 0.242510 0.167052 0.243027 0.187886 0.222882 0.177469
0 0.181560 0.209877 0.188017 0.219522 0.193311 0.201004
0 0.192665 0.232639 0.187500 0.241512 0.177170 0.223380
0 0.358213 0.297454 0.361054 0.307099 0.373967 0.297261
0 0.409607 0.230710 0.410382 0.245756 0.396049 0.241513
0 0.422004 0.287423 0.433884 0.287423 0.427944 0.259452
0 0.216684 0.061728 0.225465 0.053241 0.209711 0.041473
0 0.224690 0.040123 0.229081 0.048611 0.239411 0.035494
0 0.234246 0.015818 0.242510 0.000386 0.250000 0.016782
0 0.263688 0.009259 0.270145 0.000000 0.281637 0.010609
0 0.323089 0.005015 0.331095 0.011574 0.321152 0.029128
0 0.295196 0.100309 0.303977 0.108796 0.306173 0.082562
0 0.317149 0.096836 0.307593 0.108025 0.320765 0.123071
0 0.292872 0.148534 0.305527 0.148534 0.300233 0.128279
0 0.284866 0.164738 0.286415 0.175926 0.301782 0.170332
0 0.392820 0.427855 0.403667 0.428627 0.398243 0.402971
0 0.396436 0.366512 0.406508 0.357639 0.393724 0.339120
0 0.386880 0.354167 0.392820 0.346451 0.381456 0.336227
0 0.451446 0.364198 0.459452 0.373071 0.462810 0.349923
0 0.495351 0.275463 0.493027 0.292052 0.472237 0.283757
0 0.427169 0.449460 0.422004 0.464892 0.445506 0.461034
0 0.449122 0.519676 0.456612 0.529707 0.464488 0.502893
0 0.069990 0.849537 0.073864 0.858025 0.093880 0.853781
0 0.628099 0.275463 0.630940 0.288580 0.612603 0.288581
0 0.543130 0.164738 0.548812 0.177855 0.537061 0.177855
0 0.500517 0.064043 0.495351 0.077160 0.517303 0.078318
0 0.425620 0.221836 0.436725 0.217207 0.424586 0.191744
0 0.516529 0.217207 0.522469 0.206404 0.535640 0.229359
0 0.422004 0.155864 0.419938 0.169367 0.441503 0.165317
0 0.460227 0.139660 0.472624 0.136188 0.466425 0.116126
0 0.468233 0.091435 0.471074 0.101466 0.481405 0.080632
0 0.424845 0.140818 0.433884 0.151620 0.438145 0.128086
0 0.433884 0.109954 0.436725 0.118827 0.448089 0.105710
0 0.422779 0.112269 0.430785 0.117670 0.440341 0.092014
0 0.451963 0.040123 0.462293 0.042052 0.451317 0.063657
0 0.404442 0.129630 0.413223 0.130787 0.418001 0.106095
0 0.404442 0.138503 0.397727 0.148534 0.390109 0.128279
0 0.471074 0.016590 0.479339 0.007716 0.487990 0.039159
0 0.514463 0.007716 0.522469 0.013117 0.514333 0.024306
0 0.540031 0.006173 0.544680 0.013117 0.533575 0.018326
0 0.547262 0.020062 0.555269 0.020062 0.548812 0.034916
0 0.500258 0.102238 0.507231 0.111111 0.509039 0.098766
0 0.502583 0.128472 0.507231 0.111111 0.520145 0.119791
0 0.534349 0.130015 0.542355 0.133873 0.535899 0.152778
0 0.343492 0.007716 0.352789 0.016590 0.342201 0.024306
0 0.358471 0.000772 0.355114 0.009645 0.369706 0.017362
0 0.349174 0.033951 0.355114 0.025463 0.364411 0.042824
0 0.336260 0.111111 0.342200 0.121528 0.354985 0.103203
0 0.336260 0.123071 0.348140 0.128472 0.346849 0.105710
0 0.400826 0.006173 0.391271 0.015046 0.409478 0.027199
0 0.377324 0.013117 0.383264 0.007716 0.392562 0.033179
0 0.377324 0.051698 0.379649 0.040895 0.392562 0.049769
0 0.411415 0.114583 0.417097 0.102238 0.407154 0.092592
0 0.584711 0.007716 0.590393 0.013117 0.576963 0.026235
0 0.582386 0.040895 0.571798 0.030478 0.568311 0.046296
0 0.558884 0.079475 0.567149 0.072531 0.567665 0.093557
0 0.555269 0.149306 0.565857 0.142361 0.558884 0.123071
0 0.559917 0.173997 0.567149 0.167052 0.554752 0.153935
0 0.547262 0.200231 0.557593 0.203704 0.557206 0.185378
0 0.569473 0.205247 0.577479 0.205247 0.577092 0.181713
0 0.577479 0.151235 0.587035 0.147762 0.582257 0.128472
0 0.592717 0.152778 0.594008 0.165123 0.610925 0.153742
0 0.617510 0.111111 0.616219 0.121528 0.634427 0.116319
0 0.590393 0.030478 0.582386 0.040895 0.596978 0.054977
0 0.604597 0.020062 0.595041 0.028935 0.604985 0.042824
0 0.618543 0.013117 0.627841 0.007716 0.634943 0.025270
0 0.652634 0.060185 0.646694 0.046296 0.638559 0.053240
0 0.650310 0.015046 0.659607 0.013117 0.658446 0.033179
0 0.654959 0.032407 0.658316 0.023534 0.668905 0.028743
0 0.695764 0.011188 0.705320 0.013117 0.697701 0.037423
0 0.699380 0.063657 0.700671 0.077932 0.717588 0.070795
0 0.666581 0.081404 0.659607 0.089892 0.670713 0.100501
0 0.681818 0.145833 0.668905 0.147762 0.671875 0.131172
0 0.668905 0.163580 0.661932 0.170525 0.655992 0.151234
0 0.646694 0.184414 0.649019 0.191358 0.637268 0.192323
0 0.631457 0.226466 0.639721 0.238426 0.643208 0.220101
0 0.664256 0.185957 0.671229 0.194830 0.680010 0.177276
0 0.695764 0.180941 0.704029 0.189429 0.709839 0.172068
0 0.671229 0.226466 0.677169 0.234954 0.688791 0.225309
0 0.654959 0.221065 0.665289 0.219136 0.660124 0.201775
0 0.706353 0.245370 0.718233 0.256173 0.719783 0.228974
0 0.670196 0.105710 0.673554 0.118056 0.690082 0.103974
0 0.727531 0.252315 0.735795 0.247299 0.735150 0.276041
0 0.756715 0.289352 0.764979 0.282022 0.756714 0.264854
0 0.775568 0.287423 0.782541 0.290895 0.779054 0.266397
0 0.797779 0.311728 0.803719 0.310185 0.797262 0.284722
0 0.806043 0.304784 0.810692 0.308256 0.815341 0.290895
0 0.818698 0.324074 0.830579 0.327546 0.829287 0.304784
0 0.880940 0.290895 0.881973 0.303241 0.864411 0.299575
0 0.813017 0.352238 0.822314 0.357253 0.829933 0.332754
0 0.813017 0.263117 0.824638 0.273534 0.825930 0.242091
0 0.839876 0.261188 0.846849 0.259645 0.842846 0.235918
0 0.838843 0.264660 0.844525 0.245370 0.856405 0.260223
0 0.810692 0.185957 0.810692 0.201775 0.790806 0.193866
0 0.826963 0.123071 0.836519 0.125000 0.826447 0.152006
0 0.788481 0.125000 0.797779 0.118056 0.799586 0.142554
0 0.776601 0.145833 0.787190 0.138889 0.787190 0.160687
0 0.728564 0.145833 0.732180 0.154707 0.744447 0.144290
0 0.763688 0.168596 0.763688 0.156250 0.753229 0.162423
0 0.770919 0.140818 0.758006 0.147762 0.770790 0.161652
0 0.725207 0.093364 0.729855 0.102238 0.743931 0.092593
0 0.758006 0.009645 0.766012 0.016590 0.747288 0.031443
0 0.787190 0.105710 0.794163 0.096836 0.778409 0.079476
0 0.755682 0.037423 0.745093 0.040895 0.750387 0.058449
0 0.810692 0.184414 0.824638 0.182485 0.817665 0.200811
0 0.889205 0.273534 0.891529 0.257716 0.880294 0.262153
0 0.803461 0.025849 0.808110 0.033565 0.792872 0.041667
0 0.793130 0.020062 0.799070 0.012346 0.803848 0.025849
0 0.837810 0.021991 0.837810 0.035494 0.825543 0.028742
0 0.804236 0.048997 0.806043 0.039352 0.791581 0.044174
0 0.839618 0.027778 0.848140 0.027778 0.843879 0.049383
0 0.821539 0.047068 0.827996 0.052855 0.814824 0.065779
0 0.862345 0.033565 0.866219 0.043210 0.850723 0.049961
0 0.838326 0.037423 0.838326 0.047840 0.823864 0.045139
0 0.883523 0.079861 0.890238 0.070988 0.879132 0.059606
0 0.881715 0.043210 0.885589 0.053627 0.865573 0.057677
0 0.893853 0.114583 0.897211 0.104938 0.882748 0.101080
0 0.877324 0.073688 0.874483 0.077546 0.871384 0.071181
0 0.886364 0.084877 0.882748 0.090278 0.874097 0.079283
0 0.889721 0.090278 0.888688 0.096836 0.870093 0.093557
0 0.873967 0.104552 0.875000 0.096836 0.861312 0.100115
0 0.879649 0.176312 0.885072 0.169753 0.874870 0.154128
0 0.891787 0.169753 0.897469 0.161265 0.885589 0.146412
0 0.884039 0.119599 0.889979 0.127315 0.877324 0.143325
0 0.880424 0.148534 0.886105 0.141975 0.873450 0.128665
0 0.841167 0.155093 0.848657 0.157407 0.848915 0.130401
0 0.877324 0.195602 0.883006 0.201775 0.875258 0.209876
0 0.888946 0.234954 0.895919 0.228395 0.887784 0.211420
0 0.873192 0.232253 0.880424 0.236111 0.874354 0.250578
0 0.884814 0.249614 0.879907 0.252701 0.878228 0.237076
