0 0.391012 0.393422 0.016529 0.027199
0 0.318698 0.400560 0.008781 0.028357
0 0.323993 0.472801 0.008006 0.031250
0 0.503874 0.398823 0.008264 0.027199
0 0.546939 0.411458 0.018208 0.011960
0 0.478435 0.321373 0.016788 0.028550
0 0.259104 0.145255 0.016400 0.025849
0 0.288610 0.126736 0.009555 0.021220
0 0.452996 0.058449 0.013946 0.032793
0 0.089295 0.194637 0.017433 0.023534
0 0.112797 0.185089 0.019499 0.017940
0 0.226498 0.042728 0.011880 0.027970
0 0.342846 0.275463 0.008522 0.022377
0 0.233213 0.328800 0.008264 0.026813
0 0.401601 0.177277 0.011880 0.032793
0 0.083936 0.237558 0.007748 0.028356
0 0.172262 0.010127 0.011363 0.020255
0 0.098334 0.024981 0.016917 0.033758
0 0.625194 0.399691 0.014592 0.021605
0 0.588003 0.447916 0.020273 0.013117
0 0.633458 0.490355 0.013042 0.019290
0 0.567988 0.305363 0.023114 0.014274
0 0.552105 0.242477 0.017174 0.011960
0 0.520145 0.208043 0.017562 0.011767
0 0.532864 0.197338 0.015108 0.011960
0 0.542291 0.190007 0.012784 0.010417
0 0.594589 0.199653 0.018724 0.013503
0 0.605889 0.251254 0.009297 0.026042
0 0.644435 0.261767 0.011234 0.025077
0 0.649406 0.233796 0.015238 0.008488
0 0.713779 0.191937 0.013042 0.024305
0 0.718685 0.245370 0.012526 0.027778
0 0.696152 0.302758 0.007490 0.025655
0 0.722559 0.346547 0.016658 0.016010
0 0.693698 0.381269 0.013946 0.020255
0 0.674651 0.361401 0.010460 0.011767
0 0.776860 0.336227 0.016529 0.011960
0 0.842007 0.357639 0.016917 0.012346
0 0.898631 0.481289 0.010072 0.028164
0 0.889011 0.453318 0.014850 0.018518
0 0.848915 0.461419 0.007748 0.033179
0 0.842200 0.448303 0.008781 0.023920
0 0.756134 0.519000 0.013818 0.019483
0 0.712358 0.579668 0.014850 0.015047
0 0.788159 0.615355 0.019240 0.014660
0 0.825155 0.629051 0.009298 0.026620
0 0.765948 0.673997 0.010976 0.027778
0 0.741929 0.679302 0.014850 0.021798
0 0.827479 0.684993 0.022728 0.012731
0 0.863120 0.732928 0.013947 0.025656
0 0.899019 0.651428 0.015496 0.014275
0 0.882167 0.752314 0.008652 0.017747
0 0.789967 0.765818 0.020790 0.015432
0 0.889269 0.800251 0.011751 0.018326
0 0.909026 0.861979 0.010976 0.019869
0 0.879132 0.866127 0.013946 0.019290
0 0.950865 0.838542 0.013559 0.025077
0 0.951381 0.745756 0.009943 0.024692
0 0.940599 0.614004 0.009814 0.025077
0 0.928461 0.642168 0.009298 0.025849
0 0.941891 0.554301 0.009815 0.020640
0 0.923748 0.547839 0.011493 0.023149
0 0.887332 0.571181 0.010976 0.021219
0 0.939179 0.519097 0.014205 0.010417
0 0.952608 0.455440 0.008007 0.028936
0 0.947637 0.396026 0.011235 0.014275
0 0.936532 0.475502 0.017433 0.026621
0 0.938792 0.365066 0.008265 0.021798
0 0.938404 0.352044 0.014721 0.009645
0 0.950607 0.363040 0.009427 0.017746
0 0.933368 0.327257 0.019112 0.015239
0 0.914837 0.283758 0.016916 0.011960
0 0.869448 0.259742 0.014721 0.022569
0 0.934982 0.252315 0.016400 0.010802
0 0.946669 0.299672 0.005423 0.018712
0 0.936403 0.224247 0.015625 0.014467
0 0.932980 0.176312 0.020403 0.012346
0 0.934271 0.170717 0.006457 0.016590
0 0.930979 0.126543 0.014076 0.011574
0 0.922650 0.099248 0.017304 0.012925
0 0.938792 0.055459 0.008265 0.023727
0 0.929946 0.038484 0.015108 0.022956
0 0.921875 0.011767 0.012655 0.023534
0 0.907477 0.012346 0.007877 0.011574
0 0.863314 0.018326 0.017950 0.011960
0 0.882684 0.139564 0.015108 0.019868
0 0.836906 0.128858 0.014721 0.020062
0 0.801394 0.124807 0.017046 0.010416
0 0.804171 0.178144 0.010718 0.016783
0 0.771243 0.194251 0.012009 0.018133
0 0.752777 0.057677 0.013043 0.011188
0 0.733084 0.095293 0.017821 0.015432
0 0.695893 0.035301 0.010589 0.021990
0 0.731340 0.019097 0.015367 0.010417
0 0.658122 0.043017 0.014333 0.009646
0 0.610215 0.146122 0.015108 0.019869
0 0.365638 0.024305 0.020274 0.016203
0 0.084517 0.083526 0.014592 0.018904
0 0.085744 0.120756 0.007232 0.025463
0 0.128616 0.086709 0.015496 0.031442
0 0.111054 0.097319 0.009814 0.025656
0 0.108858 0.078318 0.008523 0.030864
0 0.124870 0.054109 0.006973 0.026042
0 0.084582 0.296103 0.017303 0.016589
0 0.131198 0.283855 0.009297 0.019097
0 0.115573 0.333719 0.010589 0.036266
0 0.105760 0.404514 0.008523 0.021219
0 0.141529 0.396316 0.008264 0.023341
0 0.074445 0.415027 0.010460 0.024498
0 0.100594 0.443191 0.008006 0.024113
0 0.076382 0.466821 0.009685 0.020834
0 0.078577 0.510802 0.009943 0.019290
0 0.109440 0.517072 0.017950 0.017939
0 0.134815 0.524884 0.008781 0.016589
0 0.148115 0.470197 0.006973 0.025270
0 0.150052 0.440104 0.011880 0.024498
0 0.148890 0.426119 0.008007 0.028164
0 0.079222 0.547743 0.011235 0.026042
0 0.086971 0.567708 0.023115 0.014275
0 0.141271 0.571470 0.009814 0.027199
0 0.126614 0.611786 0.008135 0.024498
0 0.082257 0.591724 0.006973 0.020641
0 0.078125 0.602142 0.009556 0.019097
0 0.085357 0.651524 0.010073 0.032214
0 0.111764 0.683449 0.015366 0.008874
0 0.112345 0.707273 0.009298 0.022569
0 0.076188 0.724826 0.008264 0.024498
0 0.085809 0.755980 0.013559 0.019676
0 0.104662 0.795910 0.017175 0.016204
0 0.114411 0.757331 0.018595 0.013117
0 0.116801 0.746335 0.015625 0.010416
0 0.138107 0.796586 0.014333 0.017554
0 0.165354 0.793789 0.016658 0.011960
0 0.187694 0.806424 0.017433 0.013310
0 0.151924 0.728299 0.015108 0.021412
0 0.192536 0.742766 0.017304 0.018711
0 0.227531 0.787616 0.015496 0.011960
0 0.212552 0.737654 0.020661 0.013117
0 0.245158 0.766975 0.012009 0.023149
0 0.279571 0.842979 0.008006 0.026234
0 0.223592 0.854939 0.016917 0.013889
0 0.236828 0.881463 0.011363 0.007909
0 0.266852 0.876736 0.017175 0.011188
0 0.181624 0.872878 0.010717 0.014274
0 0.187371 0.854167 0.015238 0.010803
0 0.200284 0.862751 0.010073 0.014468
0 0.157735 0.877507 0.017691 0.014275
0 0.138107 0.869406 0.008394 0.021219
0 0.125129 0.862172 0.015754 0.012539
0 0.110150 0.882909 0.013688 0.007330
0 0.334001 0.846257 0.011751 0.012731
0 0.310046 0.808449 0.016271 0.020447
0 0.371320 0.859375 0.015625 0.010416
0 0.404830 0.879244 0.018853 0.010031
0 0.404119 0.869213 0.008393 0.021605
0 0.435434 0.870950 0.012397 0.009645
0 0.468169 0.875000 0.025956 0.012346
0 0.460485 0.847608 0.013430 0.020833
0 0.497998 0.888214 0.010718 0.010610
0 0.526278 0.831983 0.018724 0.014274
0 0.569214 0.796875 0.018595 0.011960
0 0.555592 0.772184 0.011493 0.015818
0 0.624613 0.800829 0.009039 0.030286
0 0.658575 0.831983 0.022211 0.013504
0 0.658057 0.787133 0.006715 0.019869
0 0.593879 0.879051 0.012138 0.011188
0 0.595816 0.870178 0.017046 0.009645
0 0.490961 0.776620 0.014979 0.010802
0 0.493221 0.728781 0.015883 0.011574
0 0.449962 0.755787 0.017433 0.011574
0 0.452996 0.736883 0.019628 0.016204
0 0.415612 0.772087 0.012268 0.025270
0 0.392949 0.769772 0.011622 0.019869
0 0.395080 0.764660 0.010460 0.024691
0 0.408962 0.680748 0.010072 0.019676
0 0.364604 0.684414 0.009943 0.020061
0 0.356599 0.683739 0.009943 0.014081
0 0.310369 0.695216 0.018983 0.012346
0 0.304107 0.741127 0.016787 0.012345
0 0.296940 0.732446 0.008135 0.025077
0 0.277440 0.693866 0.015367 0.013503
0 0.248063 0.720775 0.009556 0.024885
0 0.257038 0.730131 0.008393 0.015818
0 0.190858 0.668981 0.016529 0.011575
0 0.191245 0.592593 0.021436 0.012345
0 0.164643 0.578801 0.009039 0.023727
0 0.219008 0.545139 0.019628 0.013118
0 0.251743 0.545910 0.016400 0.017747
0 0.284091 0.564332 0.008781 0.018711
0 0.254196 0.494213 0.019241 0.011574
0 0.278344 0.414834 0.007619 0.012539
0 0.192924 0.372011 0.012397 0.015625
0 0.172908 0.282408 0.008522 0.016203
0 0.198605 0.231964 0.007748 0.016010
0 0.190341 0.252701 0.016012 0.011574
0 0.295907 0.642361 0.022082 0.015432
0 0.384298 0.519676 0.018595 0.013118
0 0.429300 0.670428 0.018982 0.015625
0 0.444989 0.652199 0.019111 0.015046
0 0.470752 0.657118 0.018466 0.016011
0 0.493544 0.669753 0.016529 0.031636
0 0.509685 0.618248 0.017820 0.010417
0 0.557980 0.653164 0.009555 0.027007
0 0.587487 0.669561 0.020532 0.013503
0 0.625000 0.702546 0.014979 0.010803
0 0.643789 0.698496 0.016142 0.011188
0 0.677169 0.654610 0.012397 0.024884
0 0.700414 0.736112 0.010847 0.033179
0 0.638946 0.661652 0.015496 0.010031
0 0.637977 0.663773 0.017949 0.011188
0 0.538869 0.530285 0.016787 0.011959
0 0.576447 0.561729 0.010847 0.027778
0 0.595299 0.579282 0.006715 0.019676
0 0.628100 0.583527 0.012397 0.025849
0 0.709517 0.795138 0.017433 0.013889
0 0.789579 0.845969 0.013301 0.011767
0 0.792226 0.858025 0.026602 0.015432
0 0.165418 0.652392 0.008006 0.023920
0 0.159091 0.657987 0.009298 0.025077
0 0.148954 0.694831 0.010976 0.016975
