0 0.361441 0.470197 0.011106 0.021798
0 0.330191 0.445602 0.009040 0.032407
0 0.214747 0.406732 0.010072 0.028356
0 0.185756 0.409432 0.012267 0.023341
0 0.162642 0.350694 0.019499 0.020834
0 0.163998 0.294657 0.011364 0.025656
0 0.236183 0.285108 0.011622 0.021605
0 0.268530 0.255980 0.016141 0.019676
0 0.346978 0.295621 0.017820 0.017554
0 0.331612 0.354359 0.021695 0.016589
0 0.194473 0.521798 0.020661 0.018133
0 0.169099 0.595101 0.012268 0.025077
0 0.229274 0.587867 0.023373 0.017554
0 0.455966 0.716628 0.024018 0.015046
0 0.665161 0.610532 0.010589 0.027392
0 0.680914 0.529996 0.012138 0.024884
0 0.754907 0.500193 0.021694 0.025077
0 0.771307 0.446856 0.010072 0.018326
0 0.795325 0.441068 0.011105 0.026813
0 0.803589 0.511285 0.016787 0.034143
0 0.819344 0.469136 0.016788 0.020062
0 0.862410 0.419368 0.019499 0.013117
0 0.854081 0.436825 0.013946 0.011767
0 0.848722 0.469136 0.015625 0.020062
0 0.871772 0.514660 0.010072 0.032408
0 0.888301 0.514853 0.010073 0.025849
0 0.893466 0.535494 0.011105 0.020833
0 0.942859 0.506752 0.015108 0.018133
0 0.923037 0.491416 0.007748 0.022569
0 0.687048 0.640625 0.015625 0.024305
0 0.704933 0.724633 0.011106 0.024112
0 0.727143 0.703800 0.011105 0.032601
0 0.719267 0.712577 0.013946 0.016975
0 0.735602 0.683353 0.016658 0.008295
0 0.794099 0.758487 0.017949 0.021605
0 0.890883 0.705439 0.011622 0.025849
0 0.916839 0.744598 0.011364 0.032407
0 0.897985 0.779321 0.013429 0.020062
0 0.770080 0.814237 0.018983 0.013503
0 0.703512 0.346450 0.014979 0.012346
0 0.780733 0.305266 0.011363 0.018325
0 0.830578 0.317901 0.019629 0.020062
0 0.850723 0.353588 0.014980 0.018132
0 0.895532 0.340760 0.011106 0.027585
0 0.923037 0.323592 0.014463 0.024885
0 0.929042 0.252894 0.013300 0.016590
0 0.942407 0.287423 0.015496 0.020834
0 0.906767 0.390239 0.008781 0.025078
0 0.921229 0.383102 0.015496 0.022376
0 0.925620 0.406828 0.006715 0.025077
0 0.934594 0.425347 0.015625 0.015046
0 0.947766 0.393711 0.009427 0.015047
0 0.942924 0.469040 0.007748 0.024113
0 0.954675 0.538966 0.011105 0.019290
0 0.934659 0.582466 0.013430 0.019097
0 0.951705 0.588542 0.012913 0.015046
0 0.930785 0.663098 0.007748 0.022569
0 0.811984 0.251640 0.013429 0.024113
0 0.820893 0.291184 0.009039 0.023341
0 0.811080 0.230806 0.009555 0.017554
0 0.857373 0.185475 0.016141 0.018326
0 0.832515 0.244406 0.016787 0.016590
0 0.850788 0.237847 0.017175 0.016590
0 0.887590 0.214603 0.016142 0.023341
0 0.899213 0.217785 0.015108 0.019675
0 0.770661 0.173225 0.013430 0.030864
0 0.799716 0.179399 0.017820 0.013117
0 0.792097 0.218943 0.013946 0.027392
0 0.809465 0.154513 0.015108 0.013503
0 0.827608 0.152296 0.009039 0.016011
0 0.850982 0.112944 0.013429 0.019869
0 0.840587 0.066551 0.019499 0.024306
0 0.839811 0.153549 0.011234 0.011574
0 0.877325 0.156636 0.021178 0.020834
0 0.866607 0.132716 0.011105 0.020062
0 0.729145 0.156154 0.015109 0.019869
0 0.760718 0.237847 0.009039 0.013503
0 0.730501 0.249228 0.009040 0.020834
0 0.706030 0.206018 0.013301 0.020061
0 0.696346 0.259452 0.016142 0.016590
0 0.663610 0.128569 0.009039 0.021797
0 0.680914 0.118056 0.010072 0.020833
0 0.711518 0.114873 0.013429 0.027585
0 0.707128 0.070313 0.011364 0.021798
0 0.673425 0.066165 0.017304 0.016590
0 0.746513 0.075232 0.017304 0.011575
0 0.748192 0.086999 0.014980 0.018133
0 0.779572 0.091242 0.011105 0.026621
0 0.753874 0.147666 0.013430 0.013310
0 0.754455 0.138599 0.014592 0.018325
0 0.753035 0.117862 0.011751 0.016589
0 0.751808 0.130980 0.013430 0.016590
0 0.734892 0.097415 0.008523 0.011188
0 0.797650 0.062114 0.017821 0.015432
0 0.805979 0.074749 0.011493 0.009838
0 0.817149 0.089120 0.013947 0.010031
0 0.878228 0.119020 0.014721 0.029707
0 0.882748 0.081115 0.010330 0.027200
0 0.897469 0.092014 0.008781 0.021991
0 0.925684 0.073592 0.016400 0.012153
0 0.960356 0.107349 0.005940 0.031057
0 0.898373 0.143615 0.008523 0.017168
0 0.915290 0.201389 0.008781 0.020062
0 0.944086 0.183160 0.007490 0.021027
0 0.934143 0.186150 0.005165 0.020448
0 0.931172 0.165606 0.008007 0.019483
0 0.934208 0.163773 0.009685 0.011188
0 0.931818 0.087674 0.006715 0.014854
0 0.920971 0.094715 0.008265 0.008873
0 0.917033 0.107543 0.010977 0.010609
0 0.892562 0.111882 0.006715 0.006945
0 0.900246 0.099151 0.007877 0.008488
0 0.931624 0.138985 0.006586 0.010995
0 0.922392 0.143808 0.010073 0.009838
0 0.912835 0.129244 0.006973 0.019290
0 0.936273 0.116223 0.008135 0.012539
0 0.929882 0.115258 0.004907 0.013696
0 0.488314 0.035880 0.018725 0.015432
0 0.586324 0.217399 0.013559 0.012731
0 0.628486 0.155671 0.009555 0.024306
0 0.620610 0.125193 0.009297 0.020448
0 0.637719 0.071663 0.016659 0.021412
0 0.617123 0.065008 0.010073 0.019676
0 0.556431 0.294174 0.011622 0.024305
0 0.517045 0.307870 0.009298 0.021605
0 0.518078 0.276814 0.016013 0.012731
0 0.336325 0.195120 0.018724 0.019097
0 0.315535 0.175444 0.009685 0.029128
0 0.405346 0.177372 0.010072 0.023341
0 0.429881 0.124421 0.008006 0.028935
0 0.447831 0.147666 0.009297 0.026814
0 0.410963 0.224345 0.012784 0.021991
0 0.424716 0.260610 0.013688 0.012731
0 0.436725 0.257716 0.012914 0.013888
0 0.460228 0.221258 0.009297 0.027392
0 0.453254 0.213060 0.012397 0.022569
0 0.493802 0.269772 0.012397 0.029128
0 0.516722 0.234761 0.011751 0.015047
0 0.515883 0.208141 0.020919 0.017361
0 0.479468 0.156250 0.018337 0.013888
0 0.500581 0.154513 0.018208 0.017361
0 0.542226 0.193287 0.015238 0.026235
0 0.496837 0.202932 0.017175 0.009260
0 0.566115 0.150752 0.017045 0.012152
0 0.585550 0.120081 0.013558 0.022569
0 0.570377 0.127893 0.013172 0.008101
0 0.572314 0.141493 0.007748 0.010996
0 0.586842 0.083044 0.011751 0.023342
0 0.597753 0.101659 0.008522 0.014274
0 0.620222 0.077160 0.011622 0.018519
0 0.580062 0.060089 0.014462 0.021412
0 0.566180 0.072531 0.018725 0.011574
0 0.518595 0.067033 0.010848 0.012152
0 0.525762 0.097512 0.010976 0.022183
0 0.527892 0.109182 0.012913 0.010802
0 0.533381 0.116223 0.014076 0.017554
0 0.545196 0.119406 0.012397 0.011188
0 0.435563 0.059800 0.016788 0.020833
0 0.413352 0.100019 0.012138 0.017554
0 0.448605 0.075231 0.007748 0.026234
0 0.476886 0.059799 0.016787 0.011574
0 0.490703 0.068191 0.010847 0.023727
0 0.545907 0.066744 0.017175 0.011574
0 0.481663 0.124614 0.011880 0.019290
0 0.483988 0.072242 0.010331 0.015625
0 0.458871 0.070313 0.011234 0.030285
0 0.376292 0.065586 0.020661 0.025463
0 0.397792 0.108121 0.015109 0.015240
0 0.363895 0.092882 0.017562 0.017554
0 0.355501 0.069348 0.008522 0.014467
0 0.348270 0.056617 0.013688 0.019097
0 0.289967 0.060957 0.019499 0.020834
0 0.272921 0.089603 0.013300 0.012153
0 0.262784 0.065586 0.010072 0.018519
0 0.360279 0.145833 0.020661 0.016204
0 0.339424 0.147280 0.010460 0.017940
0 0.291322 0.166474 0.009297 0.027392
0 0.269628 0.177083 0.011364 0.023920
0 0.277118 0.127893 0.017562 0.012731
0 0.247417 0.182002 0.019112 0.018712
0 0.205385 0.151620 0.016658 0.016203
0 0.192601 0.164159 0.012784 0.020448
0 0.183755 0.179205 0.008006 0.020448
0 0.169680 0.220582 0.010847 0.022569
0 0.181496 0.149112 0.009427 0.025077
0 0.165677 0.137442 0.015237 0.016782
0 0.173425 0.097704 0.018337 0.026813
0 0.176136 0.109279 0.016012 0.019869
0 0.207128 0.058642 0.015496 0.013888
0 0.238895 0.080054 0.016013 0.008102
0 0.184853 0.752508 0.018466 0.035108
0 0.263236 0.817901 0.009943 0.018518
0 0.268918 0.871528 0.021049 0.014660
0 0.305656 0.879436 0.017820 0.021219
0 0.163481 0.875482 0.025310 0.017554
0 0.155733 0.851274 0.012397 0.025849
0 0.152763 0.740933 0.011105 0.030478
0 0.164385 0.718075 0.010072 0.029514
0 0.382812 0.877893 0.015367 0.016589
0 0.407606 0.916570 0.017949 0.020255
0 0.404571 0.886285 0.020403 0.022184
0 0.467265 0.853491 0.014850 0.019483
0 0.513559 0.867862 0.011106 0.025849
0 0.500000 0.912037 0.018595 0.014660
0 0.626937 0.908275 0.024018 0.022184
0 0.694215 0.860533 0.025310 0.025849
0 0.673812 0.919368 0.015496 0.018519
0 0.758265 0.908854 0.013429 0.028742
0 0.782412 0.887153 0.017304 0.016590
0 0.801459 0.915702 0.016142 0.021991
0 0.803654 0.896026 0.019241 0.011960
0 0.835485 0.845583 0.012397 0.022184
0 0.862410 0.874518 0.016658 0.017554
0 0.900891 0.792053 0.012267 0.014661
0 0.943569 0.786458 0.011105 0.025849
0 0.895403 0.855710 0.018595 0.020062
0 0.856470 0.916763 0.014850 0.016782
0 0.863895 0.907793 0.009814 0.019290
0 0.871255 0.901814 0.017303 0.016589
0 0.887655 0.914737 0.015496 0.009259
0 0.913288 0.906925 0.011751 0.024884
0 0.897921 0.905093 0.011752 0.010031
0 0.927234 0.903550 0.011752 0.010031
0 0.927944 0.905768 0.010331 0.016397
0 0.908187 0.878182 0.010589 0.015239
0 0.950155 0.836612 0.011364 0.013503
0 0.938985 0.855710 0.009943 0.011574
0 0.938081 0.889757 0.010201 0.009838
0 0.942924 0.875579 0.007748 0.011189
0 0.935369 0.803530 0.012010 0.017554
0 0.857051 0.707176 0.009556 0.022377
