0 0.407025 0.26466 0.408833 0.27662 0.367769 0.286651
0 0.381715 0.334877 0.38843 0.347222 0.419421 0.302469
0 0.433626 0.293596 0.43905 0.305941 0.469008 0.274306
0 0.40186 0.399691 0.403667 0.413194 0.440599 0.391975
0 0.383006 0.403549 0.384814 0.416667 0.33936 0.424383
0 0.384814 0.469136 0.391787 0.470293 0.393079 0.419367
0 0.459452 0.477238 0.467717 0.470293 0.442407 0.431713
0 0.432335 0.521219 0.428461 0.530093 0.394886 0.503472
0 0.45532 0.513889 0.466167 0.519676 0.444473 0.578318
0 0.46436 0.575617 0.471074 0.585648 0.436725 0.614969
0 0.485021 0.582948 0.494835 0.575617 0.508523 0.647377
0 0.325671 0.643133 0.331612 0.637346 0.300103 0.594522
0 0.258781 0.614969 0.265754 0.622299 0.23812 0.653164
0 0.251033 0.647377 0.262655 0.650463 0.247934 0.700231
0 0.239153 0.688657 0.240186 0.698688 0.215651 0.709105
0 0.26188 0.712191 0.269628 0.710648 0.267562 0.775077
0 0.338326 0.725309 0.347366 0.729552 0.329545 0.766204
0 0.396436 0.67091 0.403409 0.682485 0.370868 0.709105
0 0.39437 0.736883 0.388688 0.747299 0.362087 0.729552
0 0.458419 0.703318 0.456353 0.712191 0.423037 0.706019
0 0.481921 0.717978 0.490702 0.713349 0.471074 0.673997
0 0.477014 0.729552 0.485795 0.726852 0.482955 0.779707
0 0.422004 0.77662 0.427944 0.783951 0.449638 0.741512
0 0.430785 0.750386 0.427944 0.76196 0.402376 0.743056
0 0.362087 0.775077 0.369835 0.765046 0.391529 0.801698
0 0.307076 0.792824 0.314824 0.800154 0.328512 0.760417
0 0.285382 0.797068 0.287448 0.782407 0.321798 0.783951
0 0.25594 0.798611 0.268595 0.801698 0.284349 0.756173
0 0.211777 0.779707 0.212552 0.791281 0.254907 0.767747
0 0.20093 0.794367 0.208678 0.785494 0.185176 0.751543
0 0.168388 0.794367 0.179236 0.797068 0.20093 0.757716
0 0.185176 0.736883 0.193957 0.726852 0.218492 0.75463
0 0.523244 0.77662 0.523244 0.756173 0.578254 0.760417
0 0.499742 0.722222 0.509556 0.717978 0.523244 0.756173
0 0.498709 0.679784 0.504649 0.667824 0.537965 0.700231
0 0.540031 0.723765 0.535124 0.710648 0.572314 0.697531
0 0.579287 0.688657 0.584194 0.679784 0.607696 0.706019
0 0.614669 0.692901 0.609762 0.678241 0.657025 0.660494
0 0.549845 0.538966 0.551653 0.554784 0.588068 0.538966
0 0.52531 0.483025 0.523244 0.496142 0.493802 0.478395
0 0.498709 0.396219 0.502583 0.413966 0.544938 0.406636
0 0.536932 0.395062 0.544938 0.406636 0.570506 0.372685
0 0.608729 0.265818 0.61751 0.277392 0.591167 0.311343
0 0.577221 0.266975 0.581095 0.282022 0.550878 0.283179
0 0.526085 0.290509 0.530217 0.30517 0.500517 0.314043
0 0.488895 0.255401 0.498709 0.248071 0.480114 0.21412
0 0.518337 0.217207 0.522211 0.20409 0.566374 0.251157
0 0.5625 0.234954 0.557593 0.221451 0.594008 0.20409
0 0.655992 0.221451 0.657025 0.23341 0.614669 0.229167
0 0.668647 0.3125 0.666839 0.322917 0.641271 0.292052
0 0.630424 0.381559 0.634298 0.391975 0.672521 0.366898
0 0.678461 0.388889 0.670713 0.374228 0.707903 0.352238
0 0.692407 0.409722 0.689308 0.391975 0.72469 0.386188
0 0.699122 0.433256 0.693182 0.41821 0.740444 0.417052
0 0.646952 0.453704 0.651085 0.439043 0.6875 0.471065
0 0.678461 0.450617 0.689308 0.447917 0.678461 0.409722
0 0.642045 0.443287 0.650052 0.449074 0.616736 0.477238
0 0.641271 0.522762 0.649019 0.512346 0.628357 0.469907
0 0.66968 0.466821 0.676653 0.472608 0.653926 0.518133
0 0.695248 0.51659 0.684401 0.505015 0.659866 0.554784
0 0.699122 0.552083 0.709969 0.547454 0.705062 0.494599
0 0.731663 0.51659 0.738378 0.508102 0.721849 0.471065
0 0.731663 0.588735 0.738378 0.588735 0.73657 0.537423
0 0.743285 0.491898 0.74251 0.474151 0.78874 0.491898
0 0.690341 0.588735 0.692407 0.607639 0.649019 0.603395
0 0.653926 0.637346 0.659866 0.626929 0.630424 0.601852
0 0.628357 0.613812 0.62345 0.607639 0.607696 0.626929
0 0.123192 0.788194 0.120351 0.801698 0.156508 0.804398
0 0.618543 0.756173 0.62655 0.750386 0.644112 0.798611
0 0.680527 0.726852 0.684401 0.739969 0.643079 0.753086
0 0.702221 0.701775 0.711002 0.690201 0.731663 0.736883
0 0.680527 0.679784 0.684401 0.694444 0.721849 0.666667
0 0.671746 0.766204 0.671746 0.751543 0.706095 0.772377
0 0.660899 0.79591 0.665806 0.804398 0.694215 0.785494
0 0.532025 0.783951 0.533058 0.797068 0.504649 0.797068
0 0.729597 0.748843 0.722882 0.76196 0.696281 0.731096
0 0.748192 0.714892 0.756198 0.723765 0.734504 0.745756
0 0.78564 0.760417 0.784607 0.778164 0.743285 0.766204
0 0.803461 0.791281 0.789514 0.798611 0.763946 0.785494
0 0.802428 0.714892 0.802428 0.731096 0.767045 0.728009
0 0.775826 0.582948 0.78874 0.594522 0.815083 0.546296
0 0.141787 0.750386 0.13688 0.738426 0.18311 0.707562
0 0.08781 0.778164 0.090651 0.763503 0.139979 0.772377
0 0.058368 0.713349 0.052428 0.726852 0.080062 0.748843
0 0.088843 0.704861 0.079029 0.713349 0.110537 0.756173
0 0.045455 0.698688 0.052428 0.687114 0.069215 0.720679
0 0.068182 0.692901 0.080062 0.688657 0.08187 0.739969
0 0.101498 0.672454 0.111312 0.666667 0.125775 0.709491 0.129132 0.719522
0 0.129132 0.688657 0.138946 0.684028 0.137913 0.719522
0 0.159607 0.703318 0.171229 0.694444 0.13688 0.640046
0 0.18311 0.647377 0.184143 0.653164 0.212552 0.644676
0 0.260847 0.565201 0.263688 0.572531 0.233213 0.591821
0 0.169938 0.536265 0.175103 0.553241 0.143079 0.570216
0 0.149277 0.528549 0.157541 0.540895 0.124483 0.576389
0 0.167872 0.486883 0.178202 0.493056 0.157541 0.533179
0 0.105888 0.522377 0.11312 0.530093 0.138946 0.468364
0 0.079029 0.550154 0.08626 0.554784 0.103822 0.508488
0 0.053202 0.576389 0.057335 0.588735 0.077996 0.55787
0 0.085227 0.593364 0.08936 0.604167 0.119318 0.570216
0 0.134814 0.588735 0.144112 0.593364 0.124483 0.635031
0 0.094525 0.625772 0.101756 0.618056 0.111312 0.666667
0 0.093492 0.652392 0.088326 0.664738 0.106921 0.695602
0 0.33032 0.452932 0.334452 0.469907 0.300362 0.488426
0 0.304494 0.386574 0.307593 0.373843 0.340651 0.39892
0 0.210486 0.434414 0.220816 0.446759 0.241477 0.395833
0 0.215651 0.36304 0.219783 0.350694 0.247676 0.380015
0 0.241477 0.318287 0.24251 0.330633 0.281767 0.305941
0 0.237345 0.222608 0.244576 0.230324 0.223915 0.265818
0 0.228048 0.208719 0.237345 0.208719 0.237345 0.171682
0 0.153409 0.282793 0.161674 0.290509 0.198864 0.239583
0 0.147211 0.31983 0.153409 0.326003 0.127583 0.361497
0 0.15031 0.359954 0.159607 0.364583 0.17407 0.310571
0 0.154442 0.406636 0.158574 0.411265 0.177169 0.370756
0 0.190599 0.409722 0.198864 0.39429 0.181302 0.373843
0 0.176136 0.445216 0.181302 0.456019 0.210486 0.423611
0 0.198864 0.460648 0.206095 0.460648 0.198864 0.513117
0 0.155475 0.451389 0.154442 0.462191 0.131715 0.451389
0 0.127583 0.411265 0.134814 0.411265 0.128616 0.459105
0 0.100723 0.411265 0.116219 0.409722 0.106921 0.471451
0 0.059401 0.499228 0.068698 0.500772 0.080062 0.457562
0 0.051136 0.439043 0.056302 0.452932 0.08626 0.420525
0 0.0625 0.370756 0.0625 0.383488 0.102789 0.376929
0 0.414773 0.162037 0.422004 0.176698 0.385847 0.196373
0 0.353306 0.254244 0.365186 0.263117 0.384556 0.221451
0 0.314566 0.239583 0.323089 0.226852 0.353306 0.270448
0 0.308626 0.196373 0.307335 0.207176 0.337552 0.221451
0 0.331353 0.18017 0.329029 0.190972 0.362862 0.214506
0 0.383264 0.149691 0.389463 0.165895 0.346074 0.18017
0 0.359246 0.140432 0.360537 0.155093 0.325413 0.165895
0 0.385847 0.113426 0.388171 0.12963 0.359246 0.140432
0 0.315857 0.160494 0.323089 0.149691 0.306043 0.120756
0 0.325413 0.169367 0.323089 0.1875 0.297779 0.171296
0 0.312242 0.190972 0.313275 0.176698 0.278409 0.17284
0 0.282025 0.155093 0.278409 0.17284 0.248192 0.171296
0 0.448605 0.205247 0.44499 0.183642 0.484762 0.1875
0 0.453254 0.153164 0.458161 0.145833 0.496901 0.171296
0 0.499225 0.100694 0.502841 0.109954 0.466684 0.145833
0 0.499225 0.122299 0.507748 0.109954 0.530475 0.158565
0 0.167355 0.92091 0.175878 0.926312 0.18905 0.87963
0 0.193957 0.913966 0.203512 0.912037 0.201188 0.861497
0 0.224174 0.87963 0.233729 0.866898 0.200413 0.833719
0 0.253874 0.86034 0.243802 0.869985 0.228564 0.827932
0 0.223399 0.837577 0.21436 0.843364 0.204287 0.812886
0 0.243802 0.947531 0.253874 0.938272 0.241736 0.923611 0.222107 0.900077
0 0.260331 0.89429 0.262655 0.911651 0.31095 0.896219
0 0.246126 0.92091 0.253874 0.930556 0.277893 0.915509
0 0.257748 0.907793 0.246126 0.92091 0.236054 0.88696
0 0.286932 0.873457 0.276601 0.883102 0.263946 0.848765
0 0.306043 0.905864 0.317407 0.91358 0.336519 0.868056
0 0.351756 0.915509 0.351756 0.930556 0.307335 0.92091
0 0.353048 0.877315 0.365702 0.877315 0.355372 0.816744
0 0.378357 0.892747 0.391012 0.88696 0.37061 0.837577
0 0.393595 0.879244 0.403667 0.868056 0.38094 0.826003
0 0.29313 0.868056 0.289514 0.848765 0.321281 0.845293
0 0.333936 0.839506 0.322572 0.835648 0.330062 0.799769
0 0.323605 0.810957 0.314824 0.800154 0.295713 0.841435
0 0.300878 0.803241 0.309659 0.818673 0.280475 0.839506
0 0.39876 0.820602 0.39876 0.835648 0.438017 0.818673
0 0.450671 0.856481 0.454545 0.835648 0.42407 0.835648
0 0.407541 0.869985 0.408833 0.848765 0.447056 0.866127
0 0.471074 0.864198 0.464618 0.850694 0.500258 0.837577
0 0.397469 0.932485 0.407541 0.940201 0.435434 0.902006
0 0.439308 0.926698 0.427944 0.934414 0.412707 0.873457
0 0.4672 0.938272 0.482438 0.934414 0.47624 0.871528
0 0.44938 0.941744 0.439308 0.926698 0.463326 0.902006
0 0.532025 0.812886 0.532025 0.82446 0.568957 0.82446
0 0.566374 0.86034 0.561209 0.873457 0.532025 0.839506
0 0.52686 0.930556 0.516787 0.911651 0.551136 0.89429
0 0.59814 0.86034 0.58781 0.845293 0.615961 0.79591
0 0.60563 0.88696 0.594267 0.879244 0.620868 0.843364
0 0.63249 0.881173 0.622159 0.892747 0.613378 0.868056
0 0.63249 0.940201 0.620868 0.924769 0.647727 0.900077
0 0.627324 0.892747 0.633781 0.905864 0.659091 0.885031
0 0.602014 0.934414 0.594267 0.924769 0.615961 0.89429
0 0.589101 0.932485 0.585486 0.91358 0.615961 0.89429
0 0.577738 0.936343 0.570248 0.924769 0.585486 0.88696
0 0.674329 0.92284 0.660382 0.907793 0.679494 0.869985
0 0.69344 0.864198 0.680785 0.854552 0.70093 0.810957
0 0.661674 0.883102 0.673037 0.877315 0.647727 0.818673
0 0.733988 0.873457 0.746643 0.864198 0.716167 0.816744
0 0.686983 0.924769 0.694731 0.934414 0.723915 0.896219
0 0.726498 0.928627 0.709969 0.928627 0.717459 0.869985
0 0.740444 0.924769 0.746643 0.930556 0.769628 0.907793
0 0.755682 0.864198 0.767045 0.86034 0.747934 0.827932
0 0.791064 0.92284 0.798812 0.902006 0.768337 0.883102
0 0.73657 0.91358 0.749225 0.91358 0.745351 0.877315
0 0.050878 0.732253 0.060434 0.72608 0.074638 0.783179
0 0.061983 0.809414 0.065599 0.794367 0.097107 0.80054
0 0.058626 0.784722 0.059917 0.798997 0.094267 0.805556
0 0.053461 0.802855 0.055527 0.790123 0.09969 0.810957
0 0.061467 0.828318 0.0625 0.8125 0.098657 0.826775
0 0.051911 0.82446 0.056043 0.811728 0.075155 0.844907
0 0.047521 0.847608 0.048554 0.85841 0.076705 0.840278
0 0.05811 0.855324 0.05811 0.866512 0.097107 0.857639
0 0.045455 0.873457 0.050362 0.862654 0.069473 0.883873
0 0.061983 0.87037 0.059401 0.883873 0.090134 0.883873
0 0.052428 0.895062 0.05656 0.907022 0.079545 0.888503
0 0.118285 0.851466 0.122934 0.862654 0.154959 0.832176
0 0.06405 0.920525 0.071539 0.928241 0.084194 0.886188
0 0.067149 0.909336 0.075155 0.918981 0.094783 0.895833
0 0.056043 0.883102 0.057593 0.891975 0.095816 0.884645
0 0.075155 0.924383 0.080579 0.930556 0.104339 0.891975
0 0.087552 0.929012 0.084711 0.920525 0.106147 0.900463
0 0.091684 0.934028 0.091167 0.92284 0.114928 0.912423
0 0.12345 0.934028 0.112345 0.925926 0.138946 0.873457
0 0.079545 0.687886 0.086777 0.690201 0.092717 0.646605
0 0.127841 0.705247 0.134298 0.707948 0.131973 0.74267
0 0.051395 0.681713 0.057593 0.672068 0.071023 0.704475
0 0.05811 0.665123 0.053977 0.669753 0.068182 0.692901
0 0.059917 0.64892 0.055527 0.660108 0.088068 0.681713
0 0.070506 0.657793 0.074122 0.663966 0.0953 0.633102
0 0.063533 0.648148 0.068957 0.652392 0.081095 0.623071
0 0.055527 0.619599 0.059401 0.627701 0.082128 0.593364
0 0.052428 0.626929 0.052944 0.635417 0.073089 0.636188
0 0.051911 0.640432 0.055527 0.646605 0.074122 0.630787
0 0.10718 0.616512 0.099174 0.626157 0.118802 0.65625
0 0.063533 0.300154 0.066116 0.30787 0.103822 0.287423
0 0.066632 0.295139 0.073605 0.288194 0.089101 0.334877
0 0.086777 0.347608 0.083161 0.334105 0.115702 0.318287
0 0.100723 0.347608 0.098657 0.33642 0.133006 0.326003
0 0.10124 0.251543 0.108213 0.246914 0.115702 0.310957
0 0.120351 0.289738 0.113378 0.283179 0.12345 0.241898
0 0.147469 0.224537 0.158058 0.22608 0.143079 0.27392
0 0.115702 0.20409 0.120351 0.210262 0.091684 0.253858
0 0.116219 0.244599 0.114411 0.231867 0.150052 0.223765
0 0.163481 0.157793 0.173037 0.162809 0.152634 0.214892
0 0.149019 0.197531 0.158574 0.197531 0.158058 0.133488
0 0.120868 0.195988 0.115702 0.20409 0.131973 0.222994
0 0.083161 0.199074 0.090134 0.190586 0.103822 0.228395
0 0.073089 0.222222 0.075155 0.232639 0.103822 0.222222
0 0.060434 0.214892 0.066632 0.210262 0.080062 0.252315
0 0.064566 0.198302 0.06405 0.207948 0.085744 0.222222
0 0.061983 0.181713 0.067149 0.174769 0.082645 0.219136
0 0.187758 0.146219 0.186209 0.158565 0.218492 0.160494
0 0.210227 0.133488 0.213326 0.148534 0.247417 0.125386
0 0.167097 0.124614 0.176136 0.119213 0.187758 0.169753
0 0.2797 0.112654 0.28564 0.119985 0.262138 0.153935
0 0.117252 0.168981 0.123967 0.162037 0.145403 0.208719
0 0.139979 0.173997 0.133006 0.177083 0.141529 0.221451
0 0.117769 0.134259 0.109762 0.146219 0.142045 0.170525
0 0.129907 0.131173 0.125258 0.141975 0.151601 0.173225
0 0.06844 0.09375 0.074122 0.091435 0.089101 0.138889
0 0.0625 0.142747 0.067665 0.150849 0.081095 0.124614
0 0.10124 0.136574 0.098657 0.119985 0.12939 0.111111
0 0.091167 0.157022 0.085227 0.165123 0.108729 0.199846
0 0.07593 0.173997 0.073864 0.183642 0.097366 0.189815
0 0.080062 0.187114 0.076705 0.195602 0.101756 0.20679
0 0.066116 0.163194 0.064824 0.153935 0.096591 0.150077
0 0.068182 0.165895 0.073605 0.157407 0.091426 0.18287
0 0.080062 0.162423 0.085227 0.160108 0.091426 0.18287
0 0.084969 0.14892 0.076963 0.140818 0.092975 0.125
0 0.083936 0.104938 0.083936 0.113426 0.098657 0.119985
0 0.114928 0.131173 0.114928 0.121142 0.139463 0.122685
0 0.140238 0.130015 0.13843 0.11767 0.168905 0.116898
0 0.128616 0.092978 0.135331 0.090664 0.13843 0.11767
0 0.149277 0.087191 0.157025 0.081019 0.166064 0.118056
0 0.127841 0.034336 0.137138 0.028549 0.150826 0.083719
0 0.151343 0.027392 0.159091 0.030864 0.133523 0.070988
0 0.124225 0.07909 0.127324 0.087191 0.139205 0.070216
0 0.155992 0.038194 0.164514 0.041667 0.145661 0.084491
0 0.089101 0.029707 0.084452 0.040509 0.107955 0.048225
0 0.071281 0.054012 0.070764 0.066358 0.10718 0.057485
0 0.106405 0.084491 0.103564 0.073302 0.128874 0.060571
0 0.098399 0.076003 0.103564 0.073302 0.108729 0.108796
0 0.092717 0.070988 0.099174 0.072145 0.097366 0.107253
0 0.104081 0.032407 0.108988 0.028935 0.111312 0.060957
0 0.121126 0.025849 0.124742 0.035494 0.099948 0.052469
0 0.129649 0.03125 0.124225 0.032407 0.121901 0.073688
0 0.19189 0.023148 0.19499 0.033565 0.163998 0.04591
0 0.11906 0.046296 0.121901 0.052855 0.104339 0.0625
0 0.199122 0.064043 0.205579 0.059414 0.213843 0.11034
0 0.190341 0.064815 0.197831 0.076003 0.173812 0.104167
0 0.189824 0.036651 0.196281 0.043596 0.178461 0.070216
0 0.211519 0.021605 0.218492 0.027778 0.201963 0.046296
0 0.222107 0.024306 0.227273 0.029707 0.207903 0.051698
0 0.235021 0.018904 0.241477 0.024306 0.228564 0.042824
0 0.228564 0.036651 0.223915 0.033179 0.208419 0.060185
0 0.242769 0.030478 0.234504 0.029707 0.22624 0.05787
0 0.237345 0.056713 0.231405 0.053241 0.216684 0.086806
0 0.251033 0.03125 0.24561 0.027778 0.236312 0.053241
0 0.253874 0.046296 0.24561 0.042824 0.232696 0.086034
0 0.27686 0.026235 0.272727 0.01659 0.24561 0.042824
0 0.270403 0.03125 0.259039 0.030478 0.253874 0.046296
0 0.287965 0.036651 0.284349 0.027778 0.260331 0.049769
0 0.27686 0.042824 0.282025 0.042824 0.278667 0.07446
0 0.280217 0.108796 0.280992 0.096451 0.242769 0.091049
0 0.316116 0.097222 0.313275 0.082176 0.279184 0.09375
0 0.289256 0.104167 0.286932 0.096451 0.255682 0.112269
0 0.370351 0.084105 0.364411 0.079861 0.347882 0.112269
0 0.356921 0.084105 0.358729 0.07446 0.323864 0.068287
0 0.47624 0.108025 0.479339 0.123843 0.435692 0.135031
0 0.439824 0.058642 0.438533 0.070988 0.402118 0.05787
0 0.362603 0.025077 0.370351 0.021605 0.377324 0.070216
0 0.388688 0.022377 0.395661 0.023534 0.394112 0.03588 0.389205 0.073688
0 0.345558 0.020062 0.340909 0.028549 0.371643 0.05517
0 0.327479 0.027778 0.332128 0.020062 0.359762 0.046296
0 0.326705 0.037423 0.333419 0.03125 0.359246 0.068287
0 0.315083 0.03858 0.322056 0.032407 0.340393 0.07716
0 0.319731 0.020062 0.325671 0.023534 0.305527 0.056713
0 0.314566 0.027006 0.317924 0.033951 0.289773 0.054398
0 0.399793 0.021605 0.395145 0.032407 0.416839 0.042824
0 0.426395 0.025077 0.433368 0.029707 0.415031 0.055941
0 0.431043 0.05054 0.426395 0.043596 0.403409 0.080633
0 0.478564 0.03125 0.473915 0.022377 0.452221 0.055941
0 0.450413 0.027006 0.455579 0.033951 0.435692 0.064043
0 0.489153 0.033951 0.480888 0.025077 0.460486 0.067515
0 0.490961 0.025077 0.498192 0.032407 0.473399 0.062114
0 0.496384 0.023534 0.504649 0.024306 0.499742 0.069059
0 0.511105 0.024306 0.512913 0.033951 0.490444 0.047068
0 0.512138 0.027006 0.520403 0.027006 0.518079 0.07446
0 0.508781 0.043596 0.51343 0.042824 0.51343 0.082176
0 0.545196 0.025077 0.552686 0.025077 0.547521 0.071759
0 0.56689 0.021605 0.572831 0.028549 0.549845 0.049769
0 0.576963 0.03125 0.581612 0.040123 0.563275 0.066358
0 0.580579 0.024306 0.587552 0.030478 0.579804 0.064043
0 0.593492 0.03125 0.585227 0.03125 0.583936 0.060185
0 0.600981 0.027778 0.5953 0.026235 0.58936 0.062114
0 0.613378 0.03125 0.607438 0.023534 0.591167 0.065586
0 0.612345 0.048225 0.615186 0.039352 0.639205 0.070988
0 0.622934 0.033951 0.628099 0.028549 0.643337 0.071759
0 0.640496 0.024306 0.646952 0.020833 0.655217 0.068287
0 0.644112 0.111497 0.640496 0.121914 0.612345 0.104167
0 0.627066 0.127315 0.62939 0.138503 0.653926 0.126157
0 0.658833 0.111497 0.657025 0.121914 0.694731 0.130787
0 0.673554 0.086034 0.666322 0.099151 0.707645 0.121142
0 0.631715 0.160494 0.636364 0.168596 0.662965 0.140432
0 0.637655 0.150077 0.63688 0.158951 0.599174 0.155478
0 0.628099 0.147377 0.62939 0.138503 0.596333 0.147377
0 0.724174 0.052469 0.727014 0.064043 0.69344 0.079861
0 0.720041 0.026235 0.728306 0.023534 0.738895 0.065586
0 0.674587 0.190586 0.684143 0.19483 0.664514 0.246914
0 0.688275 0.165895 0.688791 0.152778 0.726498 0.169367
0 0.749483 0.100694 0.756973 0.103395 0.74406 0.148148
0 0.713585 0.209105 0.71281 0.220293 0.748192 0.216049
0 0.743543 0.236111 0.739411 0.246914 0.716426 0.225694
0 0.758781 0.236111 0.768079 0.239583 0.755165 0.310185
0 0.709452 0.326003 0.711777 0.337191 0.742252 0.323302
0 0.665806 0.283565 0.676395 0.277392 0.691116 0.335648
0 0.688791 0.29591 0.694731 0.283565 0.66813 0.269676
0 0.785899 0.316358 0.796488 0.31983 0.79468 0.25733
0 0.811209 0.251929 0.81999 0.248457 0.824122 0.304784
0 0.822314 0.326003 0.820506 0.340664 0.784091 0.324846
0 0.830579 0.359954 0.835227 0.354938 0.822831 0.330247
0 0.851756 0.329475 0.858213 0.323302 0.834711 0.286265
0 0.884814 0.255401 0.878357 0.245756 0.851756 0.287037
0 0.900052 0.221065 0.900052 0.207176 0.866994 0.213349
0 0.896436 0.229938 0.892304 0.222994 0.862345 0.248457
0 0.891787 0.198302 0.895403 0.187114 0.861054 0.165123
0 0.893079 0.158951 0.893595 0.171296 0.872417 0.170139
0 0.897727 0.173611 0.889463 0.172068 0.877066 0.204475
0 0.80656 0.159722 0.811725 0.152778 0.831095 0.189429
0 0.772986 0.119213 0.771694 0.12963 0.804752 0.123843
0 0.767045 0.127315 0.767045 0.140432 0.795196 0.140432
0 0.823605 0.119985 0.825155 0.128858 0.795196 0.140432
0 0.855372 0.122685 0.854597 0.131559 0.828254 0.122685
0 0.808884 0.103395 0.808884 0.113812 0.764205 0.099151
0 0.77531 0.083333 0.773502 0.097222 0.73063 0.080633
0 0.786932 0.042052 0.781767 0.03588 0.760072 0.068287
0 0.774019 0.023534 0.781767 0.03588 0.751033 0.048225
0 0.784091 0.029707 0.790548 0.023534 0.803977 0.07446
0 0.811725 0.080633 0.809917 0.092207 0.844008 0.099923
0 0.802428 0.025077 0.811209 0.021605 0.824122 0.070216
0 0.822314 0.025077 0.829287 0.029707 0.810692 0.070988
0 0.832903 0.020062 0.840651 0.024306 0.817149 0.070988
0 0.846591 0.03125 0.841684 0.027778 0.822831 0.076003
0 0.853048 0.018904 0.860537 0.023534 0.835227 0.070988
0 0.850465 0.047068 0.842459 0.044367 0.839876 0.080633
0 0.857696 0.040123 0.85124 0.042824 0.860021 0.062114
0 0.868802 0.059414 0.871126 0.069059 0.834194 0.088349
0 0.886364 0.109568 0.879907 0.11767 0.85124 0.081404
0 0.87061 0.033179 0.874225 0.042824 0.857696 0.048225
0 0.868802 0.029707 0.877066 0.028549 0.878357 0.062114
0 0.880682 0.043596 0.888171 0.046296 0.875258 0.095679
0 0.866477 0.048225 0.874742 0.047068 0.870093 0.092978
0 0.895403 0.140432 0.890496 0.150849 0.865186 0.126157
0 0.886364 0.277392 0.896436 0.286265 0.860537 0.333719
0 0.735279 0.354167 0.742252 0.348765 0.746901 0.400463
0 0.760072 0.402392 0.767045 0.410108 0.789256 0.359182
0 0.791839 0.412809 0.784607 0.42091 0.80811 0.455247
0 0.817665 0.384645 0.825155 0.383873 0.826446 0.436728
0 0.854081 0.462191 0.863636 0.456019 0.845816 0.405093
0 0.811209 0.528935 0.81999 0.521991 0.79468 0.478781
0 0.847107 0.53858 0.854081 0.527006 0.817149 0.5
0 0.857696 0.467207 0.867769 0.468364 0.862862 0.530864
0 0.82593 0.568673 0.832386 0.569444 0.826963 0.60108
0 0.798295 0.592207 0.807593 0.583333 0.820506 0.623071
0 0.908316 0.331019 0.902893 0.342593 0.87939 0.311728
0 0.888946 0.343364 0.892304 0.352238 0.861829 0.381944
0 0.907025 0.354167 0.902893 0.342593 0.874225 0.378472
0 0.902376 0.392747 0.900052 0.377701 0.878874 0.392747
0 0.883523 0.383102 0.885847 0.392747 0.860021 0.414738
0 0.901085 0.406636 0.906508 0.415509 0.879907 0.444444
0 0.896436 0.440972 0.886364 0.438272 0.888171 0.478009
0 0.911157 0.428627 0.902376 0.427083 0.897727 0.472608
0 0.905217 0.482253 0.908316 0.469136 0.885331 0.45409
0 0.90186 0.493056 0.905217 0.482253 0.87061 0.469136
0 0.9047 0.503472 0.90186 0.493056 0.866477 0.509645
0 0.906508 0.531636 0.908316 0.539352 0.884039 0.548225
0 0.897727 0.559799 0.90186 0.548225 0.868802 0.53588
0 0.914256 0.546682 0.908316 0.539352 0.892304 0.575617
0 0.905217 0.605324 0.910124 0.589506 0.877583 0.572145
0 0.802428 0.658951 0.809401 0.646605 0.784091 0.614969
0 0.874225 0.651235 0.884039 0.645062 0.855888 0.576389
0 0.911157 0.631944 0.917614 0.64159 0.883523 0.673997
0 0.906508 0.667824 0.91064 0.657407 0.887138 0.64429
0 0.909349 0.689043 0.908833 0.674769 0.886364 0.686343
0 0.885847 0.697531 0.886364 0.686343 0.844008 0.680941
0 0.913481 0.704861 0.907541 0.696759 0.890496 0.744213
0 0.865961 0.731096 0.868285 0.717207 0.90186 0.741512
0 0.898244 0.768904 0.905992 0.771605 0.893595 0.820988
0 0.910124 0.791667 0.916581 0.798997 0.894112 0.834105
0 0.9047 0.826775 0.914773 0.831404 0.894628 0.887731
0 0.887138 0.907793 0.896952 0.904321 0.888946 0.844522
0 0.863636 0.84375 0.855372 0.856867 0.819473 0.804784
0 0.824638 0.847994 0.826446 0.86034 0.791839 0.868441
0 0.811209 0.848765 0.805269 0.856867 0.774019 0.834877
0 0.821281 0.91821 0.829287 0.915895 0.821281 0.863812
0 0.841167 0.913966 0.832903 0.913966 0.828254 0.86304
0 0.868285 0.926312 0.875775 0.914738 0.847624 0.885802
0 0.863636 0.805941 0.868285 0.792824 0.837035 0.778549
0 0.872934 0.816358 0.879907 0.807485 0.852273 0.779321
0 0.851756 0.740741 0.861054 0.741512 0.849948 0.778549
0 0.826446 0.768133 0.837035 0.769676 0.842975 0.704861
0 0.840651 0.669753 0.839876 0.683642 0.805785 0.670525
0 0.828771 0.647762 0.838843 0.647762 0.829287 0.701389
0 0.808884 0.676698 0.815857 0.683642 0.793388 0.713735 0.800878 0.695988
0 0.798812 0.692515 0.802944 0.684414 0.821281 0.711806
0 0.80811 0.713735 0.813017 0.706404 0.828254 0.725694
0 0.495093 0.932099 0.502841 0.938657 0.506457 0.900849
0 0.486312 0.934414 0.492769 0.936343 0.498709 0.885802
0 0.483471 0.915895 0.485021 0.927855 0.498709 0.885802
0 0.458161 0.899691 0.466167 0.910494 0.490702 0.875
0 0.45093 0.900849 0.444473 0.892361 0.467459 0.858796
0 0.440083 0.915895 0.445764 0.913966 0.440857 0.887731