0 0.636105 0.515818 0.64437 0.52392 0.65625 0.474537
0 0.690341 0.522377 0.700155 0.519676 0.686725 0.469522
0 0.735279 0.502701 0.735021 0.517361 0.765754 0.513889
0 0.751291 0.473765 0.753616 0.486883 0.783058 0.464892
0 0.786415 0.52392 0.788481 0.532407 0.765754 0.538966
0 0.738895 0.470293 0.750517 0.471451 0.746901 0.42091
0 0.768853 0.44213 0.775568 0.44946 0.791581 0.408565
0 0.795713 0.439429 0.802428 0.429784 0.825671 0.46875
0 0.82438 0.463349 0.819215 0.454861 0.836519 0.425154
0 0.819731 0.422454 0.825671 0.413194 0.801911 0.386574
0 0.852014 0.457948 0.846074 0.44946 0.861054 0.42554
0 0.839618 0.419753 0.850465 0.418596 0.846333 0.471836
0 0.828512 0.463349 0.829029 0.477238 0.864411 0.470679
0 0.892045 0.439429 0.897469 0.433642 0.873967 0.408179
0 0.899793 0.471451 0.905733 0.46412 0.886105 0.439815
0 0.889721 0.478781 0.881457 0.481096 0.875775 0.433256
0 0.895919 0.483025 0.895145 0.493827 0.865961 0.472994
0 0.829029 0.499614 0.826705 0.512731 0.859246 0.525849
0 0.842975 0.483025 0.854597 0.475694 0.866736 0.535494
0 0.867252 0.503086 0.859246 0.506944 0.854339 0.464506
0 0.876808 0.539738 0.885331 0.537037 0.874483 0.5
0 0.889721 0.542052 0.896178 0.536651 0.878616 0.5
0 0.898502 0.543596 0.904959 0.538966 0.893079 0.503472
0 0.889979 0.546682 0.884039 0.538194 0.864153 0.573302
0 0.842975 0.534722 0.85124 0.528549 0.860279 0.577546
0 0.814308 0.554784 0.822831 0.54784 0.804752 0.499614
0 0.819731 0.587963 0.819473 0.603009 0.855372 0.599151
0 0.889979 0.60571 0.891271 0.61767 0.856921 0.620756
0 0.826188 0.675926 0.828512 0.689815 0.78874 0.693673
0 0.840134 0.705633 0.8453 0.715664 0.86906 0.688272
0 0.850723 0.679398 0.857696 0.668596 0.823864 0.638889
0 0.865444 0.646605 0.871643 0.655864 0.845041 0.690201
0 0.888946 0.650849 0.883006 0.660108 0.858471 0.631944
0 0.881198 0.68017 0.888688 0.668981 0.859504 0.636574
0 0.88094 0.692515 0.889721 0.694059 0.881457 0.743441
0 0.891529 0.741512 0.899793 0.739583 0.889721 0.695988
0 0.87655 0.758102 0.868027 0.773148 0.841426 0.729167
0 0.846591 0.798997 0.854081 0.80517 0.836519 0.842593
0 0.856405 0.789352 0.866477 0.787809 0.861829 0.835262
0 0.80811 0.857253 0.805785 0.871142 0.84375 0.879244
0 0.782541 0.853781 0.789256 0.856867 0.791839 0.814043
0 0.743802 0.85841 0.749742 0.842593 0.782541 0.891204
0 0.791839 0.808256 0.786415 0.795525 0.756973 0.832562
0 0.747934 0.775849 0.75155 0.76196 0.783833 0.792824
0 0.706353 0.743827 0.716167 0.741898 0.713326 0.802469
0 0.697572 0.750386 0.703771 0.749614 0.700413 0.719522
0 0.74845 0.719907 0.755424 0.727238 0.768853 0.697145
0 0.589101 0.747685 0.586519 0.764275 0.626033 0.763889
0 0.587552 0.83179 0.599948 0.825231 0.606405 0.883102
0 0.642045 0.925154 0.646952 0.933642 0.667614 0.908565
0 0.474432 0.83912 0.477014 0.853009 0.511364 0.827932
0 0.465909 0.802855 0.475207 0.807485 0.459452 0.852623
0 0.449897 0.862269 0.457903 0.869985 0.429752 0.90625
0 0.45532 0.912423 0.458936 0.925926 0.491219 0.905093
0 0.396178 0.848765 0.396178 0.866512 0.351756 0.867284
0 0.212293 0.849537 0.2172 0.837191 0.18595 0.820602
0 0.26188 0.864583 0.259556 0.877315 0.224948 0.864969
0 0.271694 0.872299 0.274019 0.886188 0.23218 0.88966
0 0.219267 0.902778 0.221591 0.916281 0.260589 0.899691
0 0.207386 0.911651 0.21281 0.898534 0.178202 0.885802
0 0.06689 0.869213 0.066116 0.88966 0.116736 0.881944
0 0.131715 0.86767 0.138171 0.87037 0.128099 0.902006
0 0.05501 0.76196 0.066632 0.747685 0.087035 0.804398
0 0.112603 0.785494 0.120351 0.77392 0.0922 0.746528
0 0.075671 0.731867 0.085744 0.726852 0.06999 0.676312
0 0.110279 0.712191 0.121384 0.709877 0.104597 0.649306
0 0.064566 0.606481 0.06999 0.621528 0.099174 0.585648
0 0.075671 0.558256 0.087035 0.556327 0.081612 0.499614
0 0.121384 0.517747 0.131715 0.51659 0.11906 0.459491
0 0.12061 0.40162 0.128616 0.399306 0.120093 0.356481
0 0.078254 0.334877 0.084452 0.322917 0.116219 0.358025
0 0.21875 0.419753 0.225723 0.419367 0.220816 0.373071
0 0.259298 0.378472 0.259556 0.390046 0.292872 0.383873
0 0.299587 0.41821 0.298295 0.432099 0.340909 0.437114
0 0.055785 0.196759 0.067665 0.192515 0.06689 0.25733
0 0.073864 0.307485 0.082128 0.317515 0.107696 0.270062
0 0.140496 0.302469 0.152634 0.290895 0.125258 0.252701
0 0.102273 0.177083 0.100207 0.195216 0.139205 0.197145
0 0.184401 0.265818 0.190341 0.251157 0.162965 0.223765
0 0.180269 0.232253 0.187242 0.239198 0.208161 0.201775
0 0.302944 0.273148 0.306043 0.286265 0.268337 0.307099
0 0.283833 0.191744 0.285382 0.205633 0.315083 0.191744
0 0.222624 0.173611 0.23063 0.174769 0.233471 0.130015
0 0.260847 0.114969 0.255424 0.130015 0.29313 0.143133
0 0.16968 0.162423 0.178977 0.14892 0.149535 0.111111
0 0.175103 0.104938 0.186209 0.10841 0.187758 0.062114
0 0.13688 0.070602 0.146694 0.072531 0.150568 0.032022
0 0.107438 0.021219 0.104597 0.037423 0.14437 0.041281
0 0.115186 0.149691 0.125 0.149691 0.126291 0.101466
0 0.181302 0.038966 0.1875 0.029321 0.21126 0.082562
0 0.218492 0.075617 0.225465 0.0625 0.194731 0.029707
0 0.230888 0.07446 0.223657 0.060957 0.253874 0.049383
0 0.237087 0.040895 0.243027 0.028935 0.276085 0.064815
0 0.247417 0.02392 0.250775 0.015432 0.27376 0.037423
0 0.298812 0.02662 0.305527 0.032407 0.288223 0.069444
0 0.315083 0.034722 0.305269 0.029707 0.304236 0.075231
0 0.298037 0.05787 0.305269 0.061728 0.292614 0.095679
0 0.321281 0.030864 0.330062 0.041281 0.30811 0.08642
0 0.334194 0.027778 0.3422 0.036265 0.323089 0.072917
0 0.345816 0.034336 0.35563 0.033179 0.353822 0.083333
0 0.376291 0.033179 0.382748 0.043981 0.355372 0.06983
0 0.299587 0.116898 0.307851 0.124228 0.318182 0.082562
0 0.296488 0.171296 0.306043 0.173225 0.310176 0.126543
0 0.318957 0.116898 0.309401 0.128858 0.33626 0.175926
0 0.335227 0.128858 0.341426 0.137731 0.378616 0.09838
0 0.344525 0.142747 0.334711 0.14159 0.35563 0.097994
0 0.400052 0.173225 0.409091 0.162809 0.381715 0.130015
0 0.42562 0.180556 0.42407 0.191744 0.460486 0.200617
0 0.428202 0.242284 0.436725 0.238812 0.419938 0.188272
0 0.427428 0.165895 0.437758 0.176312 0.457128 0.130787
0 0.438275 0.140046 0.442924 0.147377 0.463585 0.116512
0 0.42562 0.134259 0.431043 0.146219 0.459711 0.097994
0 0.407541 0.150463 0.416839 0.159722 0.428202 0.11767
0 0.411674 0.137731 0.420455 0.126929 0.398244 0.098765
0 0.38843 0.063272 0.384298 0.07909 0.423295 0.093364
0 0.385072 0.054784 0.391271 0.039738 0.413998 0.065586
0 0.461777 0.028549 0.462035 0.040509 0.423037 0.045139
0 0.43595 0.047454 0.446023 0.043981 0.441374 0.089892
0 0.453512 0.053627 0.456095 0.068287 0.426395 0.079475
0 0.454287 0.051312 0.461777 0.047454 0.465134 0.076775
0 0.462035 0.045139 0.468492 0.035494 0.488895 0.072531
0 0.466426 0.0625 0.475981 0.061728 0.470041 0.116512
0 0.47314 0.028935 0.473399 0.039352 0.507748 0.040895
0 0.472624 0.118441 0.479855 0.126543 0.497417 0.08642
0 0.465134 0.161651 0.473399 0.162037 0.469267 0.119213
0 0.497934 0.10571 0.50155 0.088349 0.541064 0.114583
0 0.505682 0.136574 0.511622 0.14159 0.519886 0.113812
0 0.507748 0.154707 0.509298 0.142361 0.543388 0.160108
0 0.542872 0.180556 0.546488 0.195602 0.51782 0.207562
0 0.510589 0.223765 0.518079 0.218364 0.505165 0.185571
0 0.600207 0.171296 0.600723 0.185185 0.634039 0.172068
0 0.570764 0.215278 0.580062 0.219907 0.587293 0.172068
0 0.660899 0.195216 0.667097 0.184414 0.641529 0.152392
0 0.641787 0.128858 0.651085 0.121914 0.668388 0.175926
0 0.678461 0.14159 0.685434 0.138117 0.671488 0.102623
0 0.696539 0.118056 0.702996 0.122685 0.682851 0.158951
0 0.704029 0.142361 0.700413 0.126929 0.734762 0.109182
0 0.718492 0.145833 0.724948 0.133102 0.744835 0.175926
0 0.748709 0.167824 0.754132 0.176312 0.774535 0.15162
0 0.78719 0.151235 0.795196 0.149691 0.792097 0.187886
0 0.764205 0.187886 0.761364 0.199074 0.734246 0.177469
0 0.766012 0.198302 0.770145 0.187886 0.788998 0.217207
0 0.79907 0.189429 0.807335 0.197145 0.787448 0.242284
0 0.818698 0.247685 0.827479 0.243827 0.810434 0.195216
0 0.822831 0.213349 0.83032 0.208719 0.840134 0.247685
0 0.848657 0.250386 0.858988 0.246142 0.860795 0.298225
0 0.862862 0.254244 0.87345 0.255015 0.873967 0.193287
0 0.90031 0.228781 0.903151 0.244599 0.871643 0.257716
0 0.905733 0.289738 0.913223 0.292438 0.917355 0.26196
0 0.891787 0.281636 0.891787 0.293981 0.862087 0.288194
0 0.869318 0.28125 0.88249 0.279321 0.876291 0.327546
0 0.889463 0.31983 0.890754 0.332562 0.860795 0.332948
0 0.820248 0.373071 0.829545 0.383102 0.842459 0.342593
0 0.832128 0.341821 0.83781 0.347608 0.85124 0.306327
0 0.821281 0.342593 0.832645 0.33642 0.817407 0.291281
0 0.832128 0.323688 0.824638 0.314815 0.847366 0.282022
0 0.902893 0.373457 0.900052 0.384645 0.875 0.369985
0 0.81095 0.352623 0.80656 0.368056 0.772211 0.342978
0 0.757748 0.374614 0.765238 0.374228 0.765238 0.332948
0 0.746901 0.35108 0.754907 0.359954 0.76188 0.321759
0 0.754132 0.393519 0.760589 0.38233 0.737603 0.354938
0 0.722882 0.325231 0.732696 0.320602 0.73812 0.374228
0 0.697056 0.287809 0.707645 0.286265 0.704545 0.349537
0 0.72314 0.318673 0.729597 0.317515 0.722624 0.282022
0 0.717459 0.26929 0.724432 0.282407 0.742769 0.236497
0 0.668388 0.265046 0.677169 0.265432 0.673554 0.21875
0 0.68001 0.248457 0.687758 0.255787 0.704804 0.215664
0 0.748709 0.243056 0.759298 0.236883 0.765238 0.293981
0 0.757231 0.321759 0.766012 0.314815 0.753874 0.270448
0 0.588068 0.310185 0.591684 0.318673 0.558884 0.330633
0 0.62345 0.250772 0.623967 0.261574 0.590393 0.26196
0 0.496901 0.300154 0.495351 0.317515 0.452221 0.309028
0 0.425362 0.312114 0.433884 0.309028 0.427169 0.258102
0 0.410382 0.253472 0.414514 0.270833 0.373967 0.287037
0 0.360795 0.320216 0.364411 0.331404 0.391787 0.310957
0 0.385589 0.375772 0.391529 0.366512 0.370093 0.33912
0 0.395145 0.392361 0.404959 0.384645 0.383781 0.340278
0 0.451963 0.38966 0.461002 0.398534 0.475981 0.356481
0 0.403667 0.457948 0.414773 0.45409 0.402376 0.403549
0 0.483213 0.494985 0.494576 0.492284 0.485279 0.426698
0 0.511105 0.482639 0.519886 0.485725 0.524019 0.429012
0 0.539514 0.434028 0.545971 0.446373 0.573864 0.415123
0 0.467459 0.559414 0.47469 0.566358 0.491994 0.518519
0 0.529184 0.643519 0.530992 0.665123 0.481405 0.671682
0 0.680785 0.397377 0.689308 0.410108 0.659607 0.442515
0 0.649793 0.443673 0.656508 0.433642 0.628099 0.402006
0 0.583936 0.165509 0.592975 0.168981 0.59814 0.12037
0 0.586002 0.119985 0.592975 0.127701 0.573605 0.159336
0 0.564566 0.14892 0.559401 0.141204 0.580837 0.124228
0 0.571023 0.188272 0.566116 0.179012 0.586519 0.159722
0 0.562758 0.196759 0.569731 0.188272 0.543647 0.15625
0 0.567149 0.170139 0.557076 0.170525 0.558368 0.126157
0 0.542872 0.10841 0.54468 0.095293 0.573347 0.118056
0 0.619576 0.088735 0.621126 0.104552 0.582645 0.104552
0 0.625517 0.04784 0.631198 0.060185 0.597366 0.080633
0 0.585227 0.047068 0.595041 0.039352 0.603306 0.07909
0 0.6547 0.040509 0.661157 0.049769 0.629649 0.086806
0 0.681302 0.042052 0.688791 0.051312 0.6578 0.084877
0 0.66064 0.055941 0.664773 0.042052 0.692407 0.07909
0 0.701188 0.061728 0.712035 0.065201 0.701963 0.115355
0 0.708936 0.107639 0.70687 0.096451 0.739928 0.088735
0 0.710744 0.051312 0.705837 0.063272 0.741219 0.07716
0 0.741219 0.056713 0.744576 0.069444 0.7172 0.082176
0 0.74561 0.049769 0.756457 0.05054 0.75155 0.095679
0 0.76343 0.096065 0.76343 0.112654 0.720041 0.103395
0 0.734762 0.130015 0.733471 0.115355 0.769628 0.116512
0 0.782025 0.13233 0.780217 0.119985 0.808368 0.114969
0 0.764721 0.059414 0.777118 0.054784 0.777118 0.12037
0 0.778667 0.049769 0.786932 0.04321 0.796229 0.082948
0 0.805785 0.050154 0.811467 0.04321 0.824122 0.07446
0 0.822314 0.054784 0.823864 0.068673 0.782025 0.070216
0 0.819473 0.080247 0.810176 0.068673 0.788223 0.108796
0 0.818957 0.146219 0.828771 0.146219 0.821798 0.097222
0 0.826963 0.075231 0.836002 0.071759 0.837035 0.115741
0 0.843233 0.062886 0.845816 0.073302 0.819473 0.095679
0 0.847366 0.060957 0.857438 0.065972 0.838326 0.116127
0 0.857955 0.057485 0.866219 0.056713 0.862862 0.104938
0 0.86751 0.077932 0.862862 0.068673 0.836777 0.097222
0 0.896952 0.090664 0.891529 0.103781 0.862862 0.078704
0 0.873192 0.066744 0.882748 0.071759 0.866477 0.112269
0 0.896694 0.13233 0.897469 0.145448 0.864928 0.133873
0 0.880424 0.11304 0.889979 0.12037 0.867769 0.160108
0 0.892562 0.18017 0.897986 0.173225 0.877324 0.145833
0 0.893079 0.14892 0.883781 0.143133 0.873709 0.183642
0 0.54313 0.026235 0.549587 0.036651 0.525826 0.055556
0 0.528409 0.043596 0.541064 0.042438 0.5328 0.104167
0 0.560176 0.034336 0.568182 0.044367 0.535124 0.081019
0 0.575155 0.033565 0.5625 0.041281 0.582645 0.084491
0 0.604081 0.0625 0.59814 0.046296 0.566374 0.071759
0 0.714101 0.908951 0.717459 0.92284 0.756973 0.900463
0 0.81999 0.91821 0.825155 0.927855 0.852789 0.892747
0 0.841426 0.927469 0.831095 0.925154 0.84969 0.880401
0 0.846333 0.926312 0.849948 0.932485 0.865961 0.913966
0 0.86751 0.93017 0.859246 0.927083 0.872676 0.895448