0 0.548489 0.473380 0.019499 0.011574
0 0.528344 0.636767 0.019499 0.015046
0 0.636299 0.496720 0.012267 0.028164
0 0.672650 0.450810 0.009039 0.026620
0 0.718427 0.417245 0.015625 0.024306
0 0.735667 0.467110 0.012139 0.024113
0 0.762138 0.383487 0.013946 0.021605
0 0.727789 0.368731 0.009814 0.024112
0 0.723399 0.335938 0.014462 0.006751
0 0.580772 0.303434 0.019499 0.011960
0 0.645468 0.245756 0.008394 0.020834
0 0.677040 0.293885 0.011105 0.024112
0 0.691310 0.205054 0.019499 0.015046
0 0.682012 0.187114 0.016658 0.020834
0 0.680397 0.158082 0.011105 0.022569
0 0.646694 0.175154 0.013946 0.011574
0 0.573864 0.159915 0.007748 0.025849
0 0.591942 0.122686 0.019628 0.016975
0 0.610150 0.076485 0.011105 0.024112
0 0.640754 0.041860 0.007748 0.035108
0 0.599044 0.028260 0.011105 0.024112
0 0.580062 0.022280 0.008781 0.019097
0 0.548296 0.025752 0.014463 0.019097
0 0.553203 0.142940 0.013429 0.025848
0 0.523632 0.134260 0.016787 0.010031
0 0.489411 0.110147 0.014979 0.015047
0 0.515367 0.031829 0.011105 0.015046
0 0.494706 0.033950 0.010073 0.022377
0 0.467717 0.055845 0.013946 0.013310
0 0.447831 0.035976 0.007748 0.023341
0 0.438275 0.025656 0.013430 0.025849
0 0.397275 0.051890 0.022857 0.015047
0 0.377582 0.013407 0.014463 0.018325
0 0.525439 0.173419 0.024536 0.018133
0 0.548231 0.162616 0.012267 0.016590
0 0.557464 0.247106 0.010589 0.027391
0 0.598657 0.209587 0.013946 0.019097
0 0.484375 0.224152 0.017304 0.010031
0 0.420067 0.285205 0.010072 0.028357
0 0.438533 0.329957 0.013946 0.018325
0 0.465522 0.347318 0.010589 0.035687
0 0.460615 0.410108 0.009040 0.021605
0 0.468427 0.425926 0.017950 0.020062
0 0.495738 0.454668 0.016787 0.015818
0 0.428332 0.389660 0.015754 0.030864
0 0.385653 0.402103 0.018465 0.022570
0 0.353048 0.489680 0.012397 0.029128
0 0.333807 0.635996 0.017304 0.026621
0 0.296746 0.775173 0.013430 0.024884
0 0.317600 0.830825 0.016141 0.013503
0 0.371449 0.860918 0.020016 0.016590
0 0.349367 0.893904 0.025180 0.012346
0 0.436661 0.916474 0.012267 0.015818
0 0.452608 0.923129 0.010589 0.012539
0 0.296100 0.860919 0.018853 0.013503
0 0.239799 0.895062 0.024535 0.011574
0 0.453641 0.842207 0.011622 0.022377
0 0.431754 0.856675 0.015625 0.015047
0 0.594266 0.745178 0.021695 0.018133
0 0.622934 0.836613 0.021177 0.015046
0 0.576123 0.860147 0.018983 0.015047
0 0.603241 0.890046 0.019499 0.018519
0 0.687177 0.095872 0.026730 0.016590
0 0.706289 0.111690 0.018466 0.015046
0 0.732890 0.103588 0.020015 0.015046
0 0.705191 0.079283 0.016270 0.013503
0 0.736248 0.060185 0.015625 0.011574
0 0.727014 0.034626 0.007231 0.017554
0 0.715263 0.048611 0.017304 0.011574
0 0.711712 0.030478 0.015625 0.019290
0 0.711131 0.038098 0.010072 0.017554
0 0.738313 0.035687 0.011235 0.025849
0 0.745545 0.026138 0.012267 0.019869
0 0.752324 0.053819 0.012397 0.025849
0 0.771823 0.051408 0.011105 0.024113
0 0.780023 0.030864 0.016142 0.020062
0 0.818181 0.041763 0.014463 0.021798
0 0.814179 0.050540 0.017821 0.019290
0 0.769047 0.102141 0.016658 0.029128
0 0.788546 0.130498 0.006586 0.017554
0 0.803590 0.163580 0.010072 0.031636
0 0.773890 0.158855 0.017304 0.019097
0 0.772146 0.186825 0.015108 0.018326
0 0.714682 0.233796 0.015108 0.019290
0 0.718362 0.278356 0.017821 0.015047
0 0.767949 0.301312 0.010073 0.022377
0 0.739282 0.315104 0.010589 0.014854
0 0.740315 0.341145 0.010589 0.023341
0 0.743156 0.327161 0.011622 0.009259
0 0.766270 0.332948 0.011363 0.022377
0 0.783639 0.298901 0.009943 0.024113
0 0.821539 0.288966 0.012397 0.030864
0 0.838714 0.274787 0.011106 0.019097
0 0.841555 0.230131 0.010072 0.025078
0 0.809143 0.232543 0.007748 0.023341
0 0.805397 0.257620 0.011105 0.023341
0 0.783574 0.220583 0.012397 0.029128
0 0.757037 0.258102 0.015108 0.019290
0 0.836777 0.129726 0.014980 0.034143
0 0.842910 0.117670 0.016142 0.010031
0 0.834840 0.031250 0.010072 0.020834
0 0.767174 0.510127 0.009556 0.024885
0 0.752841 0.495563 0.013430 0.024305
0 0.773631 0.512635 0.010072 0.023342
0 0.771371 0.535880 0.018983 0.013117
0 0.794679 0.595101 0.012397 0.025077
0 0.749096 0.648148 0.010072 0.019290
0 0.744060 0.728106 0.013430 0.029128
0 0.758522 0.752894 0.022211 0.024305
0 0.728306 0.798322 0.013430 0.028357
0 0.723979 0.887056 0.015625 0.012539
0 0.794615 0.409337 0.018983 0.020062
0 0.805397 0.386767 0.011105 0.025078
0 0.790806 0.368731 0.013430 0.024112
0 0.791968 0.327739 0.009040 0.026620
0 0.841555 0.345197 0.008006 0.021798
0 0.847108 0.307581 0.012397 0.029900
0 0.886105 0.282697 0.012397 0.023341
0 0.878357 0.235918 0.021178 0.016590
0 0.878035 0.226851 0.015108 0.021605
0 0.879003 0.186825 0.017820 0.011767
0 0.873321 0.146797 0.017820 0.018133
0 0.891141 0.152296 0.011105 0.019097
0 0.892691 0.109375 0.017304 0.016590
0 0.894628 0.132523 0.013430 0.016590
0 0.886235 0.105517 0.010073 0.015818
0 0.858858 0.036458 0.009039 0.027392
0 0.874354 0.043789 0.011105 0.025849
0 0.888494 0.062404 0.013301 0.014467
0 0.891207 0.073978 0.015625 0.019097
0 0.889721 0.078029 0.006198 0.010996
0 0.877195 0.053723 0.008006 0.013310
0 0.898243 0.349152 0.010847 0.026235
0 0.883264 0.346836 0.009814 0.023919
0 0.865444 0.361786 0.012397 0.024498
0 0.898825 0.417920 0.011235 0.014468
0 0.900568 0.387346 0.012397 0.015432
0 0.876485 0.395061 0.017174 0.013889
0 0.870093 0.430459 0.011363 0.022184
0 0.891207 0.489969 0.015625 0.023919
0 0.881198 0.485339 0.010847 0.028550
0 0.840264 0.487654 0.008523 0.028550
0 0.830385 0.505401 0.018724 0.016204
0 0.853435 0.537905 0.010072 0.030285
0 0.866993 0.523727 0.010847 0.025078
0 0.896888 0.589988 0.008910 0.022184
0 0.861054 0.578222 0.019112 0.015239
0 0.870480 0.602817 0.018337 0.020448
0 0.859052 0.638117 0.017433 0.018518
0 0.799328 0.673708 0.012397 0.017554
0 0.808303 0.695216 0.014850 0.009260
0 0.859246 0.697820 0.009298 0.021412
0 0.877195 0.657311 0.009556 0.022184
0 0.897081 0.669078 0.010073 0.022184
0 0.900568 0.698689 0.007748 0.020833
0 0.813533 0.762153 0.011364 0.020448
0 0.811919 0.771122 0.013559 0.019869
0 0.851756 0.759549 0.016012 0.029128
0 0.776279 0.826967 0.016400 0.015047
0 0.778603 0.831018 0.016400 0.016203
0 0.826833 0.911265 0.015238 0.020834
0 0.851885 0.900559 0.010072 0.030672
0 0.868221 0.894676 0.008652 0.028549
0 0.886235 0.885417 0.011621 0.023920
0 0.897081 0.821759 0.010073 0.025463
0 0.913223 0.908950 0.016012 0.016204
0 0.531314 0.481000 0.017174 0.015625
0 0.061015 0.734954 0.017175 0.026235
0 0.094137 0.653164 0.011622 0.025463
0 0.143983 0.608989 0.017821 0.016590
0 0.215974 0.702932 0.014075 0.023920
0 0.163482 0.586227 0.008781 0.026620
0 0.137719 0.525174 0.017950 0.018711
0 0.096462 0.415991 0.011622 0.034915
0 0.189566 0.358218 0.009298 0.021991
0 0.177298 0.275849 0.016787 0.019290
0 0.144951 0.316165 0.012784 0.025077
0 0.089941 0.314622 0.018724 0.014274
0 0.077480 0.316261 0.012397 0.031443
0 0.122675 0.198303 0.010847 0.027777
0 0.135266 0.166088 0.009685 0.027392
0 0.172457 0.213831 0.015625 0.024499
0 0.268336 0.323109 0.010847 0.029707
0 0.293130 0.238908 0.013946 0.030285
0 0.332257 0.270737 0.022985 0.016782
0 0.342975 0.344908 0.018595 0.016203
0 0.363185 0.311535 0.014076 0.008101
0 0.389140 0.359664 0.016658 0.019097
0 0.394370 0.241513 0.007748 0.021605
0 0.424458 0.224634 0.011622 0.028356
0 0.408962 0.197627 0.016788 0.022183
0 0.436466 0.196181 0.010847 0.022762
0 0.419422 0.165799 0.018595 0.025656
0 0.073993 0.138310 0.011622 0.026620
0 0.116735 0.149306 0.011881 0.026235
0 0.189953 0.131656 0.008523 0.023727
0 0.224045 0.109954 0.018337 0.018519
0 0.207128 0.157408 0.010330 0.026235
0 0.231663 0.191069 0.007748 0.023727
0 0.255811 0.184895 0.011106 0.026813
0 0.273696 0.145544 0.017175 0.019869
0 0.286157 0.153357 0.007748 0.025077
0 0.279959 0.172261 0.017045 0.015046
0 0.328060 0.135417 0.013559 0.018518
0 0.363378 0.094908 0.016012 0.016203
0 0.388753 0.162616 0.012785 0.027392
0 0.399277 0.149016 0.012913 0.026814
0 0.400181 0.128183 0.013172 0.023727
0 0.423877 0.123554 0.018207 0.023727
0 0.444861 0.117766 0.013688 0.014467
0 0.452027 0.147569 0.012526 0.010417
0 0.449896 0.154128 0.014463 0.011960
0 0.292743 0.104649 0.010072 0.022184
0 0.312629 0.079572 0.009556 0.027971
0 0.332128 0.047647 0.017045 0.017361
0 0.313017 0.045332 0.008781 0.017361
0 0.334517 0.016686 0.020274 0.016397
0 0.305978 0.017843 0.011751 0.014082
0 0.310176 0.019001 0.016013 0.021026
0 0.221978 0.016204 0.019370 0.013117
0 0.215780 0.052276 0.010589 0.019676
0 0.245093 0.068576 0.022210 0.015239
0 0.257812 0.108796 0.017950 0.016204
0 0.181302 0.024209 0.022211 0.022184
0 0.141077 0.014371 0.012010 0.018711
0 0.116090 0.010031 0.013688 0.020061
0 0.100401 0.018519 0.019499 0.020061
0 0.094008 0.039545 0.016013 0.015046
0 0.083872 0.073399 0.015883 0.014467
0 0.111441 0.077353 0.024535 0.014275
0 0.053590 0.164641 0.010072 0.021026
0 0.162061 0.883295 0.022985 0.015818
0 0.083678 0.874228 0.017045 0.018518
