0 0.671488 0.419367 0.677169 0.430556 0.685950 0.415702
0 0.699122 0.420525 0.700671 0.432870 0.713972 0.426697
0 0.725465 0.449074 0.729339 0.461034 0.739540 0.450618
0 0.753099 0.429784 0.761364 0.433256 0.759814 0.412037
0 0.777376 0.381559 0.781508 0.383873 0.776343 0.397956
0 0.647469 0.423225 0.653151 0.413966 0.639851 0.404128
0 0.630165 0.497685 0.639463 0.506173 0.640883 0.479938
0 0.686725 0.502315 0.696798 0.497685 0.689308 0.475694
0 0.713326 0.503858 0.718233 0.510802 0.724819 0.496528
0 0.780475 0.442515 0.787707 0.447531 0.787707 0.428820
0 0.821798 0.475694 0.817407 0.487654 0.833032 0.490548
0 0.840909 0.386188 0.848915 0.395062 0.836647 0.407407
0 0.795713 0.418981 0.802428 0.406636 0.809530 0.424383
0 0.811725 0.440586 0.817924 0.432485 0.826188 0.457948
0 0.831095 0.439815 0.824638 0.443287 0.822185 0.425926
0 0.845300 0.365741 0.842975 0.379630 0.827608 0.369792
0 0.811983 0.353781 0.820764 0.361497 0.822314 0.343172
0 0.774019 0.335648 0.782541 0.329475 0.781121 0.353202
0 0.805785 0.324074 0.805010 0.337191 0.787578 0.330632
0 0.752066 0.352623 0.759556 0.353009 0.755811 0.334298
0 0.746126 0.371142 0.753874 0.361497 0.741219 0.351852
0 0.725207 0.318287 0.730630 0.329475 0.716038 0.334105
0 0.659866 0.341821 0.670455 0.344907 0.667355 0.320216
0 0.621126 0.297068 0.615702 0.286265 0.604468 0.299189
0 0.707386 0.241898 0.717200 0.250000 0.720945 0.226852
0 0.714876 0.216821 0.712035 0.230710 0.728564 0.223766
0 0.723399 0.264660 0.733213 0.260802 0.729855 0.285493
0 0.751808 0.297068 0.759556 0.292438 0.753358 0.273534
0 0.740702 0.330247 0.748450 0.335262 0.748063 0.315972
0 0.787965 0.297840 0.799845 0.295910 0.793905 0.272184
0 0.818182 0.322531 0.807335 0.324846 0.812500 0.297261
0 0.820248 0.308642 0.814566 0.301698 0.823993 0.289545
0 0.839618 0.338349 0.849174 0.329090 0.836648 0.310957
0 0.823347 0.320216 0.832645 0.324846 0.833290 0.302470
0 0.889463 0.311343 0.895403 0.297840 0.879778 0.294175
0 0.880940 0.276620 0.884039 0.289352 0.864669 0.289737
0 0.878357 0.297840 0.885847 0.308256 0.869448 0.318288
0 0.889979 0.364583 0.898244 0.358796 0.889076 0.341242
0 0.882490 0.339892 0.889463 0.349923 0.876292 0.359182
0 0.885589 0.374228 0.895919 0.374614 0.890754 0.398726
0 0.849432 0.250772 0.857696 0.244213 0.858600 0.265239
0 0.876033 0.240741 0.885331 0.233410 0.877196 0.213927
0 0.834194 0.216049 0.837810 0.228781 0.850465 0.217786
0 0.868027 0.183642 0.858729 0.184028 0.863378 0.210456
0 0.828254 0.250386 0.839360 0.256559 0.838456 0.227816
0 0.848915 0.238426 0.858988 0.238040 0.853951 0.215664
0 0.853048 0.159722 0.861054 0.159336 0.857051 0.181520
0 0.900568 0.265046 0.907283 0.266204 0.903925 0.249807
0 0.717717 0.133102 0.725981 0.125772 0.729210 0.150078
0 0.755165 0.175540 0.758006 0.163580 0.741993 0.165895
0 0.764205 0.157022 0.757748 0.168210 0.769757 0.177084
0 0.784091 0.145833 0.778926 0.156636 0.764850 0.135609
0 0.789256 0.122685 0.796746 0.125000 0.793001 0.143904
0 0.803719 0.152392 0.795455 0.143519 0.793646 0.167245
0 0.800620 0.146605 0.791322 0.157022 0.800232 0.168596
0 0.809659 0.121528 0.817924 0.121142 0.813792 0.098187
0 0.720300 0.091049 0.719267 0.106867 0.738636 0.098958
0 0.770919 0.117670 0.776601 0.126157 0.784607 0.110146
0 0.784607 0.104167 0.784866 0.116898 0.770403 0.110533
0 0.717975 0.031250 0.723915 0.026235 0.727531 0.045718
0 0.739411 0.042052 0.748709 0.034722 0.750904 0.063850
0 0.781250 0.048225 0.782283 0.060957 0.764592 0.054976
0 0.702996 0.033951 0.712035 0.037423 0.705450 0.056328
0 0.696023 0.071759 0.696798 0.083719 0.711906 0.077739
0 0.666322 0.108410 0.670713 0.123843 0.687629 0.107639
0 0.626808 0.108410 0.627066 0.122685 0.644370 0.115547
0 0.667614 0.159722 0.674070 0.155093 0.665031 0.141783
0 0.656508 0.181713 0.662707 0.174383 0.650956 0.163002
0 0.590909 0.162037 0.592975 0.173997 0.608083 0.164545
0 0.587552 0.093364 0.595558 0.085262 0.600723 0.105902
0 0.638430 0.070216 0.639979 0.084105 0.621126 0.081983
0 0.572314 0.084105 0.580837 0.083333 0.576576 0.103395
0 0.567665 0.149306 0.575930 0.152006 0.575025 0.130016
0 0.600723 0.158565 0.599948 0.170910 0.589230 0.159143
0 0.546229 0.207176 0.553977 0.215278 0.558238 0.196373
0 0.566116 0.209105 0.573605 0.212577 0.573605 0.189622
0 0.533833 0.167052 0.538223 0.177469 0.525181 0.183835
0 0.525052 0.142747 0.533316 0.146991 0.526472 0.165510
0 0.501033 0.125772 0.499225 0.136574 0.515625 0.133295
0 0.496126 0.119599 0.502583 0.125386 0.503358 0.110533
0 0.493027 0.073688 0.490444 0.087191 0.510976 0.086999
0 0.462552 0.102238 0.469008 0.110340 0.474044 0.091821
0 0.456095 0.148534 0.463843 0.148920 0.459969 0.129244
0 0.418130 0.154707 0.427169 0.162423 0.432335 0.138118
0 0.428977 0.123071 0.432851 0.131944 0.441761 0.117477
0 0.414514 0.165895 0.413740 0.179398 0.431948 0.174768
0 0.418647 0.228395 0.427686 0.224151 0.419680 0.203896
0 0.401601 0.248071 0.403151 0.259645 0.387267 0.260802
0 0.414773 0.299383 0.426395 0.295910 0.420584 0.274113
0 0.487345 0.285880 0.486829 0.300540 0.467329 0.293210
0 0.445248 0.376929 0.454804 0.383488 0.457515 0.363040
0 0.391529 0.378472 0.398760 0.371914 0.388688 0.356867
0 0.378874 0.367670 0.385072 0.362269 0.375517 0.348766
0 0.391012 0.439815 0.400310 0.439429 0.395661 0.414159
0 0.292355 0.408565 0.291322 0.423611 0.311596 0.418017
0 0.444731 0.505401 0.454029 0.511574 0.457645 0.486304
0 0.478048 0.501543 0.490186 0.504630 0.485925 0.477238
0 0.513171 0.433256 0.517304 0.445602 0.529184 0.430555
0 0.354597 0.309028 0.357180 0.320216 0.369189 0.310957
0 0.390754 0.161265 0.397986 0.152006 0.385201 0.141782
0 0.407283 0.125000 0.413481 0.116512 0.402118 0.106868
0 0.398760 0.139275 0.408058 0.145833 0.410124 0.122492
0 0.415548 0.122685 0.422262 0.130787 0.429623 0.109761
0 0.322831 0.121914 0.334194 0.137731 0.346074 0.112268
0 0.323605 0.128086 0.333419 0.138117 0.335614 0.112847
0 0.310176 0.109568 0.300103 0.119985 0.312370 0.135416
0 0.285640 0.158179 0.296488 0.163580 0.293517 0.138310
0 0.287965 0.107639 0.296488 0.117670 0.298683 0.097029
0 0.302944 0.016590 0.315341 0.020833 0.307593 0.041088
0 0.332645 0.012731 0.340909 0.020833 0.329287 0.034915
0 0.348399 0.024691 0.340393 0.039352 0.358988 0.045525
0 0.373967 0.037809 0.379132 0.028549 0.383652 0.040123
0 0.389463 0.031636 0.397986 0.027778 0.393725 0.054205
0 0.408316 0.029321 0.402893 0.022762 0.400956 0.047454
0 0.428719 0.015818 0.435434 0.021605 0.427169 0.034915
0 0.448347 0.032022 0.439824 0.023920 0.435563 0.044753
0 0.463843 0.032022 0.473399 0.032793 0.468233 0.057292
0 0.447056 0.017361 0.447056 0.034722 0.462681 0.026042
0 0.484762 0.023920 0.493027 0.010031 0.503099 0.028935
0 0.514463 0.032407 0.505165 0.022762 0.498580 0.043596
0 0.475207 0.018904 0.470816 0.033179 0.484246 0.032022
0 0.275310 0.181327 0.275826 0.194830 0.293905 0.185185
0 0.286932 0.237654 0.300103 0.242670 0.291839 0.268132
0 0.209711 0.165895 0.220816 0.167824 0.215651 0.142168
0 0.238636 0.094136 0.232696 0.112654 0.254261 0.110339
0 0.172004 0.228781 0.178719 0.236883 0.185047 0.217014
0 0.194731 0.182870 0.190341 0.197145 0.175619 0.185764
0 0.131715 0.202932 0.138430 0.215664 0.118027 0.223573
0 0.175878 0.253858 0.183110 0.244985 0.168518 0.235339
0 0.045971 0.194830 0.058884 0.190201 0.052428 0.223766
0 0.071281 0.180170 0.079287 0.188657 0.081095 0.170524
0 0.102789 0.169753 0.115444 0.170139 0.109892 0.142169
0 0.067665 0.304012 0.074380 0.314043 0.084065 0.288966
0 0.070764 0.332562 0.075671 0.320988 0.090134 0.339120
0 0.075671 0.450231 0.084969 0.457562 0.089230 0.434800
0 0.198347 0.399691 0.204029 0.385417 0.187371 0.384645
0 0.227014 0.364583 0.228306 0.380015 0.246772 0.371721
0 0.074380 0.560571 0.083936 0.554012 0.077996 0.531829
0 0.088068 0.521219 0.095041 0.516975 0.091425 0.502314
0 0.066374 0.588735 0.070248 0.602623 0.084452 0.592593
0 0.058110 0.614583 0.065857 0.606481 0.074122 0.632137
0 0.074380 0.724537 0.082903 0.717593 0.073863 0.698495
0 0.159349 0.683256 0.165548 0.676312 0.172262 0.701968
0 0.059401 0.743827 0.066116 0.736111 0.073606 0.763696
0 0.056043 0.797454 0.067924 0.787423 0.071281 0.818866
0 0.114928 0.826389 0.114153 0.841049 0.134943 0.833719
0 0.150826 0.812886 0.156508 0.804784 0.143595 0.798997
0 0.063791 0.861111 0.073089 0.847994 0.082645 0.871721
0 0.244835 0.799769 0.243802 0.814429 0.262138 0.807099
0 0.322831 0.769290 0.326446 0.784722 0.341684 0.770447
0 0.265754 0.849151 0.265238 0.864198 0.244705 0.856675
0 0.276085 0.855324 0.280992 0.870756 0.261105 0.870370
0 0.419680 0.755015 0.432851 0.753472 0.426265 0.785686
0 0.449380 0.847222 0.458678 0.857253 0.445248 0.871528
0 0.400568 0.887731 0.397469 0.902392 0.380682 0.894483
0 0.453512 0.751543 0.461519 0.748457 0.456741 0.722222
0 0.475981 0.749228 0.483729 0.756559 0.473657 0.773534
0 0.497934 0.772377 0.507748 0.771605 0.503358 0.746528
0 0.588585 0.726852 0.586519 0.747299 0.607438 0.737269
0 0.584711 0.819444 0.594267 0.809414 0.599561 0.833719
0 0.638171 0.877701 0.638171 0.894676 0.658703 0.886189
0 0.573089 0.895833 0.581353 0.907793 0.587939 0.893132
0 0.736570 0.826389 0.745351 0.812500 0.757618 0.837963
0 0.726240 0.888117 0.729081 0.898148 0.739153 0.890046
0 0.701705 0.898148 0.702738 0.912037 0.715005 0.905092
0 0.756715 0.902006 0.760072 0.910880 0.768854 0.900656
0 0.750000 0.733025 0.743285 0.751929 0.764592 0.750579
0 0.791839 0.766975 0.796488 0.779321 0.780217 0.782021
0 0.807335 0.836034 0.806302 0.848765 0.823605 0.842399
0 0.845300 0.745370 0.856405 0.749614 0.846332 0.772569
0 0.810950 0.911651 0.814824 0.898148 0.798941 0.895061
0 0.823605 0.909722 0.815341 0.899306 0.829674 0.891975
0 0.845300 0.902006 0.856405 0.910494 0.859505 0.893133
0 0.883006 0.885031 0.890238 0.874614 0.878100 0.871142
0 0.857696 0.881559 0.866994 0.871142 0.854468 0.852238
0 0.895919 0.831404 0.900310 0.822531 0.889850 0.807484
0 0.862345 0.766590 0.875775 0.768904 0.869060 0.794561
0 0.697572 0.729938 0.702996 0.729552 0.700284 0.715857
0 0.708419 0.703318 0.717200 0.702160 0.712809 0.728973
0 0.746126 0.697145 0.753099 0.703318 0.756715 0.688271
0 0.800103 0.731096 0.807335 0.736883 0.810692 0.708140
0 0.825930 0.648534 0.828254 0.662809 0.807593 0.659530
0 0.837552 0.684028 0.844008 0.695216 0.849303 0.678627
0 0.878616 0.664352 0.890496 0.665123 0.884556 0.689815
0 0.899277 0.736497 0.897469 0.747685 0.883652 0.738426
0 0.880682 0.660108 0.886622 0.649306 0.870610 0.640239
0 0.887397 0.625386 0.882748 0.636188 0.871126 0.623071
0 0.877841 0.603781 0.884298 0.591049 0.867382 0.584491
0 0.807335 0.564815 0.807593 0.578704 0.825930 0.571759
0 0.889979 0.622299 0.898502 0.620370 0.894240 0.604745
0 0.895661 0.581404 0.889205 0.584105 0.887655 0.565007
0 0.849174 0.527392 0.849948 0.542438 0.830578 0.534915
0 0.510589 0.229938 0.516271 0.216435 0.527635 0.234182
0 0.641787 0.191744 0.643853 0.201389 0.628745 0.205054
0 0.635589 0.231481 0.643079 0.239583 0.647469 0.221257
0 0.673295 0.220293 0.680269 0.215278 0.672909 0.200810
0 0.695506 0.190586 0.702479 0.201389 0.708419 0.181906
0 0.692407 0.141975 0.693440 0.153935 0.706870 0.147569
0 0.553461 0.184414 0.559401 0.175154 0.549587 0.166281
0 0.546746 0.134259 0.548554 0.143904 0.556302 0.131751
0 0.558884 0.152778 0.551136 0.155864 0.552169 0.131944
0 0.536932 0.027006 0.545971 0.024691 0.544034 0.047261
0 0.598915 0.040509 0.599432 0.051312 0.584453 0.047840
0 0.597107 0.020448 0.606663 0.020062 0.601885 0.039159
0 0.613378 0.022762 0.606147 0.033951 0.619835 0.045139
0 0.657025 0.025463 0.670455 0.020062 0.664773 0.042631
0 0.684917 0.023534 0.692407 0.025849 0.686596 0.049769
0 0.694473 0.022762 0.699122 0.034722 0.686596 0.043789
0 0.801136 0.020062 0.798812 0.030864 0.811467 0.025463
0 0.800620 0.035880 0.804494 0.045525 0.792355 0.050155
0 0.819731 0.036651 0.813275 0.027392 0.807593 0.040702
0 0.832386 0.028164 0.835486 0.037809 0.822314 0.042825
0 0.855630 0.025077 0.859762 0.033951 0.844783 0.039738
0 0.823605 0.053241 0.815599 0.048225 0.812370 0.064622
0 0.880424 0.043981 0.884814 0.055170 0.872675 0.056134
0 0.864411 0.138117 0.873709 0.135417 0.869189 0.156250
0 0.886622 0.136574 0.889205 0.125772 0.877066 0.125193
0 0.873192 0.096836 0.881457 0.102238 0.871901 0.113811
0 0.878357 0.136960 0.881715 0.126929 0.867382 0.131173
0 0.869835 0.077546 0.873192 0.089892 0.856146 0.087963
0 0.884814 0.111883 0.879907 0.118441 0.870480 0.101852
0 0.855372 0.058642 0.864411 0.061343 0.856922 0.082562
0 0.867510 0.035880 0.868285 0.047068 0.852402 0.041474
0 0.848915 0.049769 0.857955 0.050540 0.851757 0.068673
0 0.849174 0.045910 0.854339 0.055170 0.840392 0.063078
0 0.846849 0.047840 0.841167 0.043981 0.836131 0.059606
0 0.121643 0.104938 0.129132 0.095293 0.114670 0.082176
0 0.128616 0.067130 0.135847 0.068673 0.134040 0.048804
0 0.140754 0.015432 0.136622 0.028164 0.156508 0.026427
0 0.144886 0.040895 0.144370 0.054784 0.162836 0.047840
0 0.175362 0.122685 0.185176 0.120370 0.180269 0.094715
0 0.166322 0.021219 0.172779 0.011574 0.178460 0.027006
0 0.205579 0.074074 0.211519 0.062114 0.198993 0.051119
0 0.190341 0.021605 0.197831 0.013889 0.201447 0.029128
0 0.216942 0.069444 0.212035 0.053241 0.228693 0.055363
0 0.248192 0.018519 0.256198 0.010417 0.259943 0.032407
