0 0.61751 0.419367 0.624483 0.429784 0.596591 0.459491
0 0.598915 0.465278 0.601498 0.476852 0.561209 0.490355
0 0.548554 0.436343 0.548554 0.446759 0.515238 0.447145
0 0.50594 0.389275 0.500258 0.442901 0.491736 0.440972
0 0.569731 0.347994 0.573089 0.334491 0.530217 0.31713
0 0.465134 0.362654 0.473657 0.369213 0.491736 0.315586
0 0.51782 0.224923 0.52376 0.231481 0.501033 0.267747
0 0.510847 0.212191 0.517045 0.203318 0.540806 0.241127
0 0.525052 0.212191 0.528409 0.204475 0.545713 0.228781
0 0.56999 0.223765 0.572056 0.234568 0.609504 0.229552
0 0.598657 0.29784 0.607438 0.29591 0.5953 0.254244
0 0.59375 0.260031 0.595558 0.270062 0.568957 0.283951
0 0.625517 0.172454 0.631198 0.184414 0.601498 0.214892
0 0.708936 0.214892 0.714101 0.222608 0.690083 0.25
0 0.681818 0.256173 0.683368 0.267361 0.658833 0.268133
0 0.653667 0.266975 0.661932 0.275849 0.634298 0.314429
0 0.706353 0.266204 0.715134 0.270833 0.696281 0.317515
0 0.735537 0.157793 0.739669 0.150849 0.7172 0.125386
0 0.756198 0.098765 0.758781 0.108025 0.730888 0.117284
0 0.763171 0.148534 0.765754 0.136188 0.729339 0.123457
0 0.6875 0.084491 0.697056 0.07716 0.674845 0.04321
0 0.708936 0.027778 0.711002 0.037037 0.734504 0.021991
0 0.710744 0.054012 0.712293 0.066358 0.737603 0.051312
0 0.746901 0.072531 0.751291 0.082176 0.777118 0.059028
0 0.655217 0.012346 0.658058 0.001157 0.634039 0.002315
0 0.448089 0.096451 0.448089 0.104552 0.417097 0.111883
0 0.368802 0.0625 0.371384 0.048997 0.334194 0.037037
0 0.372417 0.01659 0.370868 0.022762 0.395403 0.025463
0 0.285899 0.160108 0.293388 0.151235 0.268337 0.118056
0 0.216684 0.05787 0.211002 0.110725 0.203771 0.109954
0 0.175878 0.028549 0.181302 0.035494 0.158833 0.061728
0 0.120093 0.09375 0.130165 0.091435 0.120351 0.045139
0 0.093233 0.043596 0.10124 0.03588 0.118285 0.092593
0 0.096074 0.000386 0.103306 0.001929 0.088843 0.05054
0 0.111829 0.001157 0.105114 0.000386 0.110537 0.034336
0 0.124483 0.001157 0.13249 0.0 0.144112 0.020448
0 0.160382 0.0 0.16813 0.000386 0.180785 0.01929
0 0.079545 0.106481 0.083936 0.116127 0.108213 0.076775
0 0.104597 0.08912 0.114411 0.091435 0.097624 0.141975
0 0.081612 0.133102 0.089618 0.129244 0.092975 0.182099
0 0.133781 0.15162 0.143595 0.157022 0.122159 0.211034
0 0.127066 0.096065 0.136105 0.101466 0.104597 0.156636
0 0.110279 0.109182 0.115702 0.114969 0.096333 0.157793
0 0.07438 0.275463 0.079287 0.28588 0.09814 0.255787
0 0.124742 0.296296 0.134298 0.298225 0.127324 0.338735
0 0.105888 0.336034 0.116477 0.33179 0.122676 0.400849
0 0.14437 0.353009 0.152118 0.357253 0.138171 0.404321
0 0.071281 0.423997 0.072314 0.436728 0.110279 0.417052
0 0.19499 0.387731 0.198089 0.397377 0.17407 0.411265
0 0.166581 0.301312 0.174845 0.29591 0.182851 0.33642
0 0.190857 0.265818 0.199638 0.263117 0.186209 0.220293
0 0.194731 0.283951 0.197056 0.270062 0.161674 0.273534
0 0.264979 0.287037 0.271436 0.28125 0.255424 0.244985
0 0.258006 0.403935 0.26188 0.398148 0.27531 0.429012
0 0.240702 0.484954 0.248967 0.478781 0.228564 0.438657
0 0.206095 0.493827 0.207128 0.503858 0.177169 0.512346
0 0.323089 0.450231 0.330579 0.442901 0.30656 0.402778
0 0.313791 0.483025 0.322056 0.480324 0.322056 0.530478
0 0.231921 0.534722 0.232955 0.521991 0.26937 0.539738
0 0.271952 0.592593 0.278926 0.596836 0.290548 0.556713
0 0.235795 0.570988 0.239411 0.561343 0.269112 0.598765
0 0.201705 0.572531 0.205579 0.561728 0.24251 0.589506
0 0.160124 0.595293 0.164773 0.584105 0.196281 0.62037
0 0.139463 0.643133 0.148502 0.646991 0.157025 0.599923
0 0.115961 0.619599 0.122676 0.623843 0.106405 0.663966
0 0.128616 0.575231 0.139979 0.578318 0.123967 0.634645
0 0.137913 0.571373 0.144886 0.567901 0.13249 0.535108
0 0.093492 0.540895 0.099432 0.52662 0.129649 0.566358
0 0.140238 0.477238 0.146694 0.477623 0.13843 0.520833
0 0.116736 0.513503 0.124742 0.511574 0.116736 0.467207
0 0.143079 0.442901 0.151343 0.449846 0.131715 0.489583
0 0.13843 0.437886 0.148502 0.43287 0.149535 0.482639
0 0.137138 0.403549 0.145145 0.407022 0.12939 0.451003
0 0.070506 0.524306 0.077221 0.518519 0.087293 0.559799
0 0.068698 0.508873 0.075413 0.511574 0.082645 0.464506
0 0.065857 0.497685 0.067924 0.508488 0.099432 0.479167
0 0.06844 0.581019 0.06844 0.59375 0.115702 0.590278
0 0.068182 0.559799 0.07593 0.554398 0.084969 0.606481
0 0.071281 0.603395 0.079804 0.599151 0.086519 0.635031
0 0.065083 0.614583 0.072831 0.606481 0.091167 0.644676
0 0.080579 0.645833 0.08936 0.649691 0.075155 0.705247
0 0.09375 0.697531 0.096849 0.706404 0.124225 0.682485
0 0.060692 0.727623 0.06999 0.729938 0.0625 0.78125
0 0.102014 0.710262 0.112087 0.714506 0.096591 0.760417
0 0.071281 0.779707 0.077221 0.76929 0.105888 0.809028
0 0.082386 0.809414 0.086519 0.820216 0.11906 0.789352
0 0.094783 0.768519 0.094525 0.780093 0.130165 0.779707
0 0.09969 0.759645 0.10124 0.768133 0.12655 0.749228
0 0.138171 0.738426 0.14876 0.731096 0.158833 0.782022
0 0.139979 0.704861 0.144886 0.712191 0.12061 0.740355
0 0.174845 0.682485 0.174587 0.692515 0.204545 0.68287
0 0.154442 0.66821 0.161932 0.668981 0.153667 0.712191
0 0.146436 0.666281 0.154184 0.662423 0.157283 0.712577
0 0.174329 0.763117 0.179236 0.752701 0.206095 0.789352
0 0.191374 0.763503 0.19499 0.751929 0.229855 0.773148
0 0.229855 0.783565 0.236054 0.777778 0.25155 0.81983
0 0.222366 0.8125 0.223915 0.803241 0.196023 0.798997
0 0.243543 0.749614 0.25 0.744213 0.259556 0.778549
0 0.236054 0.731867 0.244318 0.729552 0.250258 0.778549
0 0.271952 0.708719 0.276343 0.721836 0.247417 0.732639
0 0.2828 0.74537 0.289514 0.742284 0.297779 0.785108
0 0.283058 0.758102 0.283833 0.771219 0.317407 0.757716
0 0.290289 0.712191 0.292355 0.72338 0.328771 0.704475
0 0.347366 0.699846 0.350723 0.705633 0.328771 0.73071
0 0.354081 0.693673 0.360537 0.699846 0.33936 0.738426
0 0.397727 0.713349 0.404184 0.70679 0.383523 0.676312
0 0.42562 0.704475 0.428719 0.69483 0.393079 0.674769
0 0.44499 0.67091 0.444473 0.683256 0.406508 0.67091
0 0.447831 0.768904 0.451446 0.756559 0.414256 0.738812
0 0.447314 0.775463 0.445764 0.786651 0.41219 0.76659
0 0.472366 0.759645 0.475207 0.749614 0.503616 0.773534
0 0.487087 0.79591 0.490186 0.808256 0.457386 0.816358
0 0.427169 0.892747 0.43595 0.895448 0.440083 0.83912
0 0.399535 0.840664 0.399535 0.852623 0.364928 0.844907
0 0.394628 0.892361 0.396952 0.902778 0.365702 0.908179
0 0.398244 0.896219 0.392562 0.892747 0.403151 0.86034
0 0.441116 0.904707 0.440857 0.893133 0.419421 0.912809
0 0.435176 0.895833 0.43595 0.903549 0.412965 0.903549
0 0.475207 0.892747 0.47469 0.904707 0.446281 0.900463
0 0.484762 0.919367 0.491736 0.91088 0.469525 0.89429
0 0.488636 0.875 0.495868 0.877315 0.497417 0.841435
0 0.536932 0.87037 0.536932 0.88233 0.500775 0.870756
0 0.547262 0.906636 0.557593 0.902392 0.542355 0.853395
0 0.60718 0.912423 0.610795 0.901235 0.576188 0.901235
0 0.596849 0.897377 0.597107 0.909336 0.569215 0.895062
0 0.664514 0.852238 0.666581 0.865741 0.618027 0.873457
0 0.701963 0.902392 0.704545 0.88966 0.665548 0.881173
0 0.791839 0.879244 0.788998 0.887346 0.767304 0.871528
0 0.791064 0.885417 0.790806 0.896605 0.752066 0.875
0 0.813017 0.89892 0.81844 0.907022 0.840909 0.873843
0 0.859504 0.873457 0.865702 0.875772 0.867252 0.837191
0 0.897211 0.907022 0.905217 0.909722 0.906508 0.871528
0 0.942665 0.884645 0.946539 0.876929 0.921229 0.868441
0 0.935434 0.78125 0.936209 0.794367 0.90186 0.792438
0 0.887655 0.764275 0.896952 0.771991 0.909607 0.714892
0 0.856147 0.803627 0.861829 0.805556 0.868027 0.766204
0 0.832645 0.802083 0.842459 0.804784 0.839876 0.744599
0 0.834711 0.712963 0.834452 0.724151 0.795713 0.718364
0 0.784607 0.755787 0.792872 0.755015 0.785382 0.708719
0 0.755682 0.748843 0.762397 0.756944 0.741219 0.793596
0 0.71126 0.724151 0.717975 0.732639 0.739928 0.693287
0 0.707128 0.789352 0.709194 0.777006 0.670971 0.768133
0 0.703512 0.822917 0.704029 0.832176 0.673812 0.829475
0 0.702738 0.832562 0.711777 0.835648 0.713068 0.785494
0 0.62345 0.809028 0.63094 0.813272 0.639463 0.769676
0 0.625258 0.73071 0.62655 0.741898 0.595558 0.741898
0 0.636364 0.735725 0.640754 0.72608 0.609504 0.710262
0 0.56999 0.690201 0.567665 0.704861 0.60718 0.718364
0 0.63688 0.687886 0.63688 0.699846 0.606663 0.695216
0 0.667355 0.717593 0.673295 0.709877 0.64876 0.674383
0 0.705837 0.602238 0.710227 0.612654 0.679494 0.63233
0 0.738636 0.549769 0.744318 0.539738 0.767562 0.582562
0 0.676911 0.412037 0.684143 0.403935 0.707645 0.449074
0 0.658058 0.396605 0.662965 0.40625 0.680269 0.383102
0 0.724948 0.378472 0.719525 0.386188 0.692149 0.354552
0 0.679236 0.343364 0.687242 0.347608 0.692149 0.304012
0 0.761105 0.389275 0.764205 0.402778 0.789514 0.376543
0 0.826705 0.365355 0.834969 0.370756 0.811467 0.41088
0 0.83781 0.302083 0.829804 0.35108 0.820506 0.345293
0 0.869576 0.383873 0.870351 0.394676 0.838585 0.393519
0 0.875 0.402006 0.884298 0.402392 0.878099 0.346836
0 0.892304 0.346451 0.900052 0.342593 0.878099 0.299383
0 0.933368 0.362654 0.939566 0.374228 0.909349 0.40625
0 0.936467 0.42554 0.93905 0.438272 0.907283 0.439815
0 0.934143 0.356096 0.939824 0.353009 0.930269 0.321373
0 0.914773 0.302083 0.922779 0.305556 0.912448 0.346065
0 0.932076 0.290123 0.93595 0.278549 0.9047 0.262731
0 0.909091 0.25733 0.918905 0.251929 0.895403 0.204861
0 0.921746 0.253086 0.929494 0.253086 0.917355 0.210262
0 0.850981 0.268904 0.857955 0.265432 0.861312 0.309414
0 0.851756 0.256173 0.860279 0.251929 0.865444 0.305556
0 0.813275 0.222994 0.815857 0.214892 0.834452 0.234954
0 0.78874 0.213349 0.793647 0.205633 0.806302 0.231867
0 0.844267 0.167052 0.847624 0.17554 0.813533 0.199074
0 0.740702 0.26466 0.746901 0.273534 0.76782 0.234568
0 0.813791 0.09838 0.821023 0.100309 0.809659 0.147377
0 0.889979 0.12963 0.89282 0.140432 0.858213 0.153935
0 0.927428 0.11034 0.93156 0.119985 0.907025 0.146219
0 0.922004 0.069059 0.927944 0.080633 0.897986 0.111497
0 0.84814 0.081404 0.856405 0.088735 0.868802 0.051312
0 0.899277 0.060957 0.902634 0.049769 0.873709 0.037809
0 0.852014 0.012731 0.849432 0.023148 0.883006 0.03588
0 0.866219 0.00463 0.864153 0.018904 0.912965 0.032793
0 0.802686 0.027778 0.804494 0.037423 0.830579 0.021605
0 0.774535 0.003086 0.7828 0.000386 0.803202 0.02392
0 0.395919 0.188657 0.406767 0.188657 0.408058 0.255401
0 0.353048 0.31983 0.356663 0.305556 0.327996 0.287037
0 0.36157 0.397762 0.36906 0.392747 0.353306 0.351852
0 0.377583 0.425154 0.384814 0.435185 0.402893 0.390046
0 0.369318 0.552083 0.365186 0.538966 0.406508 0.520448
0 0.275826 0.653549 0.27531 0.667824 0.318698 0.662423
0 0.4047 0.810185 0.411415 0.802855 0.389979 0.761188
0 0.338068 0.85841 0.336777 0.872299 0.304494 0.859568
0 0.291322 0.830247 0.297262 0.841821 0.326188 0.80054
0 0.275052 0.880015 0.284091 0.879244 0.276601 0.82909
0 0.241477 0.877701 0.240961 0.892361 0.277634 0.890818
0 0.249225 0.900077 0.249225 0.907793 0.235537 0.904707
0 0.199122 0.866898 0.200671 0.881559 0.234762 0.859954
0 0.164514 0.82446 0.167872 0.813657 0.198347 0.83912
0 0.125517 0.829475 0.13094 0.837577 0.153667 0.799769
0 0.119835 0.814429 0.125517 0.804398 0.145919 0.837577
0 0.094008 0.842593 0.097366 0.83179 0.128357 0.855324
0 0.104855 0.873071 0.107438 0.883488 0.137138 0.861497
0 0.135331 0.874614 0.13843 0.884259 0.110795 0.893904
0 0.150826 0.891975 0.152118 0.900849 0.119576 0.902392
0 0.162965 0.888889 0.15625 0.896605 0.141529 0.863812
0 0.172521 0.899691 0.177169 0.890432 0.151601 0.868827
0 0.184659 0.866898 0.18311 0.877701 0.155992 0.865355
0 0.18905 0.890432 0.182335 0.882716 0.202221 0.859568
0 0.455062 0.678627 0.45687 0.689429 0.48812 0.666281
0 0.474432 0.684028 0.483988 0.676312 0.500258 0.737654
0 0.506973 0.640432 0.509556 0.650463 0.482696 0.655093
0 0.524793 0.55054 0.520661 0.564043 0.552944 0.579861
0 0.561209 0.577546 0.571798 0.583333 0.551395 0.63233
0 0.54313 0.815972 0.542355 0.82909 0.586002 0.819444
0 0.628874 0.626929 0.633781 0.615355 0.597624 0.589892
0 0.581095 0.598765 0.588585 0.599923 0.584194 0.641204
0 0.622417 0.512346 0.628616 0.522377 0.602531 0.553241
0 0.797262 0.656636 0.798554 0.673225 0.760072 0.670525
0 0.839876 0.621914 0.850465 0.628472 0.854855 0.582948
0 0.863895 0.654707 0.865961 0.698302 0.856147 0.695602
0 0.939566 0.743441 0.947056 0.734954 0.926911 0.691358
0 0.921229 0.645448 0.928202 0.650849 0.904959 0.694059
0 0.929494 0.609954 0.934143 0.618056 0.911674 0.640432
0 0.943698 0.627701 0.948864 0.616898 0.927686 0.589892
0 0.91064 0.568287 0.917355 0.574074 0.898502 0.619599
0 0.789514 0.849151 0.796488 0.850694 0.79907 0.803241
0 0.935434 0.510802 0.937758 0.495756 0.892045 0.486883
0 0.850465 0.445602 0.856921 0.451003 0.839876 0.48341
0 0.854081 0.437114 0.86312 0.443673 0.842459 0.496528