0 0.189308 0.418981 0.199380 0.411265 0.187242 0.395640
0 0.210486 0.358796 0.206353 0.342207 0.228048 0.344522
0 0.285899 0.282022 0.295971 0.283565 0.290935 0.312114
0 0.348399 0.310571 0.352273 0.298611 0.336777 0.295524
0 0.385589 0.349537 0.391529 0.340664 0.375517 0.333912
0 0.400568 0.330247 0.405733 0.324074 0.389591 0.311342
0 0.396694 0.274691 0.397727 0.259645 0.384555 0.265625
0 0.423812 0.283565 0.430785 0.266975 0.416709 0.271605
0 0.428977 0.206790 0.438017 0.206790 0.433497 0.235339
0 0.360537 0.221836 0.369576 0.217207 0.365057 0.200810
0 0.335227 0.199460 0.330320 0.209877 0.343363 0.218172
0 0.357438 0.239969 0.368543 0.236883 0.362990 0.260224
0 0.285899 0.248843 0.285899 0.260802 0.265755 0.254823
0 0.227531 0.303241 0.240702 0.289738 0.225594 0.280671
0 0.173295 0.297068 0.178202 0.282022 0.196927 0.297068
0 0.151085 0.235340 0.155992 0.248843 0.166710 0.230903
0 0.170196 0.146605 0.180269 0.151235 0.173167 0.171489
0 0.164256 0.247299 0.175103 0.239969 0.164643 0.216628
0 0.154959 0.130015 0.160124 0.140818 0.171100 0.128665
0 0.202479 0.112269 0.187242 0.116512 0.194860 0.142169
0 0.166064 0.107639 0.170196 0.124228 0.182722 0.105324
0 0.222624 0.064043 0.217459 0.054784 0.208419 0.066165
0 0.269886 0.076003 0.266787 0.094136 0.252711 0.085069
0 0.243543 0.099923 0.242769 0.084877 0.227531 0.092400
0 0.253616 0.136188 0.247676 0.116512 0.231534 0.126350
0 0.267820 0.169367 0.260847 0.158565 0.275439 0.152778
0 0.275826 0.197917 0.270919 0.187114 0.286027 0.174576
0 0.313017 0.181327 0.324122 0.175154 0.321152 0.204475
0 0.359504 0.139275 0.363378 0.151235 0.347365 0.155672
0 0.374483 0.190201 0.383523 0.185957 0.376033 0.173033
0 0.362345 0.103009 0.375517 0.104552 0.368931 0.129437
0 0.381457 0.118056 0.392562 0.125772 0.383006 0.142169
0 0.147986 0.576775 0.160124 0.575231 0.154055 0.601659
0 0.161157 0.501543 0.155992 0.515046 0.150568 0.500772
0 0.164256 0.407022 0.173295 0.414352 0.163223 0.432485
0 0.157025 0.450617 0.162190 0.442901 0.169680 0.455632
0 0.255682 0.500000 0.253616 0.484954 0.274794 0.483603
0 0.298037 0.563272 0.292097 0.581404 0.279958 0.564814
0 0.326188 0.452160 0.339360 0.462577 0.322701 0.477623
0 0.336260 0.489583 0.343233 0.474537 0.348786 0.491898
0 0.394628 0.521219 0.391529 0.501543 0.375000 0.511381
0 0.389721 0.447531 0.382490 0.459491 0.373063 0.438464
0 0.317149 0.427855 0.325155 0.445988 0.335228 0.426505
0 0.391529 0.375386 0.397727 0.382716 0.384555 0.400077
0 0.417872 0.330247 0.424845 0.333333 0.415806 0.351273
0 0.403667 0.501543 0.411674 0.511960 0.419292 0.490162
0 0.393595 0.546682 0.402634 0.548225 0.406766 0.524112
0 0.418905 0.536265 0.412707 0.522762 0.423812 0.515239
0 0.451963 0.527006 0.455062 0.543596 0.438404 0.540702
0 0.464101 0.549769 0.469267 0.540895 0.480759 0.558063
0 0.427944 0.629630 0.430785 0.613040 0.448089 0.618248
0 0.389721 0.653549 0.393595 0.636960 0.379520 0.640818
0 0.447056 0.739198 0.446023 0.721065 0.467201 0.729360
0 0.410640 0.888117 0.407800 0.876157 0.423812 0.866320
0 0.493285 0.919753 0.482180 0.904707 0.469137 0.912230
0 0.292097 0.918210 0.301136 0.909336 0.294551 0.890432
0 0.211519 0.834105 0.213585 0.820602 0.234633 0.838542
0 0.203512 0.755787 0.211519 0.758873 0.204933 0.783565
0 0.236570 0.915123 0.245610 0.906250 0.233600 0.888117
0 0.159091 0.906250 0.154184 0.889660 0.173812 0.886574
0 0.143079 0.876157 0.150052 0.891204 0.165160 0.869406
0 0.142045 0.873071 0.154184 0.866898 0.146048 0.845293
0 0.145145 0.785880 0.153151 0.785880 0.153151 0.812115
0 0.640238 0.627701 0.650310 0.640046 0.653797 0.615934
0 0.650310 0.609954 0.659349 0.599151 0.647727 0.590278
0 0.629132 0.564815 0.638171 0.564815 0.633652 0.538388
0 0.675362 0.527006 0.669421 0.510417 0.689050 0.512732
0 0.761880 0.543596 0.769112 0.554012 0.756973 0.569252
0 0.795196 0.549769 0.805269 0.554012 0.796229 0.583527
0 0.674329 0.655093 0.685434 0.667052 0.689954 0.638503
0 0.740961 0.668596 0.744835 0.652006 0.760589 0.660301
0 0.784091 0.650463 0.790289 0.640046 0.795713 0.655864
0 0.772986 0.715278 0.769112 0.702932 0.784737 0.700232
0 0.724690 0.675926 0.732696 0.665509 0.738249 0.686535
0 0.708678 0.701389 0.715651 0.692515 0.717201 0.720293
0 0.707645 0.745370 0.708678 0.730324 0.686467 0.737847
0 0.655217 0.767747 0.651343 0.760417 0.643724 0.773920
0 0.643079 0.866898 0.639205 0.850309 0.627066 0.860147
0 0.659349 0.888117 0.658316 0.876157 0.672908 0.874614
0 0.671488 0.827932 0.683368 0.819059 0.689050 0.845293
0 0.729855 0.865355 0.734762 0.854938 0.716684 0.845101
0 0.730888 0.821759 0.732696 0.835262 0.747934 0.825617
0 0.694473 0.864198 0.700671 0.869985 0.688533 0.883681
0 0.798295 0.809799 0.806302 0.796296 0.787707 0.793210
0 0.820248 0.812886 0.833419 0.808256 0.821410 0.785108
0 0.845558 0.823302 0.845558 0.805170 0.863637 0.814236
0 0.875775 0.701389 0.885847 0.704475 0.877325 0.730903
0 0.912965 0.719522 0.924070 0.722608 0.915547 0.743634
0 0.936209 0.784336 0.930010 0.769290 0.921617 0.776813
0 0.899793 0.819059 0.909866 0.806713 0.899793 0.792631
0 0.912965 0.842978 0.901860 0.829475 0.912965 0.815972
0 0.738895 0.936343 0.740961 0.918210 0.726369 0.922647
0 0.764979 0.925540 0.760847 0.922068 0.746900 0.914545
0 0.762913 0.916667 0.754907 0.913580 0.758910 0.898534
0 0.825413 0.927083 0.835486 0.927083 0.830449 0.902971
0 0.840393 0.925540 0.850465 0.928627 0.846978 0.899306
0 0.939050 0.804012 0.946281 0.811343 0.933626 0.827932
0 0.934143 0.745370 0.945248 0.742284 0.939696 0.711419
0 0.924070 0.704475 0.931043 0.707562 0.932593 0.694059
0 0.918130 0.642747 0.918130 0.642747 0.924586 0.621914
0 0.842459 0.575231 0.851498 0.575231 0.846978 0.599344
0 0.916064 0.925540 0.926136 0.919753 0.918517 0.906829
0 0.905992 0.880401 0.916064 0.873071 0.908962 0.854938
0 0.906767 0.898534 0.912965 0.893133 0.909479 0.889468
0 0.902634 0.930941 0.910382 0.925540 0.901472 0.908950
0 0.883523 0.916281 0.877324 0.902392 0.892046 0.909336
0 0.870868 0.925540 0.876550 0.915123 0.866348 0.907215
0 0.854597 0.912037 0.858213 0.899306 0.872547 0.910880
0 0.849690 0.555941 0.856921 0.552855 0.852014 0.524498
0 0.869576 0.565586 0.877324 0.562114 0.869835 0.539737
0 0.891271 0.546682 0.905217 0.554784 0.892304 0.574460
0 0.892045 0.447917 0.901085 0.441358 0.900052 0.466050
0 0.930527 0.417438 0.940599 0.424769 0.928203 0.447338
0 0.936983 0.452932 0.930010 0.452932 0.929623 0.473959
0 0.946798 0.489969 0.948089 0.503472 0.933755 0.501350
0 0.929236 0.494985 0.939824 0.498071 0.932722 0.516011
0 0.936209 0.519290 0.943182 0.525463 0.932335 0.538773
0 0.909607 0.566358 0.923554 0.568673 0.916581 0.591050
0 0.937758 0.579090 0.939824 0.587577 0.927557 0.585456
0 0.898244 0.547454 0.905217 0.554784 0.904313 0.533758
0 0.843492 0.447917 0.842717 0.457176 0.827996 0.452547
0 0.837810 0.388117 0.844783 0.401620 0.831482 0.409529
0 0.802686 0.399306 0.808368 0.408951 0.792872 0.413002
0 0.785899 0.364969 0.793647 0.353395 0.800620 0.370178
0 0.732438 0.441358 0.736570 0.427855 0.746514 0.437886
0 0.758523 0.463735 0.754132 0.452932 0.767562 0.451004
0 0.861829 0.407022 0.870093 0.399306 0.861700 0.380595
0 0.866736 0.373071 0.854597 0.369213 0.860667 0.342207
0 0.933368 0.337577 0.932851 0.347994 0.916839 0.335841
0 0.917872 0.405864 0.926395 0.402778 0.922133 0.376350
0 0.680527 0.357639 0.684659 0.367284 0.694473 0.350888
0 0.603822 0.376543 0.614411 0.375386 0.609117 0.402778
0 0.579804 0.375386 0.579287 0.392361 0.559530 0.383873
0 0.547521 0.341821 0.551911 0.351466 0.536028 0.361882
0 0.511622 0.302083 0.517304 0.293596 0.524277 0.316165
0 0.527893 0.282022 0.525826 0.263117 0.538868 0.270448
0 0.602273 0.337577 0.612345 0.330247 0.602789 0.311921
0 0.560950 0.227623 0.569473 0.222222 0.572831 0.237461
0 0.591942 0.233796 0.586260 0.222222 0.600336 0.212770
0 0.597366 0.184414 0.605114 0.186343 0.601240 0.163774
0 0.575671 0.139275 0.576446 0.128858 0.594267 0.134645
0 0.631198 0.207562 0.641012 0.205247 0.635460 0.183835
0 0.625517 0.219136 0.629907 0.227623 0.615831 0.234375
0 0.642562 0.235725 0.635331 0.230710 0.635460 0.240162
0 0.660640 0.245370 0.655733 0.236883 0.649406 0.251158
0 0.663481 0.229552 0.656508 0.230710 0.659995 0.213349
0 0.667872 0.216049 0.673295 0.202160 0.682593 0.216435
0 0.702221 0.141204 0.709969 0.149691 0.697959 0.165510
0 0.713585 0.226466 0.722624 0.216821 0.711002 0.209105
0 0.669163 0.126543 0.677686 0.135031 0.659349 0.148726
0 0.626291 0.063657 0.631198 0.076389 0.614282 0.071952
0 0.636105 0.060571 0.626291 0.063657 0.633265 0.082562
0 0.638946 0.063657 0.635331 0.075231 0.645919 0.085648
0 0.660640 0.070988 0.667872 0.075231 0.665289 0.095679
0 0.680527 0.088735 0.678977 0.102623 0.667097 0.095679
0 0.684659 0.078318 0.693698 0.076389 0.690211 0.097801
0 0.699380 0.063657 0.690857 0.072917 0.703900 0.085069
0 0.728822 0.072917 0.720558 0.081404 0.731793 0.092978
0 0.743802 0.065586 0.736054 0.074074 0.750387 0.085069
0 0.766787 0.064815 0.757748 0.070988 0.769757 0.081018
0 0.776085 0.094136 0.770403 0.102623 0.781250 0.108217
0 0.738895 0.127701 0.747934 0.124614 0.746901 0.153935
0 0.768337 0.229552 0.759814 0.219136 0.770403 0.210648
0 0.792872 0.203318 0.782283 0.199074 0.793260 0.179206
0 0.805527 0.167438 0.815341 0.165509 0.814696 0.187500
0 0.797779 0.238040 0.806302 0.244213 0.808368 0.230131
0 0.770403 0.317901 0.783058 0.316744 0.777376 0.296875
0 0.754907 0.273534 0.761880 0.268519 0.752453 0.250964
0 0.733729 0.302083 0.740961 0.296682 0.733213 0.288966
0 0.692407 0.270448 0.687500 0.254630 0.698347 0.261575
0 0.816116 0.299769 0.823089 0.297840 0.816374 0.274113
0 0.844267 0.283179 0.853306 0.278935 0.851627 0.303048
0 0.904700 0.286265 0.910899 0.290509 0.902892 0.308256
0 0.847107 0.256944 0.847107 0.269290 0.857309 0.254629
0 0.858213 0.217978 0.860279 0.232639 0.846591 0.228588
0 0.858213 0.173997 0.863120 0.180170 0.852660 0.190779
0 0.864669 0.145448 0.872934 0.148534 0.868414 0.168017
0 0.880682 0.182099 0.868027 0.183256 0.874354 0.208527
0 0.925103 0.217978 0.916581 0.207562 0.913868 0.220679
0 0.923554 0.253858 0.930785 0.248457 0.925749 0.240162
0 0.932851 0.228395 0.943957 0.238040 0.931689 0.246335
0 0.930785 0.291667 0.932851 0.277778 0.915547 0.284722
0 0.930785 0.272762 0.920196 0.286265 0.918389 0.272184
0 0.800620 0.084491 0.811209 0.077160 0.811209 0.112847
0 0.821798 0.076389 0.816890 0.085648 0.830966 0.095679
0 0.858988 0.068673 0.866736 0.076389 0.855889 0.091821
0 0.870868 0.091821 0.863120 0.086806 0.858600 0.111883
0 0.877841 0.089892 0.873709 0.081404 0.869060 0.100887
0 0.915289 0.094136 0.914514 0.081404 0.900439 0.089313
0 0.899019 0.084491 0.907541 0.091049 0.893466 0.103974
0 0.885072 0.145448 0.888430 0.136960 0.876550 0.131752
0 0.949638 0.097222 0.955320 0.094136 0.952479 0.128665
0 0.927944 0.149691 0.917355 0.143519 0.915289 0.172261
0 0.898244 0.133102 0.902634 0.136188 0.896307 0.149305
0 0.928461 0.135031 0.923554 0.128858 0.916968 0.143518
0 0.928461 0.091821 0.932076 0.102623 0.921488 0.107060
0 0.925878 0.114198 0.927944 0.127701 0.916322 0.121914
0 0.922262 0.091821 0.923037 0.109954 0.912448 0.103010
0 0.901860 0.120370 0.908058 0.113040 0.899018 0.114005
0 0.932851 0.197145 0.943957 0.197145 0.938404 0.172839
0 0.928461 0.180170 0.941116 0.179012 0.934789 0.164352
0 0.329029 0.141590 0.333161 0.130787 0.321281 0.124614
0 0.306560 0.061728 0.313533 0.057485 0.314308 0.084684
0 0.317665 0.074074 0.317665 0.061728 0.330707 0.067901
0 0.339618 0.063657 0.351498 0.067901 0.353951 0.073109
0 0.347882 0.055170 0.351498 0.067901 0.364153 0.061150
0 0.385331 0.076389 0.381715 0.061728 0.366607 0.076388
0 0.388171 0.061728 0.397211 0.063657 0.392691 0.085262
0 0.413998 0.067901 0.420455 0.075231 0.405992 0.078897
0 0.420971 0.077160 0.410640 0.074074 0.409478 0.094522
0 0.423812 0.056327 0.434401 0.062500 0.420326 0.086806
0 0.419680 0.098380 0.428202 0.087963 0.430914 0.114198
0 0.414773 0.123457 0.426653 0.117284 0.422521 0.149885
0 0.469008 0.156250 0.474432 0.164352 0.459711 0.172453
0 0.494835 0.171682 0.485021 0.158179 0.505811 0.155479
0 0.493543 0.133102 0.491994 0.148920 0.505036 0.141011
0 0.547521 0.153935 0.553202 0.142361 0.537448 0.137153
0 0.504649 0.178241 0.507490 0.165509 0.525826 0.171875
0 0.519628 0.233796 0.516012 0.227623 0.526601 0.213927
0 0.501291 0.261188 0.511880 0.250772 0.495997 0.233796
0 0.593233 0.095293 0.591167 0.085648 0.573993 0.097801
0 0.526601 0.100309 0.526601 0.088735 0.542743 0.094522
0 0.514463 0.061728 0.522986 0.056327 0.522211 0.075810
0 0.521694 0.092978 0.520919 0.077160 0.540547 0.085069
0 0.502583 0.072145 0.511105 0.077160 0.505165 0.092592
0 0.478822 0.118441 0.484246 0.123457 0.486828 0.108217
0 0.501291 0.056327 0.507490 0.061728 0.495223 0.072145
0 0.474432 0.072145 0.483729 0.067901 0.482180 0.089892
0 0.477273 0.057485 0.483729 0.063657 0.472495 0.068480
0 0.459711 0.072145 0.466684 0.066744 0.465392 0.083141
0 0.458419 0.092978 0.469008 0.087963 0.465780 0.109954
0 0.434401 0.069830 0.439308 0.061728 0.445635 0.083140
0 0.434401 0.077160 0.441374 0.077160 0.437887 0.092013
