0 0.061209 0.481481 0.069990 0.503472 0.102015 0.465664
0 0.272727 0.269290 0.268853 0.311728 0.224432 0.290509
0 0.285124 0.328318 0.268853 0.311728 0.311467 0.280285
0 0.454287 0.398534 0.480372 0.380015 0.486441 0.460262
0 0.569215 0.380015 0.579029 0.407407 0.609375 0.377121
0 0.627324 0.549769 0.647211 0.547840 0.637267 0.603202
0 0.769370 0.536651 0.795455 0.551698 0.789773 0.486112
0 0.921488 0.479552 0.940083 0.505401 0.959194 0.462963
0 0.754649 0.952160 0.779442 0.970679 0.788610 0.909722
0 0.700155 0.815586 0.716426 0.813657 0.714360 0.873842
0 0.630940 0.908179 0.649535 0.889660 0.611828 0.846257
0 0.999742 0.979938 0.999742 0.979938 0.953125 0.967978
0 0.371384 0.967207 0.370351 0.994599 0.415419 0.981868
0 0.220816 0.918981 0.235537 0.911651 0.234375 0.954090
0 0.046488 0.902392 0.060176 0.878472 0.080450 0.919946
0 0.187242 0.010417 0.208419 0.019676 0.184917 0.078897
0 0.413481 0.021605 0.430785 0.003086 0.438791 0.052083
