0 0.447314 0.500772 0.451705 0.519290 0.432723 0.515818
0 0.326963 0.550926 0.339101 0.539352 0.332386 0.524305
0 0.357955 0.404321 0.364669 0.414352 0.348011 0.424382
0 0.389205 0.379244 0.398244 0.379244 0.393725 0.407601
0 0.426136 0.342593 0.436209 0.346065 0.426653 0.373457
0 0.394886 0.349151 0.400568 0.356096 0.410511 0.336805
0 0.357955 0.385802 0.364669 0.371142 0.351885 0.368441
0 0.416064 0.429398 0.426136 0.432485 0.424974 0.410108
0 0.430527 0.445988 0.420455 0.437500 0.439953 0.425154
0 0.444990 0.461034 0.446281 0.479167 0.466167 0.463349
0 0.240961 0.630787 0.248709 0.614198 0.258265 0.635995
0 0.226498 0.359182 0.240961 0.361111 0.233730 0.331790
0 0.253099 0.239198 0.264463 0.241127 0.258781 0.273342
0 0.307851 0.277778 0.311209 0.289352 0.290548 0.291088
0 0.315599 0.326003 0.320248 0.337577 0.332903 0.326774
0 0.329029 0.346065 0.324638 0.361111 0.310692 0.350116
0 0.378099 0.317515 0.391529 0.319444 0.384814 0.291859
0 0.394886 0.254244 0.384814 0.264275 0.385976 0.236883
0 0.392562 0.227623 0.403926 0.229167 0.398244 0.204283
0 0.402634 0.145833 0.415031 0.142747 0.408832 0.168596
0 0.359246 0.199460 0.364669 0.212577 0.373708 0.187693
0 0.348140 0.241127 0.359246 0.246142 0.359762 0.220293
0 0.353564 0.254244 0.364669 0.252701 0.359117 0.276042
0 0.326963 0.206019 0.336777 0.201003 0.323993 0.184414
0 0.314566 0.102623 0.313533 0.121142 0.329158 0.112654
0 0.326963 0.096065 0.325671 0.114198 0.345170 0.105131
0 0.346849 0.035880 0.357955 0.030864 0.352402 0.053434
0 0.371384 0.039352 0.373709 0.054398 0.387655 0.046875
0 0.390496 0.057485 0.399277 0.052855 0.402763 0.070216
0 0.415031 0.035880 0.425103 0.029321 0.422779 0.050154
0 0.433884 0.045910 0.441632 0.032793 0.447831 0.051890
0 0.493027 0.030864 0.504132 0.035880 0.498580 0.057677
0 0.335744 0.172840 0.343492 0.170910 0.340263 0.147762
0 0.342459 0.180941 0.338068 0.162809 0.354209 0.171875
0 0.357955 0.187500 0.350207 0.179398 0.359762 0.158372
0 0.373709 0.160880 0.364669 0.140818 0.387009 0.136767
0 0.397211 0.129244 0.402634 0.145833 0.412190 0.129244
0 0.430527 0.145833 0.431560 0.129244 0.448993 0.140047
0 0.495351 0.192515 0.500775 0.175926 0.479597 0.177662
0 0.673812 0.379244 0.684917 0.372685 0.678203 0.359182
0 0.677169 0.427469 0.688275 0.427469 0.682722 0.406635
0 0.692665 0.464120 0.699380 0.454475 0.684918 0.443287
0 0.594525 0.514275 0.603564 0.519290 0.604597 0.491705
0 0.526601 0.504244 0.534349 0.514275 0.539385 0.492670
0 0.504132 0.479167 0.507490 0.487654 0.518595 0.480131
0 0.487345 0.487654 0.491994 0.499228 0.506973 0.481674
0 0.628099 0.687500 0.643595 0.677469 0.635847 0.663388
0 0.707128 0.655864 0.716167 0.652778 0.709969 0.637539
0 0.379132 0.780864 0.384814 0.772762 0.381973 0.795138
0 0.420455 0.839120 0.429494 0.841049 0.416710 0.866705
0 0.480630 0.897762 0.479597 0.912423 0.498063 0.905092
0 0.539773 0.854167 0.534349 0.879244 0.556043 0.867477
0 0.518595 0.836034 0.523244 0.852623 0.501937 0.850888
0 0.683626 0.882716 0.684917 0.900849 0.661415 0.896026
0 0.726240 0.885802 0.732696 0.870756 0.717201 0.864197
0 0.733988 0.897762 0.738378 0.912423 0.752970 0.898341
0 0.690341 0.807485 0.699380 0.817515 0.700414 0.786651
0 0.721591 0.745756 0.714876 0.760802 0.733342 0.766590
0 0.703771 0.742670 0.710486 0.755787 0.713843 0.725116
0 0.747417 0.670910 0.752841 0.687500 0.762396 0.670910
0 0.794163 0.649306 0.805269 0.659336 0.787448 0.669368
0 0.741736 0.706019 0.747417 0.719136 0.759039 0.707562
0 0.757231 0.721065 0.761880 0.734182 0.771823 0.723380
0 0.767304 0.757716 0.777376 0.747685 0.779055 0.763503
0 0.775310 0.762731 0.780733 0.772762 0.768466 0.784336
0 0.738378 0.819059 0.739411 0.802469 0.747804 0.810764
0 0.721591 0.809414 0.729597 0.795910 0.740057 0.811728
0 0.817665 0.679398 0.828771 0.689429 0.818698 0.709298
0 0.804236 0.764275 0.811983 0.749228 0.819215 0.768325
0 0.861054 0.860725 0.862087 0.846065 0.851498 0.849151
0 0.833161 0.907407 0.838843 0.900849 0.823218 0.893325
0 0.815341 0.924383 0.822056 0.910880 0.803590 0.910108
0 0.807593 0.895833 0.801911 0.904321 0.796358 0.891011
0 0.852273 0.837577 0.863378 0.829090 0.857825 0.809221
0 0.853306 0.780864 0.860021 0.775849 0.852144 0.760803
0 0.849948 0.747685 0.860021 0.742670 0.848270 0.718557
0 0.847624 0.707562 0.856663 0.704090 0.846074 0.676697
0 0.858729 0.687500 0.866736 0.690972 0.862732 0.705825
0 0.829804 0.640818 0.837552 0.627701 0.818053 0.627508
0 0.850981 0.606096 0.852273 0.622685 0.834323 0.614391
0 0.857696 0.577546 0.855630 0.592593 0.840392 0.585070
0 0.762913 0.619213 0.769628 0.611111 0.755165 0.600888
0 0.740702 0.550926 0.735021 0.564429 0.753486 0.565008
0 0.733988 0.522762 0.742769 0.527778 0.741735 0.504437
0 0.697056 0.487654 0.708161 0.487654 0.703254 0.466821
0 0.699380 0.567515 0.710486 0.567515 0.707774 0.544174
0 0.784091 0.520833 0.794163 0.519290 0.789127 0.491705
0 0.769628 0.509259 0.771952 0.530864 0.791968 0.520061
0 0.781767 0.427469 0.794163 0.422454 0.794680 0.446759
0 0.805269 0.432485 0.816374 0.424383 0.817020 0.455247
0 0.826446 0.535880 0.832128 0.519290 0.815341 0.513504
0 0.844267 0.534336 0.853306 0.529321 0.843750 0.511767
0 0.847624 0.504244 0.857696 0.502701 0.852660 0.480132
0 0.701705 0.410880 0.709452 0.424383 0.716684 0.402585
0 0.686983 0.346065 0.697056 0.334491 0.701575 0.361111
0 0.716167 0.356096 0.721591 0.369213 0.726756 0.345872
0 0.742769 0.332562 0.737345 0.322531 0.750646 0.305170
0 0.694990 0.309414 0.697056 0.322531 0.707774 0.303434
0 0.677169 0.300926 0.670455 0.317515 0.686597 0.315200
0 0.630165 0.332562 0.640238 0.331019 0.635201 0.303434
0 0.532025 0.329475 0.529700 0.344136 0.551524 0.336805
0 0.579029 0.279321 0.584452 0.287809 0.590651 0.271027
0 0.515238 0.260802 0.524277 0.269290 0.526473 0.244213
0 0.643595 0.212577 0.651343 0.224151 0.663094 0.210841
0 0.671488 0.226080 0.663740 0.241127 0.682723 0.245949
0 0.663740 0.262731 0.671488 0.251157 0.678719 0.273533
0 0.689308 0.195988 0.700413 0.192515 0.696540 0.219328
0 0.727273 0.209491 0.740702 0.216049 0.731146 0.238619
0 0.738378 0.190972 0.732696 0.206019 0.721720 0.186922
0 0.709452 0.154321 0.721591 0.140818 0.726756 0.161652
0 0.748450 0.162809 0.756198 0.154321 0.746126 0.134453
0 0.769628 0.112654 0.776343 0.121142 0.768466 0.138503
0 0.810950 0.152778 0.816374 0.165895 0.796358 0.169368
0 0.755165 0.187500 0.767304 0.180941 0.763559 0.204282
0 0.797521 0.211034 0.809659 0.206019 0.803590 0.242670
0 0.817665 0.212577 0.827738 0.209491 0.825929 0.242670
0 0.843233 0.260802 0.853306 0.269290 0.844396 0.286651
0 0.805269 0.297454 0.816374 0.292824 0.815341 0.309414
0 0.809659 0.337577 0.818698 0.326003 0.802557 0.320023
0 0.732696 0.410880 0.742769 0.395833 0.754520 0.412616
0 0.735021 0.376157 0.742769 0.382716 0.745093 0.356096
0 0.742769 0.395833 0.755165 0.405864 0.752841 0.385031
0 0.761880 0.414352 0.772986 0.420910 0.767433 0.397569
0 0.777376 0.412809 0.785124 0.414352 0.781250 0.393518
0 0.798554 0.394290 0.788481 0.399306 0.789643 0.376737
0 0.760589 0.359182 0.767304 0.374228 0.774535 0.355131
0 0.747417 0.265818 0.757231 0.262731 0.752324 0.240933
0 0.766271 0.262731 0.777376 0.252701 0.762913 0.239390
0 0.771952 0.341049 0.779700 0.344136 0.775826 0.315972
0 0.786415 0.342593 0.795196 0.332562 0.781896 0.315201
0 0.784091 0.292824 0.794163 0.287809 0.784091 0.260223
0 0.804236 0.295910 0.793130 0.310957 0.790806 0.281829
0 0.823089 0.329475 0.833161 0.337577 0.815858 0.349344
0 0.853306 0.367670 0.845558 0.359182 0.834323 0.373456
0 0.853306 0.356096 0.860021 0.346065 0.849948 0.347608
0 0.849948 0.337577 0.849948 0.349151 0.834839 0.349344
0 0.698347 0.052855 0.710486 0.044367 0.712294 0.070987
0 0.685950 0.029321 0.693698 0.037809 0.682076 0.053434
0 0.654700 0.092593 0.654700 0.106096 0.671488 0.101852
0 0.639205 0.104167 0.636880 0.127701 0.661415 0.115934
0 0.644628 0.137731 0.647986 0.124228 0.661932 0.138503
0 0.677169 0.132716 0.679236 0.152778 0.695506 0.142747
0 0.478564 0.145833 0.477531 0.162809 0.492510 0.154321
0 0.532025 0.104167 0.537707 0.112654 0.522082 0.120949
0 0.514205 0.091049 0.520919 0.094522 0.508652 0.110147
0 0.508523 0.167824 0.519886 0.162809 0.513172 0.144483
0 0.502066 0.180941 0.508523 0.167824 0.517046 0.185185
0 0.543130 0.194444 0.532025 0.195988 0.537578 0.170910
0 0.547779 0.129244 0.545455 0.147762 0.564437 0.138503
0 0.543130 0.081019 0.557593 0.081019 0.550361 0.099345
0 0.590134 0.170910 0.580062 0.159336 0.591167 0.146797
0 0.579029 0.199460 0.574380 0.212577 0.563921 0.201774
0 0.615702 0.175926 0.619060 0.190972 0.603951 0.183449
0 0.518595 0.067515 0.519886 0.081019 0.539256 0.074267
0 0.524277 0.029321 0.513171 0.044367 0.526472 0.049383
0 0.539773 0.025849 0.548812 0.029321 0.536028 0.046682
0 0.844267 0.246142 0.854339 0.242670 0.848270 0.225308
0 0.855630 0.211034 0.844267 0.211034 0.849948 0.188464
0 0.861054 0.157793 0.850981 0.165895 0.852661 0.146026
0 0.845558 0.062500 0.853306 0.062500 0.849432 0.081790
0 0.718233 0.040895 0.731663 0.035880 0.724948 0.050155
0 0.732696 0.027778 0.744060 0.029321 0.738378 0.053627
0 0.750775 0.029321 0.742769 0.037809 0.747805 0.050154
0 0.766271 0.032793 0.758523 0.037809 0.762397 0.056906
0 0.779700 0.040895 0.771952 0.032793 0.766270 0.051890
0 0.752841 0.087577 0.749483 0.076003 0.739540 0.086806
0 0.761880 0.072531 0.752841 0.070988 0.744060 0.084298
0 0.794163 0.062500 0.788481 0.052855 0.777376 0.071181
0 0.807593 0.042824 0.795196 0.050926 0.805785 0.066937
0 0.795196 0.050926 0.803202 0.052855 0.799199 0.070988
0 0.821023 0.047840 0.807593 0.042824 0.814308 0.066937
0 0.842200 0.121142 0.849948 0.111111 0.840522 0.108603
0 0.826446 0.030864 0.839876 0.037809 0.829803 0.053434
0 0.843233 0.055941 0.837552 0.045910 0.829804 0.055169
0 0.844267 0.062500 0.836519 0.054398 0.832645 0.068480
0 0.838843 0.070988 0.845558 0.072531 0.837681 0.092593
0 0.816374 0.084491 0.825413 0.077546 0.824251 0.101851
0 0.220816 0.229167 0.234246 0.221065 0.222495 0.205826
0 0.185176 0.229167 0.197572 0.232639 0.191374 0.204283
0 0.160640 0.202546 0.174070 0.204475 0.167355 0.176891
0 0.163998 0.329475 0.174070 0.314429 0.156767 0.311149
0 0.145145 0.249228 0.152893 0.257716 0.136751 0.272569
0 0.087035 0.307485 0.097107 0.294367 0.082645 0.286652
0 0.022469 0.299383 0.031250 0.307485 0.036415 0.285108
0 0.033574 0.319444 0.047004 0.314429 0.040289 0.346836
0 0.045713 0.341049 0.043647 0.329475 0.063146 0.335262
0 0.119318 0.486111 0.130424 0.472608 0.113766 0.460263
0 0.133781 0.427469 0.138430 0.439429 0.146049 0.416088
0 0.102531 0.522762 0.109246 0.529321 0.092072 0.546103
0 0.109246 0.554398 0.122676 0.555941 0.113249 0.586034
0 0.125000 0.624228 0.136105 0.620756 0.130553 0.594329
0 0.158316 0.667438 0.163998 0.650849 0.144499 0.656635
0 0.163998 0.701003 0.173037 0.687500 0.185175 0.706790
0 0.034607 0.642747 0.036932 0.660880 0.054106 0.642554
0 0.021178 0.759259 0.032283 0.745756 0.036803 0.772569
0 0.104855 0.887731 0.113895 0.879244 0.093750 0.859375
0 0.047004 0.895833 0.054752 0.885802 0.060951 0.905092
0 0.117252 0.910880 0.119318 0.890818 0.139463 0.905864
0 0.149535 0.889275 0.148502 0.902392 0.162965 0.895833
0 0.180785 0.869213 0.171746 0.885802 0.190212 0.886767
0 0.291064 0.851080 0.293388 0.869213 0.273243 0.862654
0 0.314566 0.860725 0.317924 0.847608 0.304494 0.854167
0 0.359246 0.877701 0.354597 0.857639 0.343105 0.867670
0 0.089360 0.037809 0.098140 0.025849 0.115573 0.057677
0 0.149535 0.032793 0.162965 0.029321 0.156767 0.057677
0 0.176395 0.086034 0.175103 0.106096 0.199638 0.096065
0 0.223140 0.136188 0.227531 0.116127 0.210228 0.120177
0 0.234246 0.169367 0.241994 0.157793 0.225853 0.149305
0 0.192924 0.136188 0.191890 0.121142 0.178461 0.128665
0 0.245351 0.121142 0.258781 0.129244 0.257619 0.103395
0 0.284349 0.054398 0.292355 0.062500 0.275052 0.068480
0 0.308884 0.032793 0.320248 0.044367 0.303461 0.056906
0 0.274535 0.147762 0.283316 0.147762 0.286157 0.123456
0 0.280992 0.159336 0.290031 0.164352 0.297262 0.142747
0 0.231921 0.180941 0.231921 0.195988 0.252066 0.186728
0 0.244318 0.172840 0.255424 0.174383 0.252066 0.156057
0 0.197572 0.037809 0.204029 0.022762 0.216425 0.048611
0 0.225465 0.030864 0.217459 0.039352 0.231405 0.055170
0 0.147211 0.167824 0.159607 0.160880 0.147856 0.139467
0 0.113895 0.106096 0.120610 0.112654 0.111054 0.129437
0 0.094783 0.195988 0.105888 0.197531 0.100335 0.171682
0 0.136105 0.249228 0.143853 0.237654 0.128874 0.225115
0 0.065857 0.177469 0.076963 0.162809 0.080320 0.186150
0 0.076963 0.222608 0.087035 0.216049 0.080966 0.206790
0 0.035640 0.231096 0.044680 0.241127 0.052428 0.218558
0 0.065857 0.111111 0.076963 0.101080 0.078642 0.135223
0 0.061467 0.084491 0.068182 0.079475 0.051911 0.066166
0 0.047004 0.030864 0.044680 0.045910 0.059789 0.051698
0 0.064824 0.020833 0.061467 0.037809 0.076447 0.041667
0 0.013430 0.199460 0.019112 0.192515 0.013430 0.173611
0 0.864411 0.910880 0.871126 0.920910 0.879520 0.902585
