0 0.46436 0.445602 0.4703 0.456019 0.500517 0.422454
0 0.485795 0.451775 0.491219 0.465664 0.517562 0.434028
0 0.519886 0.478395 0.52531 0.489969 0.545713 0.462191
0 0.545455 0.476852 0.542097 0.465278 0.569473 0.460648
0 0.42562 0.423225 0.436467 0.42091 0.436209 0.48071
0 0.383264 0.395833 0.389721 0.40625 0.36157 0.438272
0 0.363636 0.491898 0.373192 0.496528 0.381198 0.448688
0 0.438533 0.381944 0.448605 0.381559 0.445506 0.442515
0 0.456095 0.414352 0.465393 0.418981 0.471591 0.372685
0 0.392045 0.35571 0.385847 0.366127 0.365961 0.335648
0 0.354855 0.312886 0.358988 0.323302 0.38094 0.303241
0 0.433626 0.332948 0.439824 0.342978 0.456353 0.308256
0 0.416581 0.298997 0.427169 0.297068 0.420196 0.246528
0 0.392045 0.231481 0.403151 0.23534 0.388171 0.276235
0 0.416322 0.230324 0.428202 0.22338 0.405217 0.177083
0 0.413223 0.174769 0.416064 0.19213 0.450155 0.172454
0 0.45687 0.216821 0.465651 0.213349 0.451705 0.168981
0 0.388946 0.165509 0.396952 0.158565 0.372676 0.126157
0 0.270919 0.170525 0.271952 0.181713 0.304236 0.168981
0 0.281508 0.162423 0.290289 0.165509 0.293905 0.118056
0 0.287965 0.102238 0.296229 0.108025 0.30501 0.066744
0 0.337552 0.122685 0.340134 0.133488 0.378616 0.097222
0 0.31999 0.139275 0.327221 0.148148 0.347624 0.109568
0 0.292872 0.116512 0.301653 0.108025 0.319473 0.149691
0 0.267304 0.150463 0.273502 0.13966 0.24845 0.115355
0 0.255682 0.088349 0.251291 0.101466 0.220816 0.076389
0 0.243802 0.179012 0.25155 0.170525 0.23063 0.13966
0 0.223399 0.207562 0.232955 0.206019 0.224174 0.158179
0 0.198347 0.163194 0.208161 0.161265 0.197314 0.117284
0 0.179752 0.135802 0.187758 0.131559 0.173812 0.091049
0 0.214876 0.074074 0.212552 0.085648 0.188533 0.064815
0 0.207903 0.052083 0.210486 0.065972 0.240961 0.050154
0 0.276601 0.008873 0.278151 0.020833 0.246384 0.029707
0 0.213585 0.018133 0.219525 0.007716 0.249225 0.045139
0 0.172521 0.017361 0.181302 0.021605 0.164773 0.073302
0 0.196281 0.019676 0.201963 0.009259 0.228822 0.04591
0 0.199638 0.025463 0.210227 0.025849 0.193957 0.063272
0 0.09814 0.103781 0.106921 0.112654 0.120093 0.065201
0 0.122159 0.138503 0.131198 0.15162 0.15186 0.106867
0 0.16064 0.011188 0.170455 0.016204 0.146436 0.063657
0 0.136622 0.016204 0.135072 0.03125 0.168647 0.030478
0 0.129132 0.026235 0.129649 0.03858 0.095558 0.030478
0 0.100465 0.051312 0.109246 0.060957 0.129649 0.023534
0 0.047004 0.184028 0.059401 0.176698 0.045713 0.141975
0 0.073347 0.195216 0.084711 0.209105 0.103822 0.156636
0 0.076963 0.274691 0.088068 0.268133 0.071798 0.21412
0 0.129649 0.23534 0.139205 0.231867 0.127583 0.189815
0 0.157025 0.270448 0.168647 0.270448 0.161157 0.216435
0 0.236054 0.279321 0.244835 0.260417 0.212293 0.245756
0 0.286674 0.231096 0.298554 0.231867 0.284866 0.297068
0 0.1875 0.356481 0.197056 0.344522 0.168388 0.298225
0 0.06095 0.329861 0.06999 0.316358 0.097107 0.370756
0 0.06689 0.456019 0.071798 0.437114 0.111829 0.471451
0 0.13843 0.521219 0.144628 0.534336 0.107438 0.561728
0 0.277376 0.612269 0.291581 0.611497 0.280733 0.548225
0 0.258264 0.682099 0.265754 0.669753 0.236829 0.643133
0 0.152634 0.601852 0.158316 0.61767 0.127066 0.630401
0 0.083161 0.632716 0.084711 0.646605 0.11906 0.62037
0 0.06689 0.62037 0.077221 0.621528 0.065599 0.678627
0 0.055269 0.747685 0.062242 0.729938 0.0922 0.772377
0 0.130165 0.76466 0.138946 0.771991 0.150568 0.71875
0 0.299845 0.857253 0.304494 0.873457 0.258523 0.890046
0 0.169163 0.90162 0.171746 0.877701 0.215393 0.906636
0 0.324122 0.83642 0.325413 0.821373 0.290289 0.815972
0 0.383006 0.851852 0.38094 0.866512 0.338068 0.842207
0 0.410899 0.905864 0.424587 0.912809 0.43156 0.854938
0 0.457128 0.830247 0.465393 0.839892 0.437758 0.879244
0 0.522986 0.904707 0.530475 0.91088 0.542872 0.864198
0 0.58032 0.768904 0.589618 0.760031 0.605888 0.809414
0 0.590651 0.751543 0.5922 0.735725 0.631715 0.750386
0 0.721333 0.783951 0.730888 0.793596 0.748192 0.746914
0 0.752583 0.752315 0.756715 0.737654 0.791064 0.771605
0 0.743802 0.73804 0.754132 0.740355 0.759039 0.685571
0 0.710744 0.697145 0.717975 0.686728 0.740186 0.743056
0 0.70532 0.724537 0.701188 0.715278 0.682335 0.737654
0 0.712293 0.716435 0.704029 0.719907 0.701963 0.6875
0 0.719525 0.62963 0.728306 0.631559 0.715651 0.684028
0 0.783574 0.698302 0.787448 0.705633 0.805527 0.682099
0 0.806043 0.696373 0.805527 0.682099 0.836002 0.68017
0 0.81095 0.760802 0.81844 0.76929 0.792355 0.796296
0 0.818698 0.75 0.813533 0.760417 0.832903 0.779707
0 0.844783 0.783951 0.833678 0.782407 0.837035 0.729552
0 0.849948 0.714506 0.857696 0.718364 0.847624 0.760417
0 0.792872 0.82909 0.790031 0.840664 0.820506 0.847994
0 0.790031 0.800926 0.786415 0.814429 0.817665 0.829861
0 0.813017 0.804398 0.81405 0.816358 0.838068 0.804398
0 0.817149 0.877701 0.812758 0.888889 0.783574 0.865741
0 0.832903 0.900849 0.840134 0.908951 0.856405 0.873457
0 0.856663 0.911265 0.865961 0.908951 0.859504 0.867284
0 0.866736 0.898534 0.876033 0.905478 0.888688 0.847994
0 0.851498 0.777006 0.861312 0.768519 0.87655 0.818673
0 0.892562 0.767747 0.899535 0.780093 0.871126 0.820988
0 0.873709 0.820988 0.875258 0.829475 0.845041 0.842593
0 0.861829 0.844136 0.85718 0.838349 0.840651 0.859954
0 0.899535 0.844907 0.899793 0.829475 0.864411 0.841435
0 0.899277 0.753086 0.909091 0.75 0.900052 0.709877
0 0.894886 0.72608 0.895919 0.739583 0.860795 0.739583
0 0.908833 0.899306 0.914773 0.914738 0.935434 0.878472
0 0.877841 0.69213 0.879132 0.704475 0.843233 0.705247
0 0.87655 0.662037 0.884814 0.660108 0.883781 0.707562
0 0.868027 0.64892 0.877583 0.653549 0.864928 0.697531
0 0.897469 0.705633 0.9078 0.696373 0.888946 0.654321
0 0.871643 0.625386 0.879132 0.618056 0.890496 0.657793
0 0.896178 0.624614 0.89876 0.614198 0.868543 0.603009
0 0.897986 0.603009 0.88688 0.60841 0.877066 0.566744
0 0.747676 0.508873 0.756198 0.514275 0.767045 0.467978
0 0.77686 0.495756 0.784349 0.49537 0.782541 0.459105
0 0.780992 0.542438 0.788481 0.543981 0.786932 0.5
0 0.665289 0.546682 0.663223 0.5625 0.693957 0.557099
0 0.632231 0.501157 0.640496 0.50733 0.653151 0.45679
0 0.743285 0.375386 0.749225 0.387731 0.713585 0.421296
0 0.749742 0.418981 0.756457 0.421296 0.759814 0.381173
0 0.771436 0.416281 0.780217 0.409722 0.794163 0.457562
0 0.7828 0.395062 0.791581 0.385417 0.8125 0.435185
0 0.721074 0.358796 0.730114 0.364198 0.73812 0.319059
0 0.723657 0.28858 0.731663 0.295525 0.71126 0.33642
0 0.766012 0.341049 0.771436 0.354552 0.734246 0.380401
0 0.743027 0.323688 0.749483 0.328704 0.758523 0.288966
0 0.753099 0.31983 0.75 0.330247 0.773502 0.340664
0 0.764463 0.315586 0.775052 0.310957 0.760072 0.270448
0 0.774277 0.320602 0.783058 0.325617 0.789256 0.280478
0 0.779959 0.363812 0.787707 0.356867 0.76937 0.319444
0 0.78125 0.334105 0.787707 0.343364 0.804752 0.311343
0 0.790289 0.362269 0.797779 0.371528 0.815857 0.332562
0 0.801653 0.347222 0.810434 0.350694 0.817407 0.308642
0 0.817149 0.316744 0.826446 0.325617 0.840393 0.285494
0 0.841426 0.30517 0.849948 0.307099 0.849948 0.268133
0 0.87061 0.256559 0.866477 0.266204 0.838585 0.244213
0 0.752583 0.258102 0.762655 0.265432 0.775568 0.22338
0 0.798812 0.252315 0.808626 0.244213 0.784607 0.198302
0 0.805527 0.218364 0.797779 0.221065 0.788223 0.180941
0 0.866736 0.22608 0.861054 0.235725 0.835486 0.204475
0 0.84375 0.230324 0.835744 0.236497 0.825155 0.195216
0 0.832128 0.271219 0.840909 0.26659 0.826446 0.221836
0 0.819731 0.283565 0.829029 0.282022 0.822831 0.230324
0 0.790806 0.30054 0.799845 0.304784 0.8125 0.253086
0 0.810434 0.282793 0.809143 0.29784 0.840393 0.285494
0 0.704545 0.224923 0.709969 0.229552 0.72314 0.19483
0 0.716167 0.236497 0.724432 0.226466 0.741219 0.268133
0 0.709711 0.229552 0.715651 0.235725 0.73657 0.188272
0 0.695764 0.185185 0.701446 0.195988 0.72314 0.166281
0 0.665031 0.210262 0.672262 0.217207 0.687758 0.179398
0 0.652118 0.228009 0.659091 0.227623 0.656767 0.190201
0 0.702479 0.124228 0.707645 0.119985 0.71436 0.152392
0 0.669421 0.159336 0.676911 0.153164 0.657283 0.116127
0 0.672262 0.190972 0.679494 0.182099 0.654442 0.146605
0 0.730114 0.150077 0.735537 0.160108 0.756457 0.130015
0 0.763946 0.158179 0.760331 0.170525 0.738636 0.151235
0 0.64282 0.18017 0.644628 0.190972 0.615444 0.190586
0 0.539773 0.207176 0.547779 0.213735 0.56405 0.175926
0 0.56095 0.202546 0.567407 0.20679 0.577479 0.16821
0 0.588326 0.208719 0.589618 0.220679 0.615961 0.205633
0 0.628874 0.221065 0.633523 0.213735 0.606663 0.191744
0 0.592459 0.160108 0.592459 0.171296 0.624483 0.157022
0 0.611054 0.112654 0.61157 0.130015 0.64282 0.121528
0 0.630682 0.102238 0.627324 0.117284 0.65625 0.125386
0 0.667355 0.096065 0.671229 0.111497 0.708936 0.087963
0 0.721591 0.08912 0.724432 0.105324 0.759298 0.085262
0 0.696539 0.069059 0.697572 0.07909 0.729855 0.06983
0 0.700413 0.042438 0.71126 0.042052 0.708936 0.089506
0 0.656767 0.040895 0.666322 0.048225 0.647469 0.087577
0 0.673554 0.022762 0.68156 0.015432 0.696023 0.052855
0 0.652118 0.021991 0.659607 0.013117 0.687758 0.049769
0 0.627324 0.013889 0.633781 0.006559 0.649277 0.040895
0 0.645661 0.00733 0.639205 0.012346 0.6547 0.042824
0 0.616477 0.049383 0.623192 0.061343 0.642562 0.035108
0 0.588843 0.03858 0.595558 0.028549 0.614411 0.068673
0 0.587035 0.016204 0.595816 0.00733 0.612603 0.045139
0 0.583419 0.017361 0.589101 0.033179 0.557076 0.046682
0 0.544938 0.046682 0.554752 0.038966 0.569215 0.082948
0 0.547521 0.08179 0.557076 0.074074 0.566632 0.115741
0 0.51937 0.007716 0.527376 0.010417 0.513946 0.047454
0 0.5328 0.015432 0.535382 0.027778 0.512397 0.042052
0 0.53874 0.008488 0.532025 0.021605 0.565083 0.037809
0 0.49251 0.018904 0.496384 0.035108 0.461002 0.049769
0 0.436209 0.021605 0.447314 0.013889 0.454545 0.065586
0 0.491994 0.065586 0.48812 0.08179 0.529959 0.094136
0 0.457386 0.111497 0.465134 0.120756 0.480888 0.079475
0 0.389205 0.021219 0.397727 0.010417 0.415548 0.054398
0 0.454804 0.148148 0.464876 0.146605 0.45687 0.097608
0 0.500258 0.111883 0.496126 0.126157 0.528409 0.130015
0 0.518595 0.134259 0.527893 0.129244 0.530475 0.175154
0 0.548812 0.161265 0.552944 0.17091 0.528151 0.194059
0 0.55656 0.180941 0.564824 0.17284 0.53874 0.135417
0 0.548037 0.137731 0.553719 0.145833 0.570764 0.12037
0 0.559143 0.151235 0.55062 0.153549 0.548037 0.107639
0 0.568957 0.157793 0.580579 0.158565 0.575671 0.11034
0 0.595558 0.155478 0.5922 0.168981 0.572572 0.14892
0 0.400052 0.136188 0.409866 0.131944 0.397469 0.084877
0 0.395145 0.151235 0.405217 0.157022 0.417097 0.109954
0 0.414773 0.148534 0.424845 0.158951 0.447056 0.111883
0 0.427428 0.12037 0.43156 0.128472 0.452221 0.09838
0 0.422521 0.128086 0.415289 0.119599 0.446798 0.080633
0 0.291581 0.03858 0.289256 0.052855 0.331095 0.057485
0 0.292614 0.00733 0.300362 0.012731 0.277634 0.042438
0 0.307593 0.010031 0.314308 0.018133 0.290031 0.049383
0 0.295455 0.025849 0.298812 0.014275 0.333936 0.032407
0 0.33626 0.055941 0.340651 0.070216 0.376033 0.037423
0 0.352789 0.067901 0.35124 0.056713 0.379649 0.053627
0 0.609762 0.255015 0.616477 0.268519 0.643079 0.229167
0 0.759556 0.114198 0.771178 0.11304 0.769628 0.165895
0 0.761105 0.095679 0.769886 0.087577 0.779184 0.127701
0 0.782541 0.105324 0.791581 0.099151 0.771178 0.058256
0 0.753874 0.023534 0.764463 0.02392 0.753099 0.074074
0 0.722366 0.018133 0.730114 0.006173 0.753357 0.045525
0 0.728564 0.027392 0.740444 0.025077 0.73218 0.078704
0 0.786157 0.028549 0.799587 0.025077 0.793905 0.084105
0 0.802686 0.024691 0.814824 0.02392 0.809401 0.07909
0 0.815083 0.017361 0.823347 0.010031 0.838585 0.049383
0 0.83626 0.027392 0.825413 0.02392 0.821023 0.072145
0 0.826705 0.08642 0.838326 0.085262 0.829545 0.140046
0 0.803461 0.149691 0.810176 0.133102 0.83626 0.165123
0 0.838843 0.162423 0.829804 0.152392 0.81844 0.195602
0 0.831612 0.14159 0.84375 0.135031 0.84969 0.191358
0 0.866994 0.196759 0.87939 0.189815 0.861312 0.135031
0 0.893853 0.131173 0.886105 0.146219 0.864411 0.109954
0 0.887655 0.095679 0.889463 0.106481 0.862087 0.107639
0 0.850465 0.083333 0.861312 0.08179 0.853564 0.136188
0 0.883781 0.17554 0.89437 0.177083 0.882231 0.222608
0 0.90031 0.247299 0.9047 0.240741 0.88843 0.215664
0 0.893337 0.07909 0.894628 0.065972 0.862345 0.065586
0 0.870093 0.051312 0.880682 0.053241 0.861054 0.097994
0 0.889979 0.048225 0.890496 0.036651 0.860795 0.033565
0 0.868543 0.022762 0.879132 0.028549 0.856921 0.072917
0 0.837552 0.032793 0.846849 0.030864 0.845816 0.065586
0 0.86157 0.028164 0.865444 0.038966 0.842975 0.065201
0 0.849174 0.034722 0.856405 0.036651 0.844008 0.087577
0 0.836777 0.466821 0.83936 0.487269 0.872417 0.467593
0 0.854855 0.452546 0.865702 0.462963 0.880165 0.409336
0 0.839101 0.457948 0.8453 0.447531 0.822572 0.426312
0 0.850723 0.368827 0.859504 0.379244 0.833419 0.418981
0 0.797521 0.380787 0.810176 0.385031 0.817149 0.327546
0 0.882748 0.324846 0.894886 0.324846 0.883523 0.380015
0 0.895145 0.383488 0.905992 0.377315 0.891271 0.334105
0 0.529184 0.570988 0.5328 0.582176 0.498192 0.591821
0 0.084711 0.899691 0.099948 0.885417 0.106405 0.92554