0 0.493543 0.473765 0.499225 0.456790 0.480501 0.451388
0 0.407800 0.387346 0.409607 0.403935 0.389462 0.403357
0 0.521694 0.398148 0.522469 0.410880 0.545971 0.405285
0 0.557076 0.396991 0.562758 0.406636 0.575284 0.391397
0 0.645661 0.384259 0.646694 0.395448 0.664902 0.386382
0 0.661674 0.532407 0.672779 0.523920 0.660640 0.500193
0 0.670196 0.444444 0.668130 0.452546 0.686854 0.457562
0 0.701705 0.476466 0.690599 0.467978 0.689566 0.489583
0 0.715909 0.516975 0.709194 0.506944 0.700026 0.528742
0 0.568182 0.561343 0.573864 0.571373 0.584065 0.553241
0 0.502841 0.585262 0.513171 0.572531 0.514076 0.609568
0 0.537448 0.594907 0.527118 0.601852 0.533703 0.619406
0 0.529184 0.667438 0.535640 0.656250 0.520274 0.643711
0 0.475723 0.510031 0.487087 0.519676 0.475853 0.539930
0 0.455320 0.557485 0.462810 0.547454 0.444990 0.535108
0 0.543905 0.497299 0.545971 0.483410 0.533316 0.488233
0 0.551395 0.290895 0.552428 0.302083 0.539773 0.301312
0 0.473140 0.300540 0.475723 0.315972 0.492252 0.304205
0 0.444215 0.290895 0.447831 0.303627 0.465651 0.289545
0 0.395661 0.339892 0.402118 0.350694 0.416193 0.327160
0 0.437500 0.282407 0.431043 0.293596 0.416968 0.278936
0 0.454287 0.190586 0.455320 0.207176 0.434788 0.198881
0 0.450671 0.138889 0.459969 0.138889 0.452092 0.161844
0 0.471074 0.183642 0.473915 0.193287 0.488895 0.187693
0 0.510331 0.251929 0.519628 0.246142 0.510847 0.226852
0 0.534607 0.205633 0.543130 0.191744 0.558884 0.219714
0 0.633523 0.249228 0.640238 0.257330 0.625258 0.275655
0 0.633523 0.183642 0.642045 0.189043 0.633652 0.209298
0 0.673812 0.268519 0.680269 0.258873 0.665806 0.247686
0 0.699897 0.193287 0.712035 0.197531 0.702738 0.219714
0 0.689566 0.285494 0.698089 0.275463 0.699380 0.306134
0 0.687758 0.329861 0.693440 0.321759 0.679881 0.315200
0 0.681302 0.358025 0.681302 0.368827 0.698089 0.364970
0 0.705579 0.388503 0.709194 0.401235 0.721850 0.394869
0 0.713843 0.417824 0.715909 0.429012 0.734892 0.423418
0 0.712035 0.458333 0.699122 0.459877 0.705578 0.436728
0 0.762397 0.385802 0.770919 0.390046 0.763429 0.406057
0 0.776601 0.338349 0.784091 0.338349 0.777505 0.364198
0 0.729855 0.334105 0.729855 0.345293 0.747547 0.338928
0 0.720558 0.286651 0.715909 0.299383 0.709323 0.287423
0 0.737345 0.212963 0.736312 0.225309 0.754132 0.219136
0 0.771952 0.240741 0.769112 0.253086 0.759297 0.244020
0 0.376808 0.254630 0.380682 0.260031 0.390367 0.237075
0 0.348915 0.652006 0.357180 0.645062 0.342717 0.626929
0 0.276860 0.613040 0.280733 0.623071 0.268595 0.632523
0 0.279700 0.574074 0.277893 0.564429 0.264333 0.574845
0 0.279700 0.641204 0.264721 0.641204 0.272211 0.664738
0 0.291839 0.710648 0.276860 0.707948 0.284350 0.736497
0 0.267562 0.790123 0.263946 0.776235 0.279830 0.774112
0 0.223657 0.790123 0.230372 0.798611 0.242381 0.777006
0 0.218233 0.776235 0.228306 0.768133 0.215780 0.753279
0 0.211519 0.713735 0.205062 0.721836 0.216684 0.731868
0 0.258264 0.684414 0.257231 0.696759 0.247030 0.693480
0 0.477789 0.698302 0.472107 0.712191 0.459969 0.705246
0 0.413223 0.666281 0.419938 0.680170 0.403021 0.691358
0 0.416064 0.727623 0.414256 0.738812 0.402118 0.733218
0 0.373967 0.773534 0.380682 0.763889 0.389463 0.782022
0 0.361829 0.745756 0.373192 0.750000 0.369835 0.728974
0 0.359246 0.720679 0.365702 0.724537 0.369448 0.705825
0 0.354339 0.728781 0.366477 0.733025 0.357179 0.744792
0 0.483213 0.753858 0.482438 0.737269 0.507103 0.745564
0 0.543905 0.720679 0.540289 0.734568 0.529442 0.727623
0 0.565599 0.748457 0.573864 0.742670 0.562242 0.731675
0 0.610279 0.733025 0.615961 0.724537 0.596333 0.713542
0 0.573864 0.664738 0.577738 0.653549 0.588843 0.663387
0 0.640238 0.613040 0.643853 0.619985 0.634039 0.626350
0 0.614928 0.695602 0.612087 0.680170 0.633136 0.681520
0 0.670196 0.642361 0.678461 0.631173 0.661674 0.621528
0 0.708419 0.594907 0.709194 0.614583 0.690599 0.604745
0 0.696281 0.685571 0.696281 0.701003 0.713972 0.690586
0 0.721333 0.694059 0.728822 0.684414 0.733988 0.710841
0 0.639205 0.742670 0.647727 0.748457 0.649922 0.724730
0 0.584194 0.833333 0.592459 0.827932 0.585098 0.805555
0 0.541322 0.830633 0.543905 0.815201 0.558496 0.822917
0 0.551395 0.786265 0.549587 0.795910 0.539257 0.791087
0 0.512138 0.794367 0.517820 0.784722 0.501937 0.783950
0 0.468492 0.827932 0.465651 0.816744 0.482438 0.811149
0 0.465651 0.853009 0.471074 0.837577 0.455707 0.845293
0 0.181818 0.818287 0.187242 0.825231 0.195765 0.807098
0 0.135072 0.794367 0.139721 0.778935 0.159737 0.790123
0 0.224690 0.839120 0.235795 0.832176 0.225594 0.819637
0 0.257231 0.836420 0.262138 0.832176 0.256456 0.816165
0 0.299329 0.794367 0.301136 0.778935 0.319473 0.786651
0 0.315341 0.805556 0.320764 0.815201 0.308626 0.815972
0 0.336777 0.805556 0.329287 0.797068 0.324638 0.817322
0 0.323605 0.782022 0.332128 0.793210 0.333936 0.772183
0 0.335744 0.833333 0.345041 0.833333 0.340392 0.815200
0 0.235795 0.925540 0.243285 0.920139 0.236828 0.902585
0 0.241477 0.879630 0.247934 0.868441 0.233471 0.857254
0 0.261105 0.871142 0.269370 0.862654 0.256844 0.848766
0 0.265754 0.923997 0.271436 0.917052 0.261622 0.905285
0 0.280733 0.929784 0.288998 0.921296 0.278280 0.909530
0 0.286415 0.896219 0.288223 0.910108 0.307334 0.902585
0 0.300362 0.857253 0.303977 0.869599 0.318053 0.851466
0 0.290031 0.879630 0.298554 0.871142 0.288223 0.861497
0 0.324638 0.876929 0.333936 0.887731 0.340909 0.864776
0 0.347882 0.883873 0.341426 0.876929 0.356405 0.864197
0 0.383523 0.873843 0.371384 0.864198 0.384814 0.841050
0 0.406767 0.866898 0.413223 0.861497 0.406767 0.843171
0 0.413223 0.843364 0.409607 0.823688 0.429235 0.833526
0 0.417872 0.859954 0.420713 0.843364 0.439437 0.853009
0 0.313275 0.921296 0.323605 0.929784 0.330578 0.906829
0 0.339618 0.938272 0.333936 0.927083 0.351627 0.909529
0 0.369318 0.922840 0.364669 0.904707 0.381069 0.910880
0 0.385331 0.945216 0.392820 0.931327 0.381069 0.934028
0 0.415031 0.946373 0.423554 0.935185 0.408187 0.929783
0 0.392820 0.918596 0.406767 0.921296 0.399794 0.904513
0 0.410382 0.918596 0.410382 0.931327 0.425362 0.924961
0 0.432076 0.913194 0.420713 0.914352 0.424974 0.896991
0 0.457128 0.885031 0.452479 0.871142 0.471591 0.870370
0 0.478564 0.934028 0.487862 0.931327 0.483213 0.908179
0 0.461777 0.922840 0.471074 0.929784 0.474432 0.901814
0 0.533833 0.893519 0.537448 0.908951 0.554752 0.894290
0 0.573864 0.868441 0.563533 0.876929 0.559401 0.860726
0 0.574897 0.925540 0.583161 0.936728 0.588843 0.919367
0 0.599948 0.939429 0.611312 0.938272 0.605630 0.910879
0 0.621384 0.922840 0.628099 0.925540 0.630811 0.901234
0 0.620610 0.864198 0.633523 0.859954 0.627066 0.836998
0 0.645661 0.832176 0.652376 0.822531 0.635976 0.802855
0 0.535640 0.932485 0.541322 0.943673 0.553331 0.919368
0 0.526343 0.918596 0.528151 0.929784 0.543517 0.922840
0 0.497417 0.920139 0.502066 0.917052 0.499742 0.900463
0 0.504907 0.929784 0.513171 0.922840 0.505294 0.905285
0 0.520661 0.940972 0.527118 0.936728 0.515496 0.915895
0 0.531767 0.931327 0.517045 0.923997 0.524406 0.906829
0 0.665289 0.934028 0.674845 0.934028 0.667743 0.906829
0 0.673812 0.940972 0.665289 0.934028 0.677428 0.927083
0 0.708419 0.942130 0.699897 0.928241 0.715392 0.926119
0 0.736312 0.898920 0.730888 0.910108 0.719525 0.892747
0 0.694473 0.857253 0.700930 0.846065 0.683626 0.830054
0 0.710227 0.869599 0.702738 0.859954 0.709711 0.845294
0 0.748450 0.885031 0.757748 0.878086 0.744706 0.851659
0 0.748450 0.829475 0.750258 0.815201 0.762525 0.831983
0 0.680269 0.805556 0.674845 0.790123 0.691632 0.797261
0 0.689566 0.756944 0.688791 0.771991 0.706483 0.769483
0 0.820506 0.866898 0.825930 0.848765 0.806819 0.846643
0 0.772727 0.869599 0.781250 0.865741 0.775568 0.859182
0 0.810950 0.911651 0.814824 0.898920 0.800361 0.890625
0 0.787707 0.927083 0.792355 0.913194 0.776085 0.912422
0 0.784866 0.943673 0.784866 0.931327 0.768595 0.933256
0 0.848399 0.931327 0.860537 0.940972 0.863378 0.908950
0 0.822314 0.920139 0.828771 0.923997 0.833032 0.897569
0 0.839101 0.925540 0.828771 0.923997 0.829803 0.896219
0 0.822314 0.801312 0.817665 0.819444 0.804107 0.802855
0 0.850207 0.804398 0.839101 0.812500 0.833419 0.790895
0 0.769112 0.720679 0.778409 0.731867 0.764850 0.741513
0 0.819473 0.723380 0.820506 0.737269 0.801782 0.730325
0 0.811983 0.699460 0.819473 0.692515 0.826446 0.707947
0 0.838068 0.696759 0.828771 0.688272 0.827867 0.702354
0 0.847366 0.730324 0.854855 0.720679 0.862345 0.739391
0 0.837293 0.745756 0.844783 0.738812 0.851239 0.756945
0 0.813017 0.758102 0.813017 0.746914 0.827479 0.752508
0 0.839101 0.611883 0.850207 0.611883 0.844654 0.646027
0 0.824122 0.663194 0.829804 0.653549 0.816761 0.645061
0 0.854081 0.687114 0.853048 0.666281 0.833549 0.676697
0 0.861570 0.630015 0.873709 0.631173 0.867639 0.662809
0 0.814824 0.593750 0.825155 0.585262 0.828771 0.606095
0 0.791581 0.589506 0.798037 0.603395 0.810693 0.585263
0 0.750258 0.613040 0.760589 0.613040 0.755424 0.582369
0 0.770919 0.540509 0.764463 0.546296 0.762525 0.526042
0 0.842717 0.567130 0.829804 0.574074 0.828254 0.544175
0 0.869835 0.542052 0.859504 0.555941 0.849819 0.533564
0 0.852273 0.518133 0.840909 0.511188 0.849303 0.490934
0 0.759814 0.470679 0.769886 0.458333 0.775697 0.490355
0 0.092200 0.917438 0.090651 0.907407 0.105113 0.912422
0 0.086777 0.922068 0.080837 0.911651 0.096333 0.906636
0 0.079287 0.893519 0.081612 0.906250 0.094137 0.894290
0 0.069990 0.913966 0.080837 0.911651 0.074381 0.892361
0 0.082386 0.884645 0.079287 0.873071 0.093363 0.875579
0 0.066374 0.860725 0.072314 0.853781 0.074638 0.866320
0 0.083678 0.861883 0.075413 0.863040 0.075413 0.840278
0 0.091426 0.846065 0.085227 0.853781 0.103177 0.861304
0 0.077738 0.834491 0.079287 0.847994 0.099045 0.841821
0 0.127841 0.886960 0.121126 0.876543 0.135976 0.868634
0 0.181043 0.907407 0.190341 0.903935 0.185692 0.875579
0 0.166581 0.926698 0.168130 0.932099 0.183756 0.919753
0 0.200930 0.920910 0.197056 0.927855 0.180011 0.911266
0 0.061725 0.765046 0.067149 0.759645 0.074251 0.786266
0 0.068698 0.791281 0.073864 0.776620 0.085744 0.794174
0 0.064050 0.723380 0.073089 0.716435 0.074638 0.734568
0 0.064824 0.743827 0.076188 0.733410 0.083032 0.758487
0 0.085227 0.746914 0.087552 0.735725 0.103952 0.747107
0 0.114928 0.771991 0.113378 0.760802 0.139333 0.766396
0 0.123450 0.744599 0.130940 0.743827 0.126420 0.727045
0 0.102014 0.732253 0.110537 0.739198 0.113119 0.714700
0 0.105114 0.704861 0.108988 0.717593 0.094525 0.715664
0 0.064050 0.663966 0.072314 0.659722 0.070119 0.687500
0 0.078512 0.660880 0.087552 0.660880 0.083032 0.685186
0 0.118802 0.671296 0.131715 0.674383 0.113507 0.673225
0 0.099690 0.628858 0.111054 0.624228 0.106534 0.644675
0 0.073864 0.653935 0.073089 0.667438 0.084195 0.660686
0 0.064824 0.633488 0.070764 0.626543 0.075413 0.646412
0 0.075413 0.617670 0.070764 0.626543 0.083419 0.639275
0 0.090651 0.638117 0.085227 0.631173 0.097494 0.618827
0 0.070764 0.569830 0.071539 0.579861 0.084452 0.574845
0 0.070764 0.609568 0.075413 0.617670 0.084452 0.598766
0 0.082903 0.561728 0.091426 0.561728 0.089102 0.586805
0 0.109762 0.597222 0.117252 0.597222 0.113507 0.572145
0 0.113378 0.624228 0.122676 0.623071 0.118802 0.600502
0 0.124225 0.609568 0.132490 0.601466 0.135589 0.622492
0 0.121126 0.624228 0.127841 0.617670 0.130165 0.636960
0 0.120351 0.668596 0.127841 0.668596 0.124096 0.646412
0 0.122676 0.682485 0.131715 0.674383 0.131327 0.699267
0 0.136364 0.662809 0.144628 0.659722 0.140496 0.681327
0 0.147727 0.680170 0.154442 0.676698 0.151085 0.689815
0 0.143079 0.704861 0.152893 0.702932 0.147986 0.719329
0 0.155217 0.746914 0.152118 0.725309 0.171617 0.726466
0 0.177428 0.701775 0.190341 0.692515 0.172392 0.668789
0 0.162190 0.570988 0.169680 0.579861 0.159091 0.596065
0 0.200155 0.652778 0.196281 0.639275 0.212681 0.646027
0 0.191116 0.530093 0.195506 0.543596 0.179623 0.543789
0 0.202479 0.511960 0.196281 0.500386 0.183109 0.520255
0 0.169680 0.497299 0.172004 0.478781 0.154958 0.487461
0 0.116477 0.521991 0.126291 0.532407 0.132102 0.508487
0 0.321281 0.396219 0.327221 0.384259 0.334581 0.396219
0 0.348915 0.452932 0.353564 0.464892 0.336390 0.468364
0 0.230630 0.439043 0.238636 0.444059 0.244964 0.419368
0 0.226240 0.377315 0.229597 0.363812 0.242769 0.379244
0 0.208936 0.397762 0.217975 0.389275 0.205450 0.379051
0 0.170971 0.349923 0.178977 0.354938 0.181948 0.330054
0 0.231921 0.283179 0.237603 0.272762 0.247417 0.290702
0 0.164256 0.310571 0.172262 0.319059 0.157283 0.331983
0 0.122934 0.365355 0.129649 0.365355 0.132619 0.339699
0 0.114669 0.329475 0.116994 0.337963 0.130810 0.330247
0 0.076963 0.373843 0.084969 0.380787 0.089618 0.357639
0 0.073347 0.430556 0.081612 0.439043 0.091167 0.415123
0 0.096333 0.445988 0.089618 0.439043 0.097624 0.423612
0 0.077996 0.452932 0.089618 0.456404 0.084323 0.437500
0 0.118285 0.401235 0.128616 0.399691 0.123451 0.430555
0 0.142304 0.403164 0.152634 0.403164 0.147469 0.426312
0 0.173295 0.440972 0.172262 0.454475 0.158962 0.446759
0 0.161932 0.415123 0.168647 0.422068 0.175103 0.404899
0 0.183626 0.422068 0.192924 0.420139 0.188275 0.446759
0 0.220300 0.459491 0.234246 0.462963 0.226110 0.487075
0 0.252583 0.469907 0.252583 0.480324 0.270403 0.471643
0 0.199638 0.435571 0.205579 0.447531 0.212939 0.435571
0 0.068957 0.537423 0.070764 0.547454 0.088585 0.542439
0 0.070764 0.532793 0.076705 0.527006 0.079158 0.541667
0 0.080579 0.505015 0.078771 0.518133 0.093492 0.511574
0 0.074638 0.313657 0.081612 0.322531 0.083548 0.301312
0 0.088585 0.319830 0.086519 0.307870 0.103306 0.306520
0 0.078771 0.278549 0.085486 0.282793 0.084195 0.266011
0 0.094525 0.275463 0.093492 0.260802 0.110150 0.268132
0 0.083678 0.235725 0.090393 0.227238 0.097883 0.244792
0 0.084711 0.250772 0.093492 0.253472 0.101369 0.235918
0 0.125000 0.194830 0.134814 0.193287 0.129907 0.227817
0 0.157541 0.182870 0.165289 0.181327 0.162448 0.205632
0 0.143595 0.262346 0.154442 0.268133 0.160382 0.240355
0 0.178977 0.228395 0.188791 0.228395 0.182464 0.251350
0 0.181043 0.293210 0.173295 0.281636 0.194860 0.266011
0 0.183110 0.173997 0.192924 0.177083 0.187500 0.199074
0 0.188017 0.159336 0.193957 0.153549 0.198864 0.172646
0 0.149535 0.130015 0.143595 0.137346 0.158832 0.148341
0 0.082645 0.216821 0.084711 0.229938 0.097366 0.222608
0 0.086519 0.206404 0.088585 0.213735 0.105760 0.204283
0 0.091426 0.199074 0.098399 0.207948 0.105243 0.190972
0 0.082645 0.185957 0.086519 0.194830 0.098915 0.178627
0 0.094525 0.163966 0.091426 0.171296 0.107697 0.172646
0 0.088585 0.133102 0.090393 0.125772 0.100852 0.141204
0 0.089618 0.118441 0.095300 0.131559 0.103306 0.120564
0 0.115186 0.124228 0.121126 0.115355 0.131327 0.132909
0 0.125000 0.149306 0.132748 0.143133 0.136234 0.163002
0 0.091426 0.047840 0.097366 0.043210 0.098399 0.072724
0 0.105372 0.060957 0.111054 0.064043 0.108213 0.081597
0 0.100465 0.043210 0.108213 0.040509 0.106276 0.058063
0 0.118027 0.065201 0.111054 0.064043 0.114541 0.083141
0 0.122934 0.059414 0.115186 0.069830 0.126420 0.078511
0 0.109246 0.106481 0.108471 0.119985 0.124225 0.113233
0 0.106405 0.028935 0.111829 0.024691 0.111958 0.041860
0 0.120351 0.026235 0.115186 0.032793 0.127841 0.047647
0 0.165548 0.008488 0.173554 0.019676 0.157800 0.034529
0 0.150568 0.054012 0.157283 0.044753 0.163482 0.065200
0 0.183110 0.089120 0.178461 0.080633 0.169938 0.099923
0 0.190857 0.089892 0.183110 0.089120 0.182464 0.113618
0 0.239669 0.116512 0.243027 0.129244 0.222237 0.129437
0 0.236829 0.148148 0.230114 0.136574 0.247676 0.133681
0 0.246901 0.207562 0.255165 0.206019 0.251033 0.186342
0 0.264721 0.115741 0.274277 0.117284 0.268983 0.143325
0 0.280475 0.184414 0.284349 0.173225 0.297520 0.190972
0 0.324122 0.135031 0.326963 0.145833 0.313533 0.144676
0 0.332386 0.163194 0.330320 0.152392 0.319602 0.159915
0 0.326446 0.220293 0.334194 0.214506 0.327221 0.200232
0 0.339101 0.229552 0.344783 0.220293 0.355630 0.240740
0 0.363378 0.225309 0.366736 0.214506 0.352144 0.209491
0 0.348140 0.185957 0.350465 0.178241 0.364411 0.191744
0 0.353822 0.175154 0.360537 0.168210 0.346461 0.155478
0 0.399793 0.164352 0.403151 0.152392 0.383265 0.149692
0 0.393079 0.166667 0.391271 0.155864 0.379908 0.161266
0 0.422521 0.076389 0.430010 0.077932 0.424974 0.099344
0 0.455579 0.086420 0.460744 0.095679 0.443698 0.099345
0 0.368802 0.132330 0.373450 0.119985 0.356922 0.123264
0 0.340909 0.106481 0.344267 0.099923 0.354855 0.109954
0 0.313017 0.084105 0.306302 0.080633 0.304882 0.103203
0 0.171746 0.016975 0.181818 0.011960 0.181302 0.041667
0 0.188533 0.022762 0.193698 0.032022 0.180010 0.035301
0 0.197572 0.023920 0.188533 0.022762 0.193053 0.041280
0 0.196539 0.016975 0.203254 0.017747 0.196539 0.031250
0 0.199897 0.038966 0.208161 0.037809 0.204029 0.050926
0 0.203771 0.086420 0.212810 0.084105 0.208290 0.106675
0 0.218750 0.057870 0.226756 0.062886 0.219138 0.079282
0 0.213326 0.069830 0.212810 0.079861 0.197960 0.072338
0 0.229597 0.080633 0.236312 0.084877 0.227918 0.100309
0 0.247934 0.084877 0.251291 0.094136 0.240057 0.095294
0 0.251291 0.044753 0.259039 0.048997 0.253487 0.064815
0 0.245093 0.011960 0.250775 0.022762 0.237087 0.029128
0 0.225465 0.023920 0.217717 0.020448 0.216555 0.034144
0 0.227273 0.020448 0.223915 0.013503 0.215263 0.021990
0 0.230114 0.030478 0.223915 0.029707 0.219138 0.043403
0 0.242252 0.037037 0.232180 0.035494 0.236441 0.055556
0 0.240186 0.035494 0.246901 0.029707 0.243544 0.048804
0 0.219783 0.046682 0.225465 0.045139 0.223270 0.054012
0 0.251550 0.024691 0.259556 0.016590 0.267175 0.047647
0 0.296229 0.045139 0.291322 0.053241 0.283187 0.043596
0 0.316890 0.064429 0.318957 0.053241 0.307593 0.054784
0 0.336519 0.012731 0.341426 0.018904 0.324122 0.028164
0 0.333419 0.058642 0.339360 0.046682 0.319086 0.044368
0 0.350981 0.019676 0.347366 0.015046 0.338972 0.025463
0 0.371126 0.021605 0.364669 0.011960 0.352531 0.028549
0 0.340909 0.050154 0.348399 0.049383 0.344654 0.073496
0 0.343492 0.084877 0.344525 0.095293 0.329933 0.094136
0 0.398760 0.069830 0.394628 0.060185 0.382618 0.072145
0 0.345041 0.038966 0.352014 0.035108 0.356275 0.058063
0 0.375517 0.015046 0.380165 0.020448 0.370093 0.029706
0 0.371126 0.033951 0.375517 0.030093 0.375645 0.045525
0 0.393079 0.010417 0.399793 0.014275 0.391012 0.029900
0 0.408316 0.018904 0.402118 0.014275 0.400180 0.030093
0 0.421746 0.009645 0.427428 0.021605 0.412836 0.024692
0 0.427428 0.027778 0.419163 0.024691 0.414515 0.042052
0 0.452479 0.022377 0.451188 0.018904 0.439179 0.028935
0 0.457903 0.028549 0.452479 0.022377 0.446152 0.035494
0 0.487087 0.015046 0.490961 0.023148 0.474174 0.032215
0 0.492510 0.041281 0.487603 0.033179 0.478435 0.051890
0 0.507231 0.016590 0.514205 0.023148 0.499355 0.038774
0 0.521694 0.025463 0.511622 0.019676 0.510459 0.039931
0 0.544421 0.019676 0.538740 0.016590 0.535124 0.033758
0 0.561467 0.035108 0.554752 0.023920 0.542614 0.041667
0 0.558884 0.018904 0.550878 0.027778 0.566115 0.036458
0 0.542355 0.060185 0.538223 0.054012 0.528538 0.074267
0 0.548812 0.093750 0.546229 0.081019 0.533962 0.090857
0 0.532800 0.128858 0.540806 0.122299 0.545326 0.152006
0 0.598915 0.032407 0.607955 0.038194 0.597237 0.059799
0 0.623709 0.099923 0.621126 0.087963 0.603047 0.096065
0 0.628616 0.092207 0.637138 0.087963 0.638172 0.106289
0 0.647727 0.109568 0.649793 0.123843 0.628874 0.120371
0 0.662190 0.127701 0.662190 0.118441 0.677815 0.123071
0 0.665289 0.139660 0.666322 0.150849 0.650052 0.145255
0 0.662707 0.154707 0.653667 0.150077 0.646953 0.158757
0 0.669421 0.177083 0.662190 0.168210 0.675490 0.160108
0 0.700413 0.170139 0.700413 0.158179 0.719267 0.165702
0 0.689824 0.117670 0.693440 0.105710 0.706740 0.117670
0 0.675362 0.095293 0.674845 0.106481 0.660770 0.098573
0 0.700413 0.089120 0.705579 0.076389 0.720557 0.096643
0 0.763171 0.095293 0.770661 0.098380 0.766400 0.117477
0 0.767304 0.047454 0.775826 0.044367 0.775310 0.072916
0 0.728048 0.048611 0.733988 0.045910 0.737862 0.066165
0 0.727014 0.019676 0.731663 0.025463 0.717846 0.039159
0 0.714618 0.024691 0.707386 0.020448 0.699510 0.037616
0 0.663740 0.039738 0.660382 0.049383 0.677169 0.053627
0 0.654184 0.023148 0.660899 0.021605 0.658962 0.041281
0 0.623709 0.026235 0.630165 0.016590 0.641271 0.037230
0 0.643337 0.030093 0.636622 0.023148 0.632232 0.041281
0 0.627583 0.057870 0.622159 0.049383 0.611828 0.066358
0 0.600981 0.022377 0.607955 0.015818 0.610537 0.034915
0 0.622159 0.024691 0.614153 0.027778 0.617640 0.041667
0 0.738636 0.021605 0.733213 0.028549 0.743156 0.038194
0 0.755682 0.025463 0.749225 0.017361 0.741865 0.032986
0 0.755165 0.030864 0.761105 0.021605 0.770532 0.032986
0 0.803977 0.024691 0.807335 0.033179 0.794034 0.041280
0 0.811983 0.022377 0.819473 0.027778 0.811725 0.048997
0 0.828512 0.030864 0.821539 0.033179 0.825025 0.056713
0 0.806302 0.091435 0.808368 0.079475 0.822443 0.088927
0 0.813533 0.126929 0.814824 0.112654 0.829287 0.119791
0 0.855114 0.175540 0.860021 0.162037 0.840522 0.159336
0 0.821539 0.166667 0.826446 0.158179 0.835357 0.175154
0 0.781250 0.152392 0.784349 0.143133 0.794809 0.152199
0 0.788740 0.141204 0.788740 0.126929 0.804882 0.135031
0 0.863636 0.109568 0.874225 0.111883 0.868931 0.135802
0 0.783833 0.234954 0.793905 0.238426 0.785382 0.273534
0 0.809401 0.324846 0.819473 0.327160 0.814437 0.292631
0 0.837035 0.258102 0.845558 0.255787 0.842588 0.279707
0 0.922004 0.270833 0.928977 0.280478 0.916451 0.288387
0 0.899793 0.291667 0.907800 0.293981 0.903539 0.311535
0 0.842459 0.018904 0.837552 0.030864 0.852661 0.033758
0 0.835486 0.038194 0.846591 0.032407 0.844783 0.054783
0 0.839618 0.057870 0.843492 0.054012 0.847624 0.071566
0 0.862603 0.049383 0.872159 0.052469 0.866864 0.075039
0 0.905733 0.032407 0.907283 0.047454 0.888688 0.039931
0 0.904700 0.054784 0.901860 0.068287 0.888429 0.060378
0 0.916839 0.047454 0.909866 0.040509 0.909350 0.054398
0 0.919421 0.062886 0.919938 0.076389 0.900052 0.069637
0 0.894370 0.084105 0.890754 0.072145 0.879003 0.080632
0 0.892820 0.086420 0.886622 0.078704 0.876937 0.093750
0 0.898760 0.096836 0.889205 0.092978 0.889204 0.107638
0 0.899793 0.084877 0.902376 0.075617 0.889075 0.070602
0 0.914256 0.079475 0.904700 0.075617 0.904313 0.091821
0 0.922004 0.092978 0.915806 0.084105 0.906121 0.100887
0 0.923812 0.104938 0.919421 0.096836 0.910253 0.107638
0 0.915806 0.123843 0.916839 0.133488 0.901988 0.130595
0 0.926395 0.127701 0.919421 0.124614 0.916064 0.151620
0 0.910382 0.119985 0.918905 0.127701 0.907283 0.138696
0 0.927428 0.173225 0.920196 0.179784 0.914257 0.165317
0 0.909349 0.185185 0.910382 0.191744 0.898631 0.192516
0 0.918647 0.179784 0.925362 0.185185 0.911028 0.196952
0 0.925362 0.201775 0.920713 0.194059 0.911415 0.210263
0 0.930010 0.217207 0.922521 0.211420 0.920842 0.236883
0 0.915031 0.233410 0.921488 0.243056 0.912061 0.247878
0 0.778151 0.427469 0.787190 0.437886 0.791581 0.410880
0 0.807851 0.428627 0.814050 0.422454 0.820248 0.445988
0 0.842717 0.348765 0.845558 0.334491 0.825543 0.339120
0 0.853048 0.365355 0.860537 0.361111 0.850852 0.347029
0 0.840909 0.390046 0.848915 0.388117 0.845429 0.413966
0 0.890496 0.405478 0.899793 0.410108 0.890625 0.432291
0 0.921488 0.342207 0.920713 0.356867 0.903151 0.349537
0 0.932076 0.405478 0.928719 0.417824 0.914643 0.400270
0 0.920455 0.427469 0.922779 0.438657 0.906250 0.436921
0 0.932851 0.442515 0.925362 0.436343 0.919938 0.454862
0 0.924070 0.458719 0.924329 0.448302 0.912448 0.453510
0 0.872159 0.465278 0.881715 0.470293 0.872289 0.498842
0 0.931560 0.504244 0.929752 0.515432 0.914902 0.504630
0 0.830320 0.532793 0.836519 0.531636 0.836777 0.546104
0 0.923812 0.521605 0.926653 0.532793 0.906767 0.533179
0 0.936725 0.537809 0.931560 0.527006 0.921617 0.541281
0 0.887397 0.625772 0.895919 0.634259 0.900439 0.611689
0 0.927944 0.602238 0.930269 0.599151 0.924975 0.581791
0 0.931302 0.584877 0.938275 0.593364 0.924587 0.605710
0 0.892045 0.728009 0.903409 0.720679 0.890883 0.691358
0 0.891529 0.682870 0.898760 0.678627 0.891529 0.661072
0 0.932335 0.640046 0.927428 0.629630 0.916064 0.648341
0 0.936725 0.657407 0.929494 0.649306 0.923425 0.670332
0 0.936209 0.686728 0.933368 0.674769 0.923167 0.683064
0 0.934401 0.716049 0.933884 0.703318 0.917872 0.709684
0 0.881973 0.765046 0.888946 0.759259 0.892950 0.780285
0 0.906508 0.829861 0.912190 0.819830 0.895919 0.812500
0 0.890496 0.839892 0.900052 0.831019 0.884814 0.812693
0 0.929494 0.801698 0.935176 0.797068 0.923167 0.777585
0 0.936983 0.856481 0.939050 0.844907 0.922134 0.845486
0 0.933884 0.863812 0.929494 0.851466 0.910382 0.867669
0 0.916064 0.887346 0.915289 0.876157 0.897727 0.881752
0 0.925362 0.899306 0.926911 0.887731 0.912061 0.893519
0 0.930269 0.902392 0.931043 0.890432 0.915806 0.896412
0 0.923812 0.918981 0.926136 0.905478 0.909478 0.909529
0 0.905992 0.934028 0.910899 0.923997 0.893208 0.920332
