0 0.458161 0.331790 0.471333 0.331790 0.465263 0.360532
0 0.405217 0.404321 0.400310 0.403549 0.419550 0.423032
0 0.353306 0.348380 0.355114 0.361111 0.337681 0.358604
0 0.372676 0.520833 0.377066 0.507330 0.357179 0.508873
0 0.587035 0.353395 0.593750 0.341821 0.571281 0.337577
0 0.618285 0.537809 0.625775 0.532793 0.614411 0.513889
0 0.648244 0.502315 0.654700 0.510031 0.641270 0.523534
0 0.586260 0.585262 0.595041 0.589892 0.584711 0.611304
0 0.527634 0.670525 0.528926 0.681327 0.512268 0.678048
0 0.469783 0.695988 0.472882 0.706404 0.483600 0.697917
0 0.493285 0.704090 0.503357 0.697531 0.510460 0.735726
0 0.460744 0.767747 0.466684 0.755401 0.449897 0.750579
0 0.423554 0.743827 0.430785 0.731481 0.417355 0.728395
0 0.594008 0.768519 0.604339 0.763117 0.596203 0.739583
0 0.569990 0.874228 0.574638 0.885417 0.556302 0.894097
0 0.568957 0.839506 0.571798 0.851080 0.589101 0.841821
0 0.459711 0.848380 0.458678 0.860725 0.440599 0.854553
0 0.346333 0.874228 0.350465 0.863040 0.365186 0.880401
0 0.366219 0.891975 0.366477 0.904321 0.349044 0.898148
0 0.420455 0.924383 0.426653 0.926698 0.429623 0.906829
0 0.431560 0.925154 0.432335 0.937114 0.415419 0.933449
0 0.458161 0.922840 0.448089 0.919367 0.459711 0.896219
0 0.465909 0.924383 0.466684 0.937114 0.450930 0.930748
0 0.503099 0.920525 0.502324 0.933642 0.487086 0.927083
0 0.523760 0.943673 0.527118 0.934799 0.518337 0.937693
0 0.603822 0.842207 0.611829 0.844522 0.606147 0.864005
0 0.657283 0.833719 0.648244 0.830247 0.657283 0.808835
0 0.754649 0.751929 0.763688 0.755787 0.755682 0.778550
0 0.741477 0.792438 0.739928 0.775463 0.721074 0.783950
0 0.734504 0.812886 0.736054 0.823302 0.718492 0.822724
0 0.738895 0.828318 0.745868 0.838349 0.729210 0.852816
0 0.734246 0.867284 0.737087 0.857639 0.745351 0.867862
0 0.824638 0.905478 0.827221 0.890046 0.801524 0.891782
0 0.831612 0.895062 0.833936 0.881944 0.848140 0.893904
0 0.876808 0.900849 0.870093 0.890818 0.885589 0.882524
0 0.898502 0.859182 0.904700 0.851080 0.909865 0.871335
0 0.930785 0.902778 0.940599 0.903549 0.935692 0.870949
0 0.972882 0.888117 0.978306 0.881559 0.969912 0.866127
0 0.902118 0.817515 0.901343 0.806327 0.913869 0.811921
0 0.895661 0.834877 0.884556 0.838349 0.884685 0.807292
0 0.958419 0.739583 0.962035 0.750772 0.943182 0.752700
0 0.859246 0.820216 0.848657 0.817901 0.853951 0.788966
0 0.842975 0.815201 0.834452 0.812886 0.839360 0.791281
0 0.788740 0.721836 0.795455 0.711420 0.803332 0.735340
0 0.872417 0.728009 0.874483 0.716049 0.856534 0.718750
0 0.893853 0.694830 0.902118 0.692130 0.897081 0.669946
0 0.865702 0.633873 0.873709 0.640818 0.875645 0.618055
0 0.799329 0.656250 0.807076 0.656636 0.803203 0.636574
0 0.743543 0.652778 0.747417 0.643133 0.758781 0.657601
0 0.743802 0.730324 0.749742 0.741127 0.758911 0.725502
0 0.971333 0.646991 0.975723 0.656250 0.963326 0.669753
0 0.971333 0.614583 0.974174 0.629244 0.954933 0.630401
0 0.972882 0.579861 0.978564 0.587191 0.969137 0.598958
0 0.950671 0.513117 0.955579 0.523534 0.939566 0.533372
0 0.937758 0.542824 0.943698 0.534722 0.954674 0.556327
0 0.824380 0.550926 0.833161 0.556713 0.831483 0.533757
0 0.893337 0.478009 0.900310 0.481867 0.883394 0.500772
0 0.887397 0.470679 0.892562 0.476852 0.879003 0.488233
0 0.960744 0.448688 0.968233 0.442130 0.956999 0.423611
0 0.917355 0.390818 0.914256 0.377701 0.929752 0.381559
0 0.876291 0.360725 0.878874 0.369599 0.890108 0.358410
0 0.948605 0.364583 0.959194 0.363040 0.953900 0.336612
0 0.785640 0.437114 0.793647 0.435185 0.789643 0.413195
0 0.834969 0.442515 0.843233 0.440586 0.836777 0.419174
0 0.812242 0.456790 0.812242 0.445216 0.825414 0.450810
0 0.816632 0.483410 0.824897 0.484182 0.821927 0.458719
0 0.848140 0.341821 0.856405 0.343750 0.853306 0.320023
0 0.884814 0.296682 0.890754 0.303241 0.878358 0.318287
0 0.918388 0.350694 0.924587 0.347608 0.914127 0.326196
0 0.925362 0.337963 0.935176 0.339506 0.930527 0.319445
0 0.910124 0.279321 0.914773 0.272762 0.917743 0.292438
0 0.903667 0.280478 0.908833 0.276620 0.913739 0.303241
0 0.817924 0.263117 0.821023 0.252701 0.806818 0.247299
0 0.919680 0.271991 0.926653 0.275077 0.927428 0.256559
0 0.940857 0.264275 0.950671 0.260417 0.945764 0.233025
0 0.922779 0.221451 0.930010 0.221065 0.926136 0.201389
0 0.873192 0.238040 0.879132 0.233025 0.882748 0.259838
0 0.870351 0.248457 0.876808 0.244599 0.876678 0.267361
0 0.894628 0.153549 0.902376 0.148148 0.901085 0.173033
0 0.896694 0.110340 0.894628 0.099151 0.907283 0.104360
0 0.924587 0.097608 0.928202 0.087577 0.913739 0.085841
0 0.941890 0.092207 0.947314 0.085648 0.936854 0.071567
0 0.863636 0.129630 0.870868 0.128472 0.865831 0.106868
0 0.833936 0.096451 0.832903 0.105710 0.846462 0.102045
0 0.780733 0.129630 0.787707 0.131944 0.786027 0.111111
0 0.742252 0.112269 0.745610 0.123457 0.725723 0.126737
0 0.840134 0.037037 0.843492 0.047068 0.826834 0.051890
0 0.803461 0.037809 0.808884 0.045910 0.796229 0.056328
0 0.765754 0.065201 0.759298 0.058642 0.770403 0.046296
0 0.721333 0.042052 0.724174 0.052469 0.736700 0.042438
0 0.721591 0.023148 0.724948 0.029707 0.734892 0.017554
0 0.701963 0.057870 0.709194 0.065586 0.711648 0.043403
0 0.810434 0.013117 0.813791 0.023534 0.825672 0.015818
0 0.625258 0.000000 0.627583 0.003858 0.615057 0.013889
0 0.655992 0.127701 0.659866 0.119213 0.640625 0.115355
0 0.615444 0.120370 0.615444 0.131559 0.596461 0.124036
0 0.504390 0.167052 0.514721 0.161265 0.504262 0.145833
0 0.587552 0.224923 0.587552 0.238812 0.606405 0.231868
0 0.666064 0.263889 0.670196 0.273920 0.653409 0.277199
0 0.616994 0.302855 0.624225 0.298611 0.615057 0.280285
0 0.535124 0.222994 0.543905 0.228009 0.534349 0.249422
0 0.524019 0.212963 0.528409 0.204861 0.539515 0.219714
0 0.540031 0.205247 0.537965 0.212963 0.550104 0.217786
0 0.353306 0.244599 0.357180 0.250386 0.364928 0.233797
0 0.379390 0.054012 0.377583 0.067515 0.356275 0.059414
0 0.300103 0.185957 0.304494 0.181327 0.295584 0.165895
0 0.178461 0.184028 0.171488 0.185957 0.173038 0.158565
0 0.148502 0.158951 0.158058 0.151620 0.146695 0.135802
0 0.121126 0.124228 0.112862 0.122685 0.116994 0.099344
0 0.101756 0.112654 0.111570 0.115355 0.105243 0.142361
0 0.058626 0.180556 0.068957 0.177855 0.063792 0.204668
0 0.256198 0.243827 0.263946 0.234954 0.271823 0.263311
0 0.200413 0.299769 0.208161 0.292438 0.196539 0.278164
0 0.201446 0.313272 0.203771 0.303627 0.189050 0.304977
0 0.198089 0.320988 0.201446 0.313272 0.188404 0.313079
0 0.172521 0.329475 0.179494 0.326775 0.180527 0.346451
0 0.136880 0.346451 0.143853 0.343364 0.142303 0.364969
0 0.131457 0.323688 0.139463 0.324074 0.135460 0.345872
0 0.117510 0.366898 0.127066 0.365355 0.122288 0.399305
0 0.095300 0.231481 0.101498 0.216049 0.114928 0.236689
0 0.075413 0.365355 0.081095 0.373843 0.088584 0.352431
0 0.079287 0.399691 0.085227 0.410108 0.091038 0.392168
0 0.081353 0.461806 0.084194 0.448302 0.100982 0.459877
0 0.135331 0.425154 0.145145 0.428241 0.139721 0.449846
0 0.073347 0.477238 0.079804 0.466821 0.092071 0.495564
0 0.109504 0.501929 0.117769 0.496914 0.117252 0.519483
0 0.208161 0.412423 0.212293 0.422454 0.198218 0.424575
0 0.259814 0.450231 0.254390 0.459491 0.246642 0.440200
0 0.166839 0.463735 0.176653 0.461806 0.171746 0.482446
0 0.162707 0.506559 0.167355 0.515432 0.155733 0.525463
0 0.231921 0.481481 0.235537 0.494985 0.213843 0.494405
0 0.168905 0.510802 0.173295 0.500386 0.184918 0.521605
0 0.240702 0.520833 0.242510 0.533565 0.225723 0.530093
0 0.094008 0.552083 0.102014 0.548997 0.101239 0.570987
0 0.114411 0.595679 0.115702 0.582176 0.133781 0.592979
0 0.092717 0.616127 0.100981 0.617670 0.096849 0.638504
0 0.180269 0.682099 0.190083 0.682485 0.186596 0.654707
0 0.159866 0.677083 0.168388 0.680941 0.168517 0.659529
0 0.181043 0.633488 0.186725 0.629244 0.179623 0.615548
0 0.189308 0.619213 0.182076 0.620370 0.181431 0.598958
0 0.195248 0.737654 0.197056 0.723380 0.212810 0.732061
0 0.272469 0.690586 0.283316 0.695602 0.277247 0.719907
0 0.299845 0.688272 0.299587 0.703704 0.321023 0.695988
0 0.255165 0.602238 0.260589 0.594136 0.270015 0.613040
0 0.291322 0.626543 0.297779 0.630787 0.298296 0.608989
0 0.247417 0.566358 0.249225 0.554784 0.265495 0.563658
0 0.232696 0.567515 0.239928 0.558642 0.245868 0.584877
0 0.303202 0.536651 0.307335 0.525849 0.320506 0.538195
0 0.268337 0.773148 0.276343 0.771219 0.272598 0.798418
0 0.281767 0.781250 0.274277 0.782793 0.280217 0.800926
0 0.295196 0.744213 0.298295 0.760802 0.277763 0.759838
0 0.311209 0.744599 0.311209 0.757716 0.329674 0.751157
0 0.300103 0.761960 0.308368 0.756559 0.312629 0.782987
0 0.369318 0.702160 0.376291 0.710262 0.364799 0.730131
0 0.379132 0.721451 0.385589 0.729938 0.373709 0.745950
0 0.368285 0.729938 0.373192 0.737269 0.365186 0.746528
0 0.432335 0.839120 0.440341 0.830633 0.428461 0.814429
0 0.413998 0.837577 0.418388 0.827546 0.408187 0.817322
0 0.421746 0.831790 0.413223 0.829861 0.412190 0.805748
0 0.476240 0.835262 0.482955 0.835262 0.479598 0.818672
0 0.477014 0.800926 0.481147 0.788580 0.459840 0.788002
0 0.474174 0.814429 0.477014 0.802855 0.460485 0.804013
0 0.727014 0.254630 0.734246 0.260031 0.724303 0.284722
0 0.701963 0.401235 0.707645 0.393904 0.696539 0.376544
0 0.729855 0.420525 0.740186 0.419753 0.735021 0.449846
0 0.713843 0.525077 0.718233 0.514275 0.730372 0.529321
0 0.747417 0.525077 0.749742 0.535880 0.761235 0.527200
0 0.751550 0.379244 0.750517 0.391590 0.765625 0.385803
0 0.744576 0.362269 0.751808 0.357639 0.753228 0.380787
0 0.668130 0.641204 0.668388 0.653549 0.648631 0.647377
0 0.650568 0.672840 0.650568 0.683642 0.666322 0.678241
0 0.699638 0.680941 0.709452 0.681327 0.704545 0.653550
0 0.709452 0.707176 0.708678 0.718750 0.695506 0.712963
0 0.676395 0.699460 0.677686 0.710648 0.661674 0.705054
0 0.673554 0.755401 0.676911 0.743827 0.661028 0.741705
0 0.661674 0.753858 0.659349 0.743056 0.646694 0.748457
0 0.596591 0.718364 0.599174 0.705247 0.618543 0.718557
0 0.735537 0.603781 0.742510 0.614969 0.727402 0.623843
0 0.731663 0.908565 0.734762 0.917824 0.747547 0.906443
0 0.751550 0.893133 0.747159 0.903935 0.732697 0.894869
0 0.704287 0.868056 0.707645 0.879244 0.689179 0.878086
0 0.689824 0.861883 0.691632 0.871528 0.674845 0.871721
0 0.663223 0.917438 0.654959 0.912423 0.661932 0.893904
0 0.629907 0.924769 0.633781 0.914352 0.620222 0.911265
0 0.647727 0.907793 0.646952 0.916667 0.629003 0.912037
0 0.653409 0.931327 0.658833 0.918210 0.642175 0.921296
0 0.250775 0.893904 0.256457 0.885802 0.262267 0.900656
0 0.305010 0.906636 0.312500 0.902778 0.302427 0.884452
0 0.276343 0.896219 0.274793 0.908951 0.292097 0.902971
0 0.274535 0.912037 0.274793 0.922068 0.293517 0.917053
0 0.277376 0.941744 0.278409 0.948302 0.269628 0.945023
0 0.245351 0.844907 0.245351 0.852623 0.232438 0.847415
0 0.214101 0.795139 0.212810 0.806713 0.232567 0.808256
0 0.190857 0.802083 0.195764 0.791667 0.206740 0.811535
0 0.222107 0.911265 0.221849 0.919753 0.204803 0.915509
0 0.231147 0.926698 0.224948 0.925154 0.228564 0.905865
0 0.226498 0.933642 0.226240 0.942130 0.240702 0.937886
0 0.213585 0.931713 0.214101 0.943287 0.195893 0.938851
0 0.221074 0.926312 0.221333 0.933642 0.208936 0.929977
0 0.199122 0.946373 0.201705 0.937500 0.190987 0.938272
0 0.148244 0.866127 0.153409 0.876157 0.139721 0.884838
0 0.168647 0.836034 0.170455 0.847222 0.155733 0.845679
0 0.103564 0.854938 0.106921 0.868441 0.122934 0.854938
0 0.097882 0.881944 0.100465 0.891590 0.114798 0.881173
0 0.118802 0.895062 0.117252 0.883488 0.100853 0.892554
0 0.118543 0.813657 0.123450 0.819444 0.132877 0.804976
0 0.113120 0.820602 0.112862 0.831790 0.132103 0.826196
0 0.088843 0.816744 0.085744 0.829475 0.108084 0.829283
0 0.150310 0.770062 0.158574 0.760802 0.163869 0.785686
0 0.073605 0.826775 0.080320 0.830247 0.076963 0.811921
0 0.076705 0.765818 0.086777 0.763503 0.081741 0.789545
0 0.099948 0.754244 0.107438 0.760802 0.096720 0.780671
0 0.106147 0.748071 0.111054 0.756944 0.119448 0.741705
0 0.119060 0.692130 0.126291 0.697917 0.115186 0.714506
0 0.095816 0.708719 0.106663 0.711034 0.099173 0.742669
0 0.077479 0.698302 0.085744 0.702160 0.079545 0.727430
0 0.084452 0.748843 0.076963 0.744985 0.083936 0.722994
0 0.128099 0.665509 0.131973 0.675154 0.116090 0.681327
0 0.137913 0.640818 0.143079 0.653935 0.126937 0.657793
0 0.157025 0.619599 0.166322 0.625000 0.154442 0.642940
0 0.158574 0.613426 0.164773 0.606867 0.155088 0.596065
0 0.121126 0.047454 0.123967 0.053241 0.132877 0.045717
0 0.150568 0.022762 0.152118 0.009259 0.169809 0.019483
0 0.126550 0.021219 0.129649 0.028549 0.140238 0.017554
0 0.114669 0.015432 0.120610 0.017747 0.114024 0.039738
0 0.103564 0.034336 0.108471 0.038194 0.099690 0.058449
0 0.081612 0.043210 0.087293 0.053627 0.098657 0.028550
0 0.269628 0.432099 0.273244 0.426312 0.276988 0.438272
