0 0.489411 0.381173 0.501291 0.394676 0.465651 0.440972
0 0.483471 0.500772 0.49845 0.507716 0.471591 0.567515
0 0.513171 0.578318 0.526601 0.571759 0.534091 0.636188
0 0.596333 0.580633 0.596333 0.59838 0.559143 0.604938
0 0.574122 0.562886 0.588843 0.571759 0.603822 0.534336
0 0.562242 0.474151 0.560692 0.489969 0.523502 0.476466
0 0.532541 0.390046 0.530992 0.407793 0.568182 0.412423
0 0.566632 0.387731 0.572572 0.39892 0.597882 0.372299
0 0.672004 0.529707 0.682335 0.518519 0.655733 0.467593
0 0.677944 0.636188 0.688275 0.625 0.654184 0.591821
0 0.722366 0.611883 0.720816 0.596065 0.679494 0.604938
0 0.728306 0.51659 0.722366 0.503086 0.700155 0.54321
0 0.677944 0.458719 0.680785 0.445602 0.714876 0.467593
0 0.660124 0.39892 0.658574 0.381173 0.700155 0.369985
0 0.692665 0.347994 0.686725 0.359182 0.729855 0.374614
0 0.719525 0.401235 0.719525 0.387731 0.758006 0.383488
0 0.723915 0.439043 0.726756 0.410108 0.756457 0.416667
0 0.728306 0.45216 0.712035 0.454475 0.712035 0.418981
0 0.46436 0.547454 0.47314 0.536265 0.440599 0.509645
0 0.626033 0.695988 0.621643 0.671682 0.658574 0.658179
0 0.563533 0.662809 0.565083 0.646991 0.590393 0.655864
0 0.712035 0.709105 0.702996 0.684799 0.738636 0.667052
0 0.731405 0.687114 0.743285 0.678241 0.754907 0.720293
0 0.760847 0.609568 0.772727 0.613812 0.766787 0.53858
0 0.784607 0.534336 0.774277 0.53858 0.766787 0.498843
0 0.713585 0.469907 0.701705 0.454475 0.682335 0.518519
0 0.657025 0.620756 0.648244 0.611883 0.631973 0.645062
0 0.769886 0.472222 0.777376 0.458719 0.795196 0.500772
0 0.801136 0.445602 0.789256 0.432099 0.811467 0.381173
0 0.815857 0.427855 0.820248 0.416667 0.844008 0.472222
0 0.848399 0.390046 0.860279 0.385802 0.863378 0.454475
0 0.885589 0.412423 0.870868 0.412423 0.875258 0.483025
0 0.839618 0.51659 0.851498 0.514275 0.860279 0.469907
0 0.844008 0.571759 0.853048 0.562886 0.820248 0.51196
0 0.90031 0.562886 0.903409 0.545139 0.858988 0.545139
0 0.9078 0.463349 0.897469 0.458719 0.887138 0.523148
0 0.915289 0.396605 0.90186 0.385802 0.897469 0.458719
0 0.78719 0.606481 0.797521 0.613812 0.820248 0.568287
0 0.824122 0.594907 0.833161 0.58179 0.852014 0.623457
0 0.861054 0.58912 0.864928 0.576003 0.895403 0.611883
0 0.861054 0.613812 0.848399 0.611883 0.853306 0.67091
0 0.835486 0.67284 0.844525 0.659722 0.816632 0.631173
0 0.866219 0.691744 0.86751 0.674769 0.835486 0.67284
0 0.886364 0.731867 0.896694 0.729938 0.885331 0.691744
0 0.855888 0.72608 0.863636 0.711034 0.884039 0.750772
0 0.822831 0.695602 0.829287 0.687886 0.845816 0.714506
0 0.84969 0.689815 0.836777 0.686343 0.821539 0.720293
0 0.827996 0.735725 0.827996 0.716435 0.792355 0.728009
0 0.777118 0.711034 0.788481 0.722222 0.758006 0.75463
0 0.737603 0.775463 0.747934 0.767747 0.758006 0.794367
0 0.557076 0.188272 0.573605 0.180941 0.590134 0.256944
0 0.524019 0.258488 0.535382 0.253086 0.522727 0.21875
0 0.569731 0.30054 0.565857 0.285108 0.537965 0.309799
0 0.629649 0.241512 0.63843 0.241512 0.639721 0.30787
0 0.649793 0.171296 0.660124 0.180941 0.639721 0.224537
0 0.67407 0.186343 0.680527 0.195988 0.703254 0.161651
0 0.682851 0.283179 0.688017 0.271991 0.662707 0.233796
0 0.698347 0.334491 0.704545 0.315586 0.675362 0.296682
0 0.694473 0.277778 0.707128 0.271991 0.722366 0.334491
0 0.723657 0.296682 0.72624 0.281636 0.700671 0.262346
0 0.740186 0.347994 0.736312 0.32716 0.774535 0.32716
0 0.773244 0.387731 0.780992 0.38966 0.76188 0.431713
0 0.782283 0.325231 0.794938 0.331019 0.778409 0.380401
0 0.793647 0.231867 0.80501 0.237654 0.789773 0.309799
0 0.817665 0.319444 0.833161 0.319444 0.827996 0.256944
0 0.843233 0.253086 0.855888 0.249228 0.861054 0.311728
0 0.862345 0.364969 0.872417 0.35571 0.854597 0.325231
0 0.850981 0.349923 0.854597 0.325231 0.820248 0.331019
0 0.390496 0.357639 0.396694 0.372685 0.432335 0.321373
0 0.422262 0.401235 0.418388 0.385802 0.382748 0.408565
0 0.32438 0.383873 0.327996 0.366898 0.363636 0.408565
0 0.364928 0.463735 0.360021 0.44483 0.329287 0.488426
0 0.414514 0.255015 0.41968 0.241512 0.45532 0.275849
0 0.459194 0.253086 0.457903 0.239583 0.424845 0.262346
0 0.477014 0.173225 0.479339 0.19213 0.517562 0.179012
0 0.531508 0.205633 0.526601 0.184414 0.488378 0.207176
0 0.541839 0.119985 0.551911 0.119985 0.573605 0.180941
0 0.454029 0.135031 0.45532 0.154321 0.428719 0.154321
0 0.446281 0.180941 0.445248 0.159722 0.413223 0.173225
0 0.428719 0.140818 0.428719 0.154321 0.396694 0.150463
0 0.428719 0.064815 0.440083 0.066744 0.432335 0.119985
0 0.474432 0.103009 0.471849 0.089506 0.440083 0.114198
0 0.460486 0.116127 0.471849 0.116127 0.460486 0.167438
0 0.347107 0.226466 0.353564 0.211034 0.384039 0.255015
0 0.37655 0.262346 0.381457 0.271991 0.409607 0.243441
0 0.410899 0.235725 0.404442 0.253086 0.381457 0.230324
0 0.37655 0.288966 0.381457 0.271991 0.420971 0.292824
0 0.28874 0.180941 0.294938 0.169367 0.329287 0.209105
0 0.338326 0.226466 0.347107 0.226466 0.329287 0.175154
0 0.711002 0.184414 0.722366 0.19213 0.701963 0.241512
0 0.749225 0.209105 0.747934 0.224537 0.783574 0.21875
0 0.782283 0.233796 0.777118 0.24537 0.754132 0.226466
0 0.933626 0.349923 0.931043 0.331019 0.891529 0.334491
0 0.931043 0.283179 0.913223 0.281636 0.897986 0.321373
0 0.939824 0.275849 0.936209 0.253086 0.902893 0.283179
0 0.936209 0.332948 0.94499 0.323302 0.918388 0.296682
0 0.917097 0.262346 0.919421 0.247299 0.878874 0.233796
0 0.701963 0.180941 0.703254 0.161651 0.740186 0.180941
0 0.627066 0.146605 0.637138 0.150463 0.651085 0.10108
0 0.690599 0.07446 0.684143 0.062886 0.654959 0.118056
0 0.708419 0.10841 0.714876 0.093364 0.741477 0.127701
0 0.671488 0.104938 0.67407 0.089506 0.703254 0.097222
0 0.563533 0.087577 0.557076 0.078318 0.530217 0.10841
0 0.144886 0.292824 0.153926 0.302469 0.176653 0.235725
0 0.195764 0.287037 0.185692 0.275849 0.225207 0.230324
0 0.204804 0.224537 0.194473 0.21875 0.185692 0.275849
0 0.176653 0.195988 0.188275 0.197917 0.18311 0.24537
0 0.190857 0.175154 0.207386 0.175154 0.194473 0.21875
0 0.258264 0.207176 0.269628 0.207176 0.26188 0.155864
0 0.240444 0.271991 0.249225 0.260417 0.273502 0.306327
0 0.23657 0.374614 0.240444 0.359182 0.277118 0.38966
0 0.25439 0.442901 0.242769 0.431713 0.268337 0.38966
0 0.232696 0.442901 0.246643 0.446759 0.233988 0.501929
0 0.232696 0.511188 0.228822 0.496142 0.199638 0.520833
0 0.206095 0.465664 0.199638 0.456404 0.175362 0.484568
0 0.181818 0.456404 0.185692 0.433642 0.163998 0.433642
0 0.171746 0.407022 0.176653 0.416281 0.20093 0.38233
0 0.195764 0.366898 0.202221 0.366898 0.199638 0.420139
0 0.222624 0.399306 0.233988 0.385802 0.209711 0.359182
0 0.216167 0.446759 0.209711 0.431713 0.237862 0.414352
0 0.180527 0.30054 0.186983 0.311728 0.160124 0.346065
0 0.19189 0.351852 0.185692 0.342207 0.208678 0.30054
0 0.114411 0.323302 0.119576 0.311728 0.155217 0.325231
0 0.291322 0.553241 0.296229 0.564429 0.255682 0.583719
0 0.264463 0.53588 0.269628 0.522762 0.242769 0.509645
0 0.368802 0.655864 0.377841 0.64429 0.343492 0.602623
0 0.286157 0.602623 0.293647 0.611883 0.268337 0.64429
0 0.291322 0.635031 0.278409 0.633102 0.276085 0.686343
0 0.269628 0.689815 0.267045 0.676698 0.250517 0.691744
0 0.286157 0.697531 0.300103 0.697531 0.292614 0.741127
0 0.264463 0.777392 0.26188 0.756559 0.302686 0.741127
0 0.241736 0.794367 0.233988 0.779321 0.259556 0.743056
0 0.228822 0.771605 0.237862 0.760417 0.211002 0.72608
0 0.213585 0.720293 0.221333 0.707176 0.24406 0.743056
0 0.096074 0.373457 0.100723 0.381559 0.124225 0.349537
0 0.086519 0.431713 0.094008 0.437886 0.108988 0.395833
0 0.103564 0.430941 0.110537 0.440972 0.131198 0.396991
0 0.103564 0.42554 0.111829 0.419367 0.103564 0.385802
0 0.129649 0.393904 0.140754 0.391975 0.137138 0.451389
0 0.157283 0.396991 0.167614 0.398148 0.155217 0.440972
0 0.204545 0.527392 0.208678 0.540509 0.171746 0.549769
0 0.138688 0.522377 0.129649 0.513889 0.16064 0.470679
0 0.091942 0.463735 0.094525 0.479167 0.128357 0.452546
0 0.108988 0.482253 0.100207 0.471836 0.133264 0.430941
0 0.090651 0.482253 0.082903 0.489198 0.108471 0.520062
0 0.096591 0.483025 0.0953 0.492284 0.127066 0.497685
0 0.086519 0.50463 0.092717 0.49537 0.106921 0.533565
0 0.088585 0.548997 0.087035 0.534336 0.119318 0.53125
0 0.119318 0.554012 0.133264 0.549769 0.129649 0.605324
0 0.178461 0.557099 0.184659 0.566358 0.162707 0.606481
0 0.142045 0.603395 0.151085 0.597222 0.158574 0.640432
0 0.137913 0.625 0.144112 0.613426 0.161415 0.66088
0 0.08032 0.570602 0.082386 0.558256 0.101498 0.582948
0 0.101498 0.562114 0.108471 0.566358 0.104855 0.606481
0 0.116736 0.648534 0.12345 0.641204 0.110537 0.594907
0 0.085744 0.591049 0.0953 0.591821 0.090651 0.637346
0 0.081612 0.615741 0.090651 0.614583 0.093233 0.672068
0 0.079545 0.650463 0.086519 0.642361 0.093233 0.672068
0 0.09814 0.591049 0.106921 0.588735 0.104339 0.640432
0 0.091942 0.237654 0.096074 0.248071 0.125517 0.204861
0 0.088585 0.332176 0.096074 0.33642 0.107696 0.283951
0 0.094008 0.280864 0.099432 0.290123 0.126291 0.25733
0 0.087035 0.296296 0.094008 0.303627 0.108988 0.269676
0 0.094525 0.303627 0.099432 0.310571 0.127583 0.283951
0 0.100723 0.32909 0.096591 0.313657 0.122159 0.30054
0 0.096591 0.192515 0.101498 0.182485 0.109762 0.193673 0.121384 0.210262
0 0.099432 0.163966 0.099432 0.175154 0.136622 0.155478
0 0.110537 0.177083 0.108988 0.164738 0.138688 0.170139
0 0.109762 0.188657 0.111054 0.181327 0.146952 0.190586
0 0.135847 0.215278 0.131715 0.202932 0.16968 0.19483
0 0.153151 0.170139 0.153667 0.158565 0.1875 0.162809
0 0.164773 0.125772 0.174329 0.125 0.16813 0.176312
0 0.129132 0.142361 0.131198 0.130015 0.161415 0.153549
0 0.143337 0.112654 0.146178 0.10108 0.174329 0.125
0 0.119318 0.125772 0.118027 0.11034 0.159349 0.121914
0 0.099432 0.106481 0.104855 0.097994 0.125517 0.139275
0 0.106405 0.141204 0.103564 0.126929 0.135847 0.100309
0 0.103564 0.086034 0.108471 0.078704 0.124225 0.107253
0 0.102789 0.058256 0.108988 0.052855 0.122159 0.091821
0 0.109762 0.04784 0.118027 0.039738 0.134556 0.079861
0 0.125 0.043596 0.13249 0.041667 0.129649 0.087963
0 0.116736 0.023148 0.115186 0.034336 0.143337 0.039738
0 0.124225 0.008873 0.131715 0.010031 0.125 0.048997
0 0.136622 0.01196 0.14282 0.010802 0.135847 0.04784
0 0.151085 0.015046 0.159349 0.021219 0.144112 0.059028
0 0.138688 0.052855 0.148244 0.050926 0.151085 0.100309
0 0.164773 0.01929 0.173812 0.01929 0.164773 0.059028
0 0.188017 0.062114 0.195764 0.064429 0.184659 0.113426
0 0.183884 0.033565 0.192149 0.035494 0.186725 0.070602
0 0.185434 0.01196 0.193698 0.016204 0.179752 0.062114
0 0.195764 0.01196 0.192149 0.021219 0.218492 0.05517
0 0.197831 0.077546 0.20532 0.077546 0.200413 0.125772
0 0.22314 0.091821 0.23063 0.100309 0.204545 0.131173
0 0.236312 0.097222 0.245093 0.103395 0.225981 0.143519
0 0.249225 0.145448 0.241736 0.131944 0.282283 0.112654
0 0.270661 0.077546 0.266529 0.071373 0.246643 0.097994
0 0.241736 0.073688 0.236312 0.063272 0.215651 0.100309
0 0.2203 0.043596 0.21436 0.043596 0.213585 0.087963
0 0.232696 0.062114 0.229339 0.04784 0.200413 0.069444
0 0.215651 0.022377 0.210227 0.033565 0.243802 0.054012
0 0.245868 0.007716 0.253357 0.015046 0.232696 0.036651
0 0.240961 0.007716 0.243027 0.016975 0.2203 0.025463
0 0.258264 0.039738 0.266529 0.046682 0.236829 0.086806
0 0.258264 0.071373 0.252066 0.08179 0.241736 0.073688
0 0.278151 0.005787 0.284349 0.018133 0.247159 0.034336
0 0.267045 0.032407 0.276085 0.034336 0.266529 0.071373
0 0.304236 0.058256 0.311725 0.068287 0.274019 0.100309
0 0.296746 0.100309 0.305527 0.104167 0.282283 0.150463
0 0.331095 0.122685 0.336002 0.130015 0.310434 0.150463
0 0.3422 0.157793 0.340651 0.147377 0.314566 0.157793
0 0.364153 0.170139 0.372417 0.162809 0.344783 0.143519
0 0.35718 0.182485 0.362603 0.173997 0.393595 0.202932
0 0.317924 0.092978 0.322056 0.083719 0.347624 0.125
0 0.307593 0.076775 0.315857 0.077546 0.310434 0.125
0 0.322056 0.064429 0.315857 0.073688 0.302169 0.043596
0 0.307076 0.039738 0.297521 0.030478 0.27531 0.073688
0 0.303461 0.016204 0.29468 0.016204 0.29468 0.065201
0 0.28719 0.015046 0.293905 0.022377 0.277376 0.043596
0 0.333161 0.016975 0.340651 0.015046 0.342717 0.052855
0 0.334711 0.029321 0.342717 0.030093 0.336002 0.051698
0 0.339618 0.053241 0.349432 0.048611 0.353564 0.099923
0 0.339618 0.082948 0.342975 0.072917 0.321023 0.061728
0 0.389721 0.108796 0.396436 0.103009 0.371643 0.065201
0 0.415289 0.09838 0.41219 0.085648 0.380165 0.097608
0 0.350207 0.023148 0.357696 0.018133 0.371384 0.071759
0 0.378099 0.010417 0.383264 0.018519 0.360021 0.039352
0 0.383264 0.020448 0.375517 0.020062 0.381198 0.054012
0 0.397211 0.015046 0.404959 0.020833 0.385331 0.056713
0 0.406767 0.023148 0.410899 0.027778 0.397211 0.064815
0 0.400052 0.023534 0.401601 0.035108 0.380424 0.040895
0 0.406508 0.014275 0.413223 0.013117 0.415548 0.046682
0 0.411674 0.036265 0.416064 0.042824 0.398502 0.070602
0 0.419938 0.013117 0.427686 0.01659 0.412965 0.064815
0 0.450671 0.008102 0.458161 0.013889 0.437758 0.054784
0 0.485795 0.009645 0.490444 0.018519 0.459969 0.044753
0 0.503099 0.01466 0.508264 0.018519 0.490961 0.063272
0 0.541322 0.072917 0.545455 0.060957 0.511622 0.035494
0 0.515754 0.018519 0.522211 0.025077 0.494576 0.060957
0 0.530733 0.009645 0.536415 0.015046 0.512655 0.055556
0 0.53564 0.011188 0.542614 0.01196 0.542355 0.016975 0.540031 0.053241
0 0.548037 0.016975 0.542355 0.016975 0.54907 0.052469
0 0.551395 0.028549 0.55656 0.017361 0.584711 0.056713
0 0.589618 0.067901 0.588843 0.057099 0.551653 0.059799
0 0.603822 0.040509 0.600207 0.028935 0.566116 0.051698
0 0.58936 0.021605 0.597366 0.018904 0.607955 0.066358
0 0.608729 0.030093 0.613378 0.024306 0.615702 0.0625
0 0.628357 0.034722 0.632748 0.041667 0.61906 0.075231
0 0.63688 0.03858 0.63094 0.042438 0.646952 0.082176
0 0.64282 0.057485 0.649019 0.064815 0.619835 0.104938
0 0.635331 0.025849 0.640754 0.01929 0.653151 0.064429
0 0.669421 0.027778 0.672004 0.039352 0.648244 0.046682
0 0.678202 0.024691 0.685692 0.03125 0.660382 0.068287
0 0.685434 0.010417 0.682076 0.020062 0.71436 0.033179
0 0.698864 0.027778 0.691632 0.025463 0.683884 0.059799
0 0.717975 0.03125 0.71126 0.02662 0.698864 0.075617
0 0.719525 0.019676 0.727789 0.019676 0.728048 0.047454 0.728306 0.074846
0 0.734246 0.041281 0.728048 0.047454 0.750517 0.08179
0 0.744576 0.021219 0.748967 0.024306 0.73657 0.04591
0 0.720816 0.092207 0.724432 0.076775 0.759298 0.104167
0 0.774277 0.092978 0.783316 0.096065 0.772211 0.138503
0 0.78719 0.15162 0.791064 0.140432 0.813275 0.166281
0 0.797779 0.078704 0.803719 0.071373 0.823605 0.10571
0 0.789256 0.028935 0.794421 0.034336 0.772211 0.070988
0 0.810692 0.031636 0.805785 0.023148 0.783574 0.049383
0 0.813533 0.067515 0.818182 0.056327 0.846074 0.088349
0 0.8453 0.053241 0.841684 0.044367 0.811725 0.066744
0 0.826705 0.025077 0.832386 0.017747 0.85124 0.060185
0 0.841167 0.032793 0.838068 0.02662 0.810692 0.047454
0 0.850981 0.027392 0.859504 0.02662 0.865444 0.08642
0 0.84814 0.048611 0.854855 0.048225 0.853822 0.099151
0 0.877324 0.046682 0.883523 0.049769 0.878099 0.098765
0 0.810176 0.118056 0.809401 0.128086 0.840909 0.127315
0 0.797779 0.124614 0.797521 0.137346 0.831095 0.137346
0 0.83187 0.165895 0.836777 0.155093 0.861312 0.188272
0 0.878616 0.150077 0.887397 0.155093 0.873192 0.199074
0 0.896436 0.032793 0.904959 0.039352 0.885589 0.088735
0 0.929494 0.04591 0.926911 0.058642 0.884814 0.037423
0 0.894112 0.07909 0.89876 0.08642 0.878099 0.105324
0 0.904184 0.111497 0.903151 0.098765 0.862087 0.109568
0 0.874225 0.098765 0.879907 0.108025 0.847107 0.134259
0 0.896178 0.138117 0.900052 0.125 0.857955 0.121142
0 0.903151 0.095293 0.908316 0.090664 0.896694 0.060571
0 0.930269 0.088349 0.933368 0.076775 0.903151 0.061728
0 0.926911 0.0625 0.922004 0.071373 0.90031 0.054012
0 0.92407 0.069444 0.928719 0.072917 0.908058 0.09375
0 0.926653 0.087577 0.91968 0.082948 0.905475 0.118827
0 0.924329 0.104938 0.91813 0.100309 0.898502 0.144676
0 0.935434 0.11034 0.928202 0.101852 0.909607 0.15625
0 0.934143 0.176312 0.937242 0.165895 0.909607 0.15625
0 0.893079 0.162037 0.903151 0.16358 0.895403 0.219136
0 0.935434 0.147762 0.936209 0.158179 0.900052 0.149691
0 0.935434 0.181327 0.933626 0.192515 0.903667 0.171682
0 0.928461 0.194444 0.920713 0.186343 0.90186 0.221836
0 0.934401 0.20679 0.923037 0.199846 0.909607 0.241898
0 0.752841 0.175154 0.75749 0.162809 0.72469 0.149691
0 0.748192 0.175154 0.75155 0.160108 0.717975 0.16088
0 0.422262 0.660108 0.428719 0.670525 0.39876 0.703318
0 0.426395 0.737654 0.429236 0.720679 0.392304 0.719136
0 0.488895 0.691744 0.487087 0.681327 0.453512 0.698688
0 0.481663 0.746528 0.481147 0.725309 0.53719 0.739198
0 0.551911 0.728781 0.553719 0.717207 0.526085 0.717207
0 0.61312 0.8125 0.621384 0.802855 0.59375 0.76929
0 0.634298 0.78858 0.642045 0.777006 0.607955 0.74537
0 0.626808 0.856481 0.639205 0.859954 0.641529 0.800926
0 0.661415 0.797454 0.670455 0.798225 0.665548 0.739198
0 0.619576 0.885417 0.627841 0.878472 0.602014 0.837191
0 0.577221 0.866127 0.583678 0.853009 0.554236 0.833333
0 0.549587 0.822145 0.552428 0.80787 0.584969 0.823688
0 0.563017 0.792824 0.559659 0.778935 0.528409 0.794753
0 0.549587 0.771991 0.545971 0.78588 0.508781 0.76466
0 0.471849 0.80787 0.476498 0.822145 0.508264 0.787037
0 0.481663 0.832562 0.480114 0.845679 0.447056 0.831019
0 0.54907 0.871528 0.551911 0.884645 0.590909 0.860725
0 0.416322 0.864198 0.417097 0.875772 0.452996 0.860725
0 0.426395 0.841435 0.43001 0.82716 0.470558 0.851852
0 0.419421 0.824846 0.419938 0.80787 0.456353 0.815201
0 0.414514 0.853781 0.421746 0.849537 0.407541 0.803627
0 0.382748 0.763889 0.391012 0.752701 0.413998 0.793981
0 0.374483 0.855324 0.384556 0.861497 0.4047 0.796682
0 0.352273 0.883488 0.354597 0.895833 0.389205 0.879244
0 0.358729 0.919753 0.363378 0.928627 0.395661 0.899691
0 0.374483 0.906636 0.381715 0.91358 0.405733 0.871528
0 0.395145 0.932099 0.4047 0.923225 0.379907 0.886188
0 0.44938 0.934028 0.451705 0.920525 0.411674 0.912809
0 0.45532 0.93017 0.463585 0.919753 0.433368 0.881944
0 0.479339 0.925926 0.481663 0.91088 0.454029 0.907407
0 0.48657 0.918981 0.498192 0.921682 0.501291 0.851852
0 0.508781 0.89429 0.51782 0.899691 0.526601 0.844136
0 0.50594 0.921682 0.513688 0.917824 0.513688 0.875772
0 0.516012 0.939043 0.524277 0.93017 0.5 0.907407
0 0.520145 0.917824 0.528926 0.917824 0.523502 0.866898
0 0.526085 0.932099 0.519628 0.922454 0.549587 0.895062
0 0.587293 0.93017 0.58187 0.920525 0.606663 0.888117
0 0.576705 0.93017 0.569473 0.922454 0.589101 0.881944
0 0.564824 0.93017 0.558368 0.922454 0.577221 0.883488
0 0.552428 0.93017 0.558368 0.922454 0.534866 0.879244
0 0.533574 0.931327 0.528926 0.917824 0.551911 0.901235
0 0.540031 0.935571 0.535899 0.923225 0.561983 0.91088
0 0.654442 0.929398 0.659866 0.935571 0.675103 0.909336
0 0.689824 0.93287 0.698089 0.923225 0.671488 0.875772
0 0.693957 0.850309 0.704545 0.840664 0.676136 0.797454
0 0.696798 0.801698 0.691632 0.789352 0.721591 0.779707
0 0.698089 0.763889 0.70093 0.752701 0.731147 0.775463
0 0.715651 0.862654 0.72469 0.864198 0.731147 0.803627
0 0.75 0.844907 0.75 0.82909 0.715134 0.836034
0 0.736312 0.932099 0.741736 0.919753 0.708678 0.887346
0 0.714618 0.922454 0.707386 0.912809 0.733471 0.880015
0 0.763946 0.895062 0.772986 0.886188 0.75 0.844907
0 0.778151 0.859182 0.786415 0.855324 0.76937 0.818673
0 0.795196 0.906636 0.798812 0.89159 0.77531 0.880015
0 0.791839 0.927855 0.795196 0.915509 0.760589 0.903935
0 0.81999 0.934028 0.824122 0.925926 0.80062 0.906636
0 0.81405 0.890818 0.81999 0.881173 0.78874 0.85108
0 0.823605 0.844136 0.830579 0.833333 0.793388 0.807099
0 0.855888 0.850309 0.864928 0.844136 0.834194 0.803627
0 0.846074 0.809028 0.855888 0.800926 0.823089 0.765818
0 0.817149 0.753472 0.815857 0.74267 0.83781 0.746528
0 0.840651 0.739198 0.847624 0.733025 0.858988 0.756944
0 0.876033 0.752701 0.886622 0.74537 0.901343 0.792052
0 0.905992 0.823688 0.914256 0.816744 0.884814 0.78588
0 0.880682 0.855324 0.891271 0.853009 0.877066 0.792824
0 0.943182 0.815201 0.93311 0.80517 0.897211 0.85108
0 0.943698 0.798997 0.933626 0.809799 0.900052 0.747299
0 0.947314 0.836034 0.939566 0.82909 0.927169 0.875772
0 0.939566 0.900463 0.948605 0.888117 0.926653 0.839506
0 0.928977 0.917824 0.938533 0.91358 0.915548 0.866898
0 0.935434 0.899691 0.924845 0.903935 0.922004 0.85108
0 0.924845 0.919753 0.927944 0.907407 0.892562 0.901235
0 0.909607 0.885417 0.904959 0.897762 0.867769 0.860725
0 0.91374 0.934028 0.920196 0.919753 0.87655 0.910108
0 0.847107 0.931327 0.83781 0.921682 0.87061 0.871528
0 0.832386 0.932099 0.840651 0.931327 0.827738 0.859954
0 0.828771 0.931327 0.840651 0.922454 0.823605 0.886188
0 0.93905 0.753472 0.944473 0.74267 0.911415 0.700617
0 0.947831 0.718364 0.940341 0.72338 0.928461 0.68287
0 0.949122 0.651235 0.94189 0.64159 0.917355 0.692515
0 0.947831 0.605324 0.941374 0.600309 0.92562 0.652006
0 0.934401 0.572145 0.943182 0.572145 0.930785 0.619599
0 0.936725 0.550154 0.94189 0.557099 0.911932 0.590664
0 0.941374 0.539352 0.940857 0.522762 0.905992 0.515818
0 0.816374 0.481481 0.824638 0.476852 0.831095 0.513117
0 0.945506 0.513889 0.94189 0.506173 0.911415 0.528935
0 0.940857 0.498071 0.937758 0.510417 0.906767 0.491898
0 0.94189 0.447145 0.947831 0.457562 0.924845 0.47338
0 0.934401 0.447145 0.928461 0.440201 0.908316 0.478009
0 0.935434 0.41358 0.937758 0.422454 0.909091 0.428627
0 0.937758 0.445216 0.943698 0.432099 0.912448 0.416281
0 0.366994 0.712963 0.376291 0.720679 0.356147 0.759645
0 0.311983 0.774691 0.313791 0.787037 0.335744 0.777006
0 0.340393 0.78858 0.332645 0.782407 0.355114 0.744599
0 0.325671 0.798225 0.33032 0.807099 0.304494 0.82716
0 0.337293 0.78858 0.345558 0.798225 0.321539 0.82909
0 0.337293 0.824846 0.342717 0.828318 0.358729 0.785108
0 0.34969 0.822917 0.356921 0.824846 0.372159 0.768519
0 0.302686 0.859182 0.307335 0.86767 0.338585 0.828318
0 0.29907 0.873843 0.307335 0.86767 0.286157 0.83179
0 0.334452 0.86767 0.344008 0.873071 0.359762 0.825617
0 0.334452 0.883488 0.343233 0.884645 0.34969 0.822917
0 0.29313 0.890818 0.294421 0.899691 0.334452 0.883488
0 0.305527 0.920525 0.313275 0.932099 0.339876 0.88966
0 0.311467 0.908179 0.31844 0.917824 0.338585 0.884645
0 0.296229 0.918981 0.304494 0.91088 0.276601 0.876543
0 0.2797 0.925154 0.288998 0.921682 0.26782 0.880015
0 0.288998 0.912809 0.2797 0.917052 0.271952 0.875
0 0.240186 0.917824 0.24845 0.915509 0.236054 0.862654
0 0.204804 0.914352 0.215393 0.912037 0.207128 0.85108
0 0.251291 0.86767 0.257748 0.857253 0.230114 0.828318
0 0.238895 0.828318 0.247934 0.822145 0.224174 0.790509
0 0.26782 0.859182 0.276085 0.85108 0.255424 0.807099
0 0.275052 0.820216 0.267304 0.82909 0.260331 0.791281
0 0.192924 0.811343 0.202479 0.820988 0.22314 0.770062
0 0.152893 0.783179 0.15186 0.796682 0.191374 0.789352
0 0.115186 0.792052 0.116994 0.804398 0.155992 0.782407
0 0.128357 0.84838 0.138171 0.850309 0.141271 0.809028
0 0.137138 0.872299 0.133523 0.860725 0.170196 0.838735
0 0.15186 0.917824 0.148244 0.903935 0.181818 0.89429
0 0.089876 0.909336 0.0953 0.904707 0.081612 0.87037
0 0.087035 0.878472 0.089876 0.885417 0.122934 0.859954
0 0.121643 0.912809 0.131198 0.91088 0.118802 0.860725
0 0.102273 0.912037 0.10124 0.901235 0.135331 0.901235
0 0.0953 0.888889 0.096333 0.901235 0.118802 0.900463
0 0.077479 0.863426 0.080579 0.853781 0.105888 0.869599
0 0.076446 0.841435 0.079804 0.833333 0.106405 0.860725
0 0.078254 0.822917 0.079804 0.809028 0.118802 0.831019
0 0.082903 0.797454 0.0922 0.791281 0.110021 0.846836
0 0.080579 0.770833 0.087552 0.760417 0.114669 0.80517
0 0.080579 0.746528 0.089876 0.738426 0.099948 0.782407
0 0.078254 0.734182 0.083936 0.718364 0.118802 0.760417
0 0.090393 0.710262 0.083936 0.724537 0.116994 0.755015
0 0.12061 0.761188 0.129907 0.765818 0.135847 0.717207
0 0.105888 0.715664 0.093492 0.718364 0.0922 0.665509
0 0.085744 0.70216 0.093492 0.718364 0.122417 0.691744
0 0.105888 0.684799 0.112345 0.693673 0.131198 0.64429
0 0.097107 0.671682 0.105372 0.677855 0.12345 0.641204
0 0.095816 0.650463 0.102789 0.650463 0.097107 0.684799
0 0.119318 0.708333 0.125775 0.711034 0.133523 0.649691
0 0.134039 0.713735 0.128357 0.710262 0.138946 0.66088
0 0.147211 0.681327 0.137138 0.690201 0.16064 0.725309
0 0.168905 0.743827 0.162448 0.730324 0.200155 0.700617
0 0.189566 0.692515 0.199638 0.684799 0.165289 0.630015
0 0.161157 0.659336 0.168388 0.656636 0.165289 0.697145
0 0.1578 0.695216 0.165289 0.697145 0.16064 0.725309
0 0.147727 0.646991 0.159349 0.645833 0.1578 0.695216
0 0.212035 0.625 0.21436 0.64159 0.238895 0.628472
0 0.32438 0.608025 0.323864 0.615355 0.344525 0.612654
0 0.265754 0.463735 0.268079 0.471836 0.296229 0.455633