0 0.208936 0.552469 0.220558 0.556327 0.208936 0.633488
0 0.217975 0.638117 0.217975 0.648148 0.247676 0.64429
0 0.431302 0.648148 0.436209 0.661651 0.38688 0.678627
0 0.468233 0.697145 0.477273 0.688657 0.445248 0.638117
0 0.533833 0.687114 0.544421 0.697145 0.575413 0.646991
0 0.520661 0.585648 0.533833 0.595293 0.551653 0.518133
0 0.55501 0.448302 0.563275 0.458333 0.527118 0.502315
0 0.517304 0.5 0.525568 0.491127 0.492769 0.453318
0 0.509039 0.376157 0.520661 0.377315 0.514979 0.435957
0 0.496901 0.326003 0.50594 0.31713 0.527118 0.369985
0 0.541839 0.318673 0.551653 0.303627 0.574638 0.347994
0 0.58936 0.341821 0.596074 0.344136 0.600207 0.288966
0 0.610795 0.355324 0.618285 0.346836 0.646952 0.403164
0 0.689566 0.354167 0.694473 0.337963 0.728822 0.375
0 0.73218 0.341821 0.737862 0.334491 0.761622 0.372299
0 0.686209 0.472994 0.691116 0.486497 0.648502 0.50733
0 0.722366 0.484954 0.720558 0.472994 0.763171 0.472994
0 0.709969 0.557485 0.712552 0.56983 0.751808 0.56983
0 0.693698 0.586806 0.705837 0.575617 0.735537 0.627315
0 0.780475 0.563657 0.787965 0.575617 0.816632 0.521991
0 0.791064 0.460648 0.808368 0.461806 0.791064 0.378472
0 0.81405 0.443287 0.822314 0.453318 0.858471 0.425154
0 0.835486 0.648148 0.846074 0.654321 0.865702 0.599151
0 0.825671 0.687114 0.832903 0.678627 0.806043 0.635802
0 0.7797 0.69946 0.789514 0.689815 0.798554 0.764275
0 0.798554 0.698302 0.80501 0.716821 0.764205 0.736111
0 0.800878 0.750772 0.807593 0.759645 0.832903 0.729938
0 0.869835 0.756944 0.86906 0.771605 0.835486 0.75463
0 0.811725 0.770448 0.816632 0.764275 0.848657 0.797454
0 0.860021 0.797454 0.865702 0.805941 0.886364 0.763117
0 0.881457 0.707948 0.892045 0.70679 0.890238 0.649306
0 0.718233 0.796296 0.719783 0.808642 0.760847 0.799769
0 0.882231 0.825617 0.889463 0.823302 0.880424 0.785108
0 0.90031 0.787809 0.910124 0.788966 0.904184 0.739969
0 0.83626 0.88966 0.848399 0.895448 0.854339 0.827932
0 0.756715 0.895448 0.768853 0.881944 0.731663 0.853395
0 0.745868 0.946759 0.752841 0.949846 0.760847 0.907407
0 0.738636 0.961806 0.745868 0.946759 0.701446 0.927083
0 0.775826 0.955633 0.783058 0.952546 0.777893 0.904707
0 0.804236 0.945216 0.817149 0.951389 0.83032 0.880401
0 0.833419 0.948302 0.843492 0.952546 0.858471 0.893904
0 0.853564 0.945216 0.863636 0.948302 0.875517 0.891204
0 0.883523 0.940586 0.890754 0.949846 0.915806 0.915123
0 0.955062 0.948302 0.962293 0.939043 0.925878 0.910494
0 0.947056 0.912037 0.954029 0.90162 0.91374 0.868441
0 0.932076 0.865355 0.934917 0.877315 0.969267 0.863812
0 0.895661 0.858025 0.899793 0.873071 0.942149 0.827932
0 0.906767 0.824846 0.910899 0.836806 0.883523 0.866898
0 0.89876 0.812886 0.906767 0.824846 0.934917 0.772377
0 0.902893 0.722608 0.916839 0.716435 0.926911 0.772377
0 0.97624 0.697145 0.966167 0.713735 0.928977 0.668596
0 0.942149 0.609954 0.932851 0.626157 0.89876 0.603781
0 0.917872 0.558642 0.928977 0.551312 0.89282 0.515046
0 0.89876 0.466821 0.910899 0.459491 0.890754 0.408179
0 0.883523 0.369213 0.893595 0.378086 0.914773 0.315201
0 0.883523 0.263889 0.89282 0.256173 0.914773 0.302855
0 0.905733 0.22338 0.91374 0.233796 0.89282 0.256173
0 0.947056 0.196373 0.952996 0.21142 0.915806 0.221836
0 0.943957 0.153935 0.943957 0.166281 0.910899 0.151235
0 0.977273 0.21142 0.986312 0.191744 0.949122 0.149691
0 0.988378 0.208333 0.97624 0.20216 0.966167 0.248843
0 0.984246 0.319444 0.994318 0.316358 0.97314 0.271219
0 0.969267 0.298611 0.99845 0.287809 0.99845 0.304398
0 0.9672 0.337577 0.969267 0.298611 0.97624 0.301312
0 0.957128 0.373843 0.977273 0.34375 0.985279 0.35108
0 0.951188 0.384259 0.990444 0.376543 0.994318 0.390046
0 0.964101 0.400849 0.997417 0.438272 0.990444 0.456404
0 0.962293 0.47608 0.980372 0.438272 0.993285 0.444444
0 0.940083 0.402392 0.960227 0.461034 0.9672 0.451775
0 0.594783 0.645833 0.597882 0.655093 0.636105 0.611111
0 0.635072 0.663966 0.674329 0.657793 0.675362 0.67284
0 0.499225 0.719522 0.511105 0.725694 0.48812 0.779707
0 0.53125 0.817515 0.541322 0.823302 0.570506 0.778164
0 0.621901 0.836806 0.63094 0.842978 0.637138 0.791667
0 0.664256 0.880401 0.673295 0.878858 0.655217 0.823302
0 0.655217 0.949846 0.664256 0.948302 0.666322 0.888117
0 0.652118 0.961806 0.655217 0.949846 0.611829 0.933256
0 0.541322 0.958719 0.550362 0.955633 0.550362 0.910494
0 0.518337 0.92554 0.523244 0.939043 0.549587 0.888117
0 0.498192 0.820216 0.503099 0.835262 0.46281 0.850309
0 0.404442 0.850309 0.415548 0.846065 0.391529 0.782793
0 0.334969 0.767747 0.340134 0.784336 0.297779 0.811343
0 0.31689 0.869985 0.31999 0.881944 0.360279 0.850309
0 0.284607 0.820216 0.300878 0.823302 0.290806 0.90162
0 0.344008 0.960262 0.356147 0.952546 0.368285 0.893904
0 0.365186 0.964892 0.369318 0.969136 0.387397 0.955633
0 0.395403 0.970679 0.393337 0.955633 0.436725 0.933256
0 0.436725 0.966049 0.431818 0.955633 0.467975 0.933256
0 0.287707 0.958719 0.289773 0.976852 0.321023 0.957176
0 0.474948 0.534722 0.472882 0.549769 0.428719 0.533179
0 0.438791 0.474537 0.441632 0.459491 0.475981 0.47608
0 0.377324 0.462577 0.37939 0.448688 0.421746 0.444444
0 0.34814 0.498457 0.340134 0.486497 0.37939 0.448688
0 0.3422 0.472994 0.340134 0.486497 0.304752 0.478781
0 0.380424 0.405093 0.393337 0.402392 0.39437 0.354167
0 0.45093 0.316358 0.461777 0.319444 0.441632 0.376543
0 0.391529 0.24267 0.399535 0.236883 0.41064 0.286265
0 0.45093 0.229167 0.459969 0.245756 0.414514 0.278935
0 0.439824 0.181327 0.459969 0.238426 0.466942 0.23071
0 0.368285 0.113426 0.402376 0.140432 0.411674 0.128472
0 0.336002 0.076003 0.349174 0.077546 0.324897 0.141975
0 0.2172 0.188657 0.222366 0.172068 0.258523 0.212577
0 0.339101 0.239969 0.343233 0.226466 0.375258 0.255015
0 0.347107 0.316358 0.356147 0.300154 0.321023 0.271219
0 0.350207 0.340664 0.355114 0.349537 0.31999 0.378086
0 0.271694 0.336034 0.271694 0.352623 0.31689 0.320988
0 0.258523 0.34375 0.266529 0.33912 0.241477 0.289352
0 0.199122 0.329861 0.21126 0.324074 0.188017 0.268519
0 0.2172 0.369213 0.21436 0.37963 0.263688 0.376543
0 0.14876 0.585648 0.158833 0.594907 0.18905 0.530093
0 0.157025 0.50733 0.166839 0.51196 0.18311 0.459491
0 0.451705 0.06713 0.459969 0.082176 0.5 0.042824
0 0.506198 0.032407 0.508264 0.0 0.517304 0.000772
0 0.45687 0.033951 0.481921 0.0 0.470816 0.0
0 0.315857 0.05787 0.323864 0.005401 0.338068 0.009645
0 0.592717 0.011188 0.59969 0.0 0.626033 0.064043
0 0.660124 0.06713 0.660124 0.05054 0.701446 0.054784
0 0.65625 0.137731 0.658058 0.116512 0.607696 0.089506
0 0.669163 0.282022 0.669163 0.292438 0.627841 0.277392
0 0.670196 0.238426 0.680269 0.244599 0.691374 0.187114
0 0.644112 0.187114 0.650052 0.19946 0.677169 0.151235
0 0.774019 0.248843 0.774793 0.265432 0.728564 0.266975
0 0.764721 0.221836 0.774793 0.224923 0.783058 0.176698
0 0.79907 0.22338 0.803977 0.215664 0.784866 0.185957
0 0.834194 0.233796 0.838326 0.244599 0.877583 0.21875
0 0.783058 0.292438 0.797004 0.295525 0.81405 0.244599
0 0.853306 0.19946 0.866477 0.201003 0.860537 0.148148
0 0.875517 0.139275 0.884556 0.124228 0.838326 0.080633
0 0.883523 0.030864 0.891787 0.039738 0.858471 0.06713
0 0.83032 0.026235 0.842459 0.032407 0.825155 0.077546
0 0.811209 0.04591 0.819215 0.04591 0.813275 0.097222
0 0.791064 0.094136 0.792097 0.109182 0.750775 0.104552
0 0.695506 0.037037 0.702479 0.026235 0.73063 0.056327
0 0.914773 0.018904 0.922779 0.009645 0.940083 0.048997
0 0.974174 0.021991 0.9703 0.038194 0.93595 0.018904
0 0.9703 0.04591 0.968233 0.060957 0.925878 0.064043
0 0.919938 0.07909 0.921746 0.094136 0.951963 0.071373
0 0.97314 0.114969 0.975207 0.099923 0.93001 0.094136
0 0.960227 0.089506 0.9703 0.094136 0.985279 0.032407
0 0.298812 0.047454 0.299845 0.05787 0.25155 0.059414
0 0.954029 0.606867 0.98812 0.569059 0.994318 0.578318
0 0.957128 0.560185 0.991219 0.558642 0.990186 0.543596
0 0.956095 0.52392 0.997417 0.543596 0.997417 0.555556
0 0.955062 0.51196 0.998192 0.521219 0.999742 0.533951 0.999742 0.53588
0 0.958936 0.47608 0.989153 0.491127 0.985279 0.503086
0 0.9672 0.641204 0.998192 0.588735 0.999742 0.60571 0.999742 0.608796
0 0.979081 0.679012 0.993285 0.63233 0.996384 0.641204
0 0.981147 0.684799 0.999742 0.720679 0.999742 0.721836 0.996384 0.733025
0 0.989153 0.742284 0.998192 0.746528 0.980114 0.802083
0 0.952996 0.772377 0.969008 0.826389 0.97624 0.815972
0 0.981147 0.874614 0.987345 0.866898 0.981147 0.841435
0 0.977273 0.836806 0.990186 0.829475 0.985279 0.790123
0 0.989153 0.927083 0.999225 0.92554 0.997417 0.866898
0 0.986312 0.934799 0.989153 0.927083 0.955062 0.92091
0 0.966167 0.893904 0.987345 0.91358 0.991219 0.905864
0 0.059401 0.212963 0.067407 0.229167 0.109762 0.166281
0 0.095558 0.263889 0.108729 0.262346 0.112603 0.20679
0 0.129907 0.241512 0.138946 0.232253 0.117769 0.190201
0 0.114669 0.328704 0.124742 0.332948 0.138946 0.270062
0 0.057335 0.286651 0.06844 0.282022 0.078512 0.352623
0 0.058368 0.405478 0.06844 0.406636 0.063275 0.352623
0 0.081612 0.5 0.091684 0.491127 0.07438 0.429398
0 0.110795 0.480324 0.119835 0.474537 0.135847 0.554012
0 0.048295 0.561728 0.058368 0.563272 0.060434 0.496914
0 0.055269 0.653549 0.066374 0.662423 0.079545 0.573688
0 0.075413 0.75733 0.079545 0.746528 0.059401 0.692515
0 0.049329 0.746528 0.056302 0.740741 0.06844 0.804012
0 0.119835 0.799383 0.132748 0.788966 0.112603 0.727238
0 0.226498 0.839892 0.23657 0.821759 0.194215 0.787423
0 0.230372 0.865355 0.229597 0.883488 0.194215 0.891204
0 0.111829 0.859568 0.113636 0.846065 0.173037 0.876157
0 0.135847 0.955633 0.149019 0.96142 0.163998 0.904321
0 0.185176 0.966049 0.193182 0.958719 0.200413 0.907407
0 0.200413 0.974923 0.19938 0.958719 0.24251 0.95409
0 0.067407 0.952546 0.072572 0.966049 0.117769 0.901235
0 0.086519 0.969136 0.082645 0.96142 0.133781 0.9375
0 0.046229 0.871142 0.047262 0.883488 0.084452 0.856096
0 0.057335 0.886188 0.072572 0.878858 0.065341 0.94213
0 0.044163 0.901235 0.054236 0.896991 0.072572 0.966049
0 0.060434 0.021991 0.06844 0.0 0.115702 0.065586
0 0.150052 0.021991 0.159091 0.026235 0.122676 0.083719
0 0.110795 0.021991 0.117769 0.014275 0.146952 0.037037
0 0.113636 0.121142 0.120868 0.133102 0.149019 0.098765
0 0.167097 0.136188 0.16813 0.116512 0.212293 0.114969
0 0.234504 0.080633 0.249742 0.08642 0.221333 0.142361
0 0.221333 0.05787 0.217459 0.076003 0.180269 0.05054
0 0.229597 0.056327 0.227531 0.06713 0.270661 0.084877
0 0.237603 0.032407 0.229597 0.056327 0.209452 0.035494
0 0.223399 0.011188 0.219525 0.027778 0.173037 0.033951
0 0.244576 0.0 0.244576 0.011188 0.21436 0.002315