0 0.161674 0.262731 0.163998 0.282793 0.20532 0.270833
0 0.230888 0.314429 0.237603 0.309414 0.214101 0.26929
0 0.19189 0.361111 0.184143 0.371142 0.16064 0.331019
0 0.158316 0.219136 0.161674 0.206019 0.190857 0.239198
0 0.189566 0.212577 0.189566 0.195988 0.228564 0.202546
0 0.16968 0.189429 0.176395 0.192515 0.186209 0.147762
0 0.25439 0.122685 0.263171 0.119213 0.269886 0.165895
0 0.304494 0.26929 0.312242 0.262731 0.291064 0.222608
0 0.300103 0.292824 0.304494 0.279321 0.268853 0.260802
0 0.322314 0.237654 0.332386 0.231096 0.346849 0.290895
0 0.352531 0.279321 0.359246 0.270833 0.380424 0.320988
0 0.387138 0.257716 0.391529 0.244213 0.428461 0.251157
0 0.398244 0.314429 0.398244 0.329475 0.428461 0.332562
0 0.361312 0.359182 0.364669 0.346065 0.397211 0.372685
0 0.331353 0.33912 0.332386 0.322531 0.370351 0.329475
0 0.290031 0.4375 0.29907 0.440972 0.31689 0.385802
0 0.266529 0.447531 0.275568 0.452546 0.243285 0.500772
0 0.170713 0.4375 0.180785 0.442515 0.158316 0.497685
0 0.330062 0.456019 0.330062 0.469136 0.368027 0.440972
0 0.361312 0.479167 0.365961 0.474151 0.368027 0.440972
0 0.397211 0.46412 0.395919 0.452546 0.370351 0.452546
0 0.388171 0.390818 0.401601 0.397762 0.378099 0.442515
0 0.43156 0.415895 0.437242 0.429398 0.403926 0.435957
0 0.470816 0.44946 0.481921 0.454475 0.460744 0.509259
0 0.339101 0.510802 0.345816 0.497685 0.366994 0.524306
0 0.438275 0.329475 0.448347 0.334491 0.429494 0.372685
0 0.399277 0.51929 0.400568 0.529321 0.363636 0.534336
0 0.398244 0.537809 0.404959 0.539352 0.423812 0.504244
0 0.398244 0.559414 0.403926 0.569444 0.422779 0.514275
0 0.416064 0.542438 0.426136 0.547454 0.427169 0.510802
0 0.465134 0.539352 0.469525 0.554398 0.441632 0.570988
0 0.47624 0.599151 0.47624 0.587577 0.504132 0.584105
0 0.503099 0.629244 0.498709 0.612654 0.534349 0.597608
0 0.436209 0.645833 0.434917 0.625772 0.475207 0.625772
0 0.469525 0.759259 0.465134 0.750772 0.493027 0.72608
0 0.495351 0.734182 0.49406 0.745756 0.469525 0.740741
0 0.521436 0.783951 0.524019 0.792438 0.499483 0.79784
0 0.570764 0.790509 0.567665 0.778549 0.602273 0.76466
0 0.621384 0.633102 0.626291 0.634645 0.618027 0.60108
0 0.522469 0.554012 0.527893 0.546682 0.501291 0.508488
0 0.488636 0.52662 0.494576 0.527392 0.484246 0.573688
0 0.635589 0.474537 0.637138 0.487654 0.593233 0.482639
0 0.676395 0.525849 0.681818 0.53858 0.713843 0.503086
0 0.6578 0.634645 0.666064 0.628086 0.639979 0.589892
0 0.662707 0.664738 0.671488 0.668596 0.678461 0.623843
0 0.680785 0.665509 0.687758 0.674383 0.707903 0.628086
0 0.710486 0.754244 0.710486 0.737654 0.67407 0.745756
0 0.656767 0.793981 0.663223 0.786651 0.637138 0.745756
0 0.712293 0.711806 0.7203 0.704475 0.741736 0.762346
0 0.76343 0.755015 0.766012 0.74267 0.736829 0.709491
0 0.73063 0.689043 0.737345 0.680941 0.754649 0.719907
0 0.748192 0.676698 0.749742 0.667052 0.781767 0.680941
0 0.790548 0.691358 0.785124 0.682485 0.810692 0.646605
0 0.794938 0.578318 0.802428 0.58179 0.787965 0.637731
0 0.736054 0.613426 0.742252 0.602238 0.763946 0.628858
0 0.762397 0.52662 0.770403 0.532022 0.749742 0.570216
0 0.788998 0.475309 0.796488 0.482639 0.772727 0.518519
0 0.790548 0.457562 0.787965 0.469522 0.820506 0.476852
0 0.754132 0.429012 0.755682 0.438657 0.72314 0.448302
0 0.707386 0.453318 0.712293 0.445216 0.734504 0.478395
0 0.712293 0.501929 0.7172 0.494985 0.689308 0.462963
0 0.662707 0.450231 0.66813 0.45409 0.678461 0.420139
0 0.65186 0.396605 0.656767 0.399691 0.637138 0.439429
0 0.603564 0.393133 0.612087 0.394676 0.607696 0.445216
0 0.772727 0.714892 0.77686 0.725694 0.798812 0.693287
0 0.797521 0.728781 0.799329 0.741898 0.820506 0.728781
0 0.77376 0.780093 0.783574 0.783179 0.785124 0.731481
0 0.807335 0.788194 0.815083 0.802855 0.778151 0.824074
0 0.829804 0.813272 0.834194 0.804398 0.810692 0.766975
0 0.774277 0.837577 0.774793 0.849923 0.806818 0.836034
0 0.758006 0.814815 0.752583 0.823302 0.72314 0.794753
0 0.70093 0.865355 0.708419 0.873457 0.725207 0.832176
0 0.701446 0.835262 0.697056 0.849151 0.665031 0.817515
0 0.852531 0.503086 0.853048 0.488426 0.819215 0.486883
0 0.861312 0.529707 0.869835 0.52662 0.850465 0.480324
0 0.850981 0.58912 0.860021 0.584105 0.835227 0.533179
0 0.878616 0.520833 0.886364 0.523148 0.87655 0.56713
0 0.9047 0.561343 0.909607 0.571373 0.873709 0.593364
0 0.920971 0.588349 0.929752 0.58912 0.920971 0.645062
0 0.939566 0.592207 0.941116 0.603781 0.913998 0.61034
0 0.885072 0.668596 0.891787 0.667052 0.898244 0.708719
0 0.880165 0.677855 0.88688 0.680941 0.871643 0.710262
0 0.840651 0.668596 0.848657 0.660494 0.858988 0.696373
0 0.82593 0.72338 0.828512 0.73071 0.83936 0.706019
0 0.845558 0.763117 0.854081 0.761574 0.842717 0.718364
0 0.931818 0.749228 0.932593 0.733025 0.892304 0.741127
0 0.938017 0.724151 0.946023 0.716821 0.922004 0.667824
0 0.935176 0.686728 0.940599 0.695602 0.908058 0.709491
0 0.925878 0.511188 0.932593 0.521605 0.902634 0.549383
0 0.926911 0.506944 0.931818 0.502315 0.915031 0.469522
0 0.938017 0.507716 0.94499 0.498071 0.920455 0.460648
0 0.927686 0.469522 0.936209 0.469522 0.927686 0.410494
0 0.918388 0.445216 0.927686 0.441358 0.909091 0.381173
0 0.908574 0.375386 0.919421 0.378472 0.920455 0.315201
0 0.864411 0.388503 0.864411 0.400463 0.89437 0.39892
0 0.737087 0.389275 0.744318 0.403935 0.771952 0.359954
0 0.791064 0.376157 0.791064 0.381944 0.766529 0.381173
0 0.791581 0.322531 0.799329 0.324846 0.787707 0.366512
0 0.8422 0.383488 0.853564 0.389275 0.832903 0.429784
0 0.857955 0.334105 0.856921 0.346065 0.828512 0.324074
0 0.852014 0.385802 0.862345 0.387731 0.860021 0.323302
0 0.83626 0.291667 0.83187 0.303241 0.801395 0.271219
0 0.874742 0.279321 0.885589 0.285108 0.866736 0.345293
0 0.762138 0.291667 0.766529 0.303241 0.790031 0.278549
0 0.746384 0.319444 0.754649 0.318673 0.743802 0.27392
0 0.734504 0.321759 0.740961 0.319444 0.729081 0.290123
0 0.685434 0.373071 0.692665 0.375386 0.682335 0.405478
0 0.666581 0.35108 0.67407 0.354938 0.656767 0.399691
0 0.603306 0.337191 0.61312 0.332948 0.620868 0.384259
0 0.576188 0.383488 0.580062 0.384259 0.583936 0.350309
0 0.549587 0.361497 0.553977 0.372299 0.519112 0.400463
0 0.518079 0.367284 0.519628 0.376929 0.489669 0.384259
0 0.516787 0.316744 0.524535 0.311343 0.538223 0.359954
0 0.592459 0.299769 0.594267 0.309414 0.614928 0.30054
0 0.527376 0.28125 0.529959 0.287809 0.551136 0.262346
0 0.558368 0.275463 0.560434 0.265046 0.579545 0.270448
0 0.491994 0.335648 0.501808 0.331404 0.485795 0.290895
0 0.474432 0.323302 0.480888 0.319444 0.485279 0.364198
0 0.47624 0.388503 0.48657 0.381944 0.467975 0.334877
0 0.651343 0.181327 0.657283 0.193673 0.630682 0.221836
0 0.591942 0.243827 0.592975 0.231096 0.631198 0.247299
0 0.551136 0.217978 0.554494 0.212191 0.578254 0.23804
0 0.720816 0.22608 0.722624 0.23804 0.757748 0.219522
0 0.624483 0.181327 0.628357 0.188657 0.654442 0.154321
0 0.642045 0.092593 0.651343 0.089506 0.640496 0.142361
0 0.66219 0.121914 0.659866 0.132716 0.695248 0.132716
0 0.669163 0.090278 0.67407 0.08642 0.679494 0.121914
0 0.662707 0.096836 0.666581 0.087963 0.694215 0.121914
0 0.689308 0.099151 0.695248 0.089506 0.721849 0.127701
0 0.720816 0.08642 0.728564 0.07909 0.741477 0.12037
0 0.748192 0.091821 0.755682 0.099151 0.749225 0.132716
0 0.778409 0.190201 0.786674 0.180556 0.808368 0.232639
0 0.840651 0.166667 0.84969 0.170139 0.8422 0.224537
0 0.872159 0.138889 0.874742 0.14892 0.850207 0.16088
0 0.83936 0.268133 0.847107 0.274691 0.858471 0.231096
0 0.889463 0.276235 0.880165 0.282793 0.866219 0.22608
0 0.891012 0.237269 0.88688 0.243056 0.872159 0.208333
0 0.908574 0.243056 0.899793 0.235725 0.893337 0.278164
0 0.924329 0.224537 0.926395 0.234182 0.893853 0.222608
0 0.93311 0.240741 0.931302 0.229167 0.90625 0.237269
0 0.930785 0.243056 0.923812 0.241512 0.909607 0.276235
0 0.923812 0.165123 0.924329 0.17554 0.898244 0.176312
0 0.947056 0.108025 0.95532 0.107253 0.951963 0.165123
0 0.926395 0.101852 0.929236 0.110725 0.90031 0.128472
0 0.912965 0.082948 0.918388 0.091821 0.88843 0.114583
0 0.857955 0.096836 0.865444 0.091821 0.872159 0.128472
0 0.885589 0.116127 0.889463 0.127701 0.860021 0.134259
0 0.908574 0.152006 0.913481 0.140818 0.888946 0.131944
0 0.922004 0.157022 0.923812 0.14892 0.908574 0.14892
0 0.93311 0.143904 0.930269 0.134259 0.913998 0.144676
0 0.929236 0.172454 0.935692 0.17091 0.934659 0.121914
0 0.934659 0.189429 0.942924 0.187886 0.929752 0.152006
0 0.931818 0.195216 0.928202 0.183642 0.904184 0.212191
0 0.935176 0.190972 0.931818 0.18287 0.917872 0.196759
0 0.915548 0.188657 0.916064 0.201003 0.895403 0.207176
0 0.838326 0.079861 0.829545 0.087963 0.858471 0.114583 0.846591 0.087963
0 0.853048 0.09838 0.850207 0.109954 0.877583 0.113812
0 0.821539 0.091821 0.828512 0.096065 0.812758 0.126929
0 0.789514 0.099923 0.798554 0.099923 0.795971 0.140818
0 0.794938 0.083719 0.790548 0.09375 0.820506 0.118056
0 0.809659 0.097608 0.814308 0.09838 0.806818 0.121914
0 0.83781 0.087963 0.846591 0.087963 0.828512 0.109954
0 0.847624 0.09838 0.836777 0.099151 0.832386 0.124614
0 0.5953 0.104938 0.603306 0.102623 0.60563 0.143904
0 0.587035 0.104167 0.591942 0.092593 0.618543 0.124614
0 0.551136 0.102623 0.556043 0.112269 0.5328 0.138889
0 0.526085 0.083719 0.532025 0.075617 0.553977 0.10571
0 0.502324 0.096065 0.507748 0.08642 0.5328 0.113812
0 0.490186 0.094522 0.499483 0.087963 0.511364 0.126929
0 0.499483 0.16088 0.502324 0.149691 0.531508 0.166667
0 0.496901 0.192901 0.490186 0.179012 0.531508 0.157022
0 0.512655 0.244599 0.504907 0.236497 0.524019 0.209877
0 0.48812 0.209877 0.49561 0.221836 0.469008 0.244599
0 0.476756 0.161651 0.484504 0.17091 0.459969 0.204861
0 0.451188 0.215278 0.451705 0.223765 0.421229 0.226852
0 0.383781 0.151235 0.391271 0.142361 0.41968 0.186343
0 0.361054 0.153549 0.371901 0.152006 0.36906 0.213735
0 0.358729 0.186343 0.353822 0.195216 0.321798 0.16821
0 0.332645 0.190972 0.337552 0.179784 0.301653 0.172454
0 0.270661 0.193673 0.272211 0.203318 0.301653 0.172454
0 0.317407 0.190972 0.31095 0.203318 0.279959 0.198302
0 0.331612 0.201003 0.327221 0.190972 0.298295 0.212963
0 0.337035 0.138117 0.332128 0.126157 0.301136 0.158565
0 0.302169 0.130787 0.307076 0.138117 0.330579 0.109182
0 0.31405 0.082176 0.319473 0.088735 0.291322 0.129244
0 0.321281 0.085262 0.328254 0.081404 0.338585 0.118827
0 0.334711 0.085262 0.339618 0.077932 0.36906 0.11304
0 0.30811 0.07716 0.309143 0.085262 0.275052 0.092593
0 0.269112 0.083719 0.271178 0.094522 0.241219 0.099151
0 0.235279 0.085262 0.229855 0.07716 0.204287 0.109954
0 0.189566 0.111497 0.196023 0.101852 0.217975 0.134259
0 0.180269 0.132716 0.178202 0.118827 0.204287 0.109954
0 0.209711 0.07716 0.216167 0.087191 0.180785 0.113812
0 0.216167 0.116127 0.215134 0.101852 0.24845 0.10571
0 0.236829 0.092593 0.239669 0.101852 0.212552 0.118056
0 0.419163 0.074074 0.423554 0.082948 0.401085 0.096836
0 0.423554 0.090278 0.432593 0.089506 0.43001 0.124614
0 0.458161 0.076389 0.466426 0.08642 0.435434 0.115355
0 0.468492 0.083719 0.463068 0.087963 0.466426 0.126929
0 0.473399 0.10571 0.470816 0.115355 0.49845 0.143904
0 0.486054 0.077932 0.494576 0.079861 0.485537 0.118056
0 0.498967 0.082176 0.494576 0.079861 0.478306 0.108025
0 0.449122 0.344522 0.457645 0.339892 0.459969 0.385417
0 0.5328 0.892747 0.539256 0.898534 0.553977 0.843364
0 0.491994 0.92284 0.502324 0.926312 0.514721 0.872685
0 0.618027 0.93287 0.620868 0.920525 0.588585 0.913194
0 0.62939 0.927855 0.637655 0.919753 0.610021 0.883873
0 0.722624 0.932099 0.728048 0.92284 0.688791 0.88966
0 0.574122 0.861111 0.582645 0.859568 0.581095 0.895448
0 0.77376 0.93017 0.781767 0.93287 0.782283 0.890432
0 0.824122 0.933642 0.83032 0.927083 0.807335 0.888117
0 0.84969 0.876543 0.860021 0.880015 0.854597 0.822917
0 0.901343 0.841049 0.903667 0.850694 0.874742 0.86034
0 0.912965 0.76466 0.923812 0.768519 0.915548 0.815586
0 0.874742 0.749228 0.879132 0.753858 0.853048 0.782407
0 0.940599 0.802083 0.94344 0.811728 0.917355 0.820602
0 0.913481 0.874228 0.920971 0.869985 0.908058 0.822145
0 0.933626 0.878472 0.941116 0.875772 0.924329 0.82716
0 0.945506 0.880787 0.936725 0.875772 0.927686 0.904321 0.933884 0.896219
0 0.934659 0.906636 0.934659 0.912423 0.911157 0.902006
0 0.928202 0.890432 0.926911 0.897762 0.909091 0.890432
0 0.893853 0.924769 0.90031 0.928627 0.918905 0.895448
0 0.883006 0.929398 0.891787 0.926312 0.873709 0.880015
0 0.866736 0.929398 0.872159 0.93287 0.883523 0.895448
0 0.863378 0.936728 0.866736 0.929398 0.83626 0.902778
0 0.151601 0.765432 0.161415 0.771219 0.168905 0.703704
0 0.23218 0.771991 0.243543 0.773534 0.238636 0.823688
0 0.200413 0.802855 0.208161 0.805941 0.195506 0.849923
0 0.156508 0.866127 0.162965 0.871142 0.174845 0.817515
0 0.188533 0.873457 0.194473 0.866127 0.216167 0.893904
0 0.234762 0.899306 0.24251 0.885802 0.283316 0.919753
0 0.19189 0.927855 0.190083 0.913966 0.230372 0.901235
0 0.161932 0.918981 0.163481 0.903549 0.20532 0.904321
0 0.153667 0.910108 0.152118 0.897762 0.188533 0.873457
0 0.150052 0.893904 0.159091 0.890432 0.143337 0.836806
0 0.352273 0.911651 0.355114 0.903549 0.389721 0.919753