0 0.394112 0.464892 0.403667 0.46142 0.413481 0.510417
0 0.463326 0.493827 0.469008 0.507716 0.43156 0.540123
0 0.512397 0.502701 0.512913 0.51929 0.47469 0.510031
0 0.473657 0.543596 0.482955 0.553627 0.453771 0.593364
0 0.386364 0.630015 0.396178 0.624228 0.374483 0.57716
0 0.61751 0.541281 0.624225 0.529321 0.594008 0.496914
0 0.599174 0.440972 0.590393 0.43017 0.61751 0.403164
0 0.399019 0.278549 0.39876 0.262346 0.439308 0.26929
0 0.496901 0.320988 0.496126 0.308256 0.463068 0.31713
0 0.545713 0.374228 0.552686 0.385031 0.57438 0.347994
0 0.555269 0.335262 0.55811 0.31983 0.594008 0.341821
0 0.577996 0.38696 0.587035 0.380401 0.56405 0.347222
0 0.615702 0.39429 0.613636 0.380401 0.576705 0.389275
0 0.599174 0.341821 0.609504 0.340278 0.611312 0.381944
0 0.601756 0.292824 0.598657 0.283565 0.624483 0.275077
0 0.590134 0.26196 0.595816 0.247685 0.563017 0.234568
0 0.662707 0.277778 0.655992 0.270833 0.647211 0.304398
0 0.657541 0.255787 0.654184 0.266975 0.689824 0.286265
0 0.685176 0.240355 0.681043 0.253858 0.716167 0.264275
0 0.686983 0.222994 0.685176 0.240355 0.638171 0.220679
0 0.619318 0.177083 0.616477 0.193673 0.576963 0.167824
0 0.550878 0.215664 0.551136 0.231096 0.517304 0.217207
0 0.48657 0.212963 0.48657 0.231096 0.448864 0.219136
0 0.505424 0.195988 0.502841 0.211806 0.458936 0.192901
0 0.515238 0.123457 0.516012 0.107639 0.56405 0.121914
0 0.605372 0.061343 0.608729 0.074074 0.573605 0.084491
0 0.670971 0.061343 0.678719 0.061343 0.660124 0.113812
0 0.669938 0.052469 0.665548 0.065201 0.698347 0.089506
0 0.456353 0.066744 0.458419 0.049383 0.509814 0.080247
0 0.432335 0.066358 0.432335 0.066358 0.436725 0.053627 0.470816 0.084491
0 0.442665 0.114198 0.43595 0.099923 0.476498 0.083333
0 0.439308 0.123071 0.441116 0.108796 0.403151 0.107253
0 0.326188 0.099923 0.325671 0.085648 0.366219 0.087577
0 0.438533 0.083719 0.438533 0.098765 0.403926 0.087577
0 0.419938 0.068287 0.416839 0.054784 0.381715 0.080633
0 0.378616 0.072917 0.37655 0.056713 0.340651 0.072145
0 0.380424 0.048611 0.375258 0.062114 0.41219 0.085262
0 0.33781 0.638117 0.333936 0.655864 0.381198 0.677083
0 0.311467 0.608025 0.323605 0.608796 0.318698 0.557485
0 0.224174 0.528935 0.239153 0.523148 0.243285 0.587963
0 0.202996 0.534336 0.211519 0.542052 0.230888 0.499228
0 0.208419 0.606481 0.223915 0.61767 0.190341 0.673997
0 0.293905 0.712191 0.305269 0.709877 0.294163 0.654321
0 0.170196 0.726466 0.178202 0.743827 0.216426 0.694059
0 0.331612 0.472608 0.347107 0.475694 0.346333 0.402006
0 0.282025 0.076775 0.292097 0.082562 0.27531 0.134259
0 0.315083 0.052469 0.317149 0.064043 0.278667 0.068673
0 0.274535 0.057099 0.281508 0.070602 0.242252 0.097222
0 0.234246 0.055556 0.238636 0.068673 0.204804 0.091435
0 0.24251 0.051698 0.254132 0.060185 0.229081 0.106867
0 0.1875 0.054012 0.192665 0.064043 0.161157 0.096065
0 0.231147 0.116512 0.221074 0.137731 0.182593 0.094522
0 0.135589 0.062114 0.146178 0.065586 0.129907 0.130401
0 0.13843 0.098765 0.149019 0.107639 0.164256 0.054784
0 0.125775 0.125386 0.12655 0.141204 0.16064 0.133488
0 0.11751 0.157407 0.124742 0.150077 0.141787 0.192901
0 0.127841 0.20409 0.133264 0.217207 0.161674 0.177469
0 0.107696 0.21142 0.115186 0.200231 0.145919 0.244599
0 0.108471 0.229167 0.109762 0.24537 0.146952 0.231481
0 0.109762 0.252701 0.122934 0.249614 0.127841 0.318673
0 0.149793 0.250772 0.157541 0.259259 0.127841 0.298611
0 0.16968 0.265818 0.180785 0.26466 0.181043 0.319444
0 0.124483 0.325231 0.133006 0.33642 0.158058 0.282407
0 0.106405 0.309028 0.117252 0.304012 0.126033 0.352623
0 0.106921 0.355324 0.113636 0.373843 0.15186 0.326775
0 0.106147 0.384259 0.115444 0.400077 0.143337 0.356867
0 0.101498 0.396605 0.110537 0.386574 0.127066 0.448302
0 0.148502 0.350694 0.158833 0.354552 0.140496 0.409722
0 0.113378 0.456019 0.125775 0.457176 0.120093 0.396991
0 0.106147 0.451389 0.10563 0.471836 0.147986 0.457948
0 0.096591 0.463349 0.10563 0.45216 0.124225 0.509645
0 0.105372 0.486497 0.108471 0.509259 0.145403 0.468364
0 0.162448 0.422068 0.154442 0.441744 0.203512 0.47608
0 0.143595 0.406636 0.147986 0.429012 0.192407 0.401235
0 0.146952 0.452546 0.161932 0.445216 0.163998 0.520448
0 0.140754 0.540123 0.157283 0.540123 0.153667 0.476852
0 0.099432 0.527392 0.104597 0.546682 0.150052 0.51196
0 0.100981 0.508873 0.104081 0.53125 0.152376 0.499614
0 0.19189 0.340278 0.208678 0.334877 0.200155 0.274691
0 0.218492 0.252701 0.233729 0.24267 0.235279 0.309414
0 0.222882 0.238426 0.219008 0.265818 0.268853 0.25463
0 0.192665 0.189043 0.211002 0.184414 0.211002 0.25
0 0.218492 0.161265 0.233729 0.158179 0.235279 0.212191
0 0.291839 0.05517 0.28719 0.070216 0.321281 0.10571
0 0.71126 0.055941 0.72314 0.067515 0.691632 0.123843
0 0.77686 0.061343 0.789773 0.075617 0.753099 0.121528
0 0.81095 0.05054 0.808368 0.071759 0.847882 0.084491
0 0.85563 0.068673 0.862603 0.091435 0.813791 0.09375
0 0.923554 0.080633 0.921746 0.09838 0.887913 0.076003
0 0.827738 0.106096 0.83187 0.131173 0.788998 0.136574
0 0.876291 0.165509 0.860279 0.178627 0.840651 0.118056
0 0.925362 0.133488 0.924329 0.153164 0.882748 0.133488
0 0.916322 0.170139 0.926136 0.160108 0.899019 0.12037
0 0.83781 0.126929 0.841684 0.155864 0.785899 0.166667
0 0.784866 0.190586 0.795196 0.181327 0.808626 0.229938
0 0.795455 0.227238 0.782541 0.243827 0.754907 0.183256
0 0.760589 0.221065 0.765238 0.237654 0.728306 0.247299
0 0.796229 0.266204 0.793905 0.286265 0.752324 0.279321
0 0.808626 0.252701 0.826963 0.259645 0.825671 0.195216
0 0.828512 0.222222 0.838585 0.239583 0.860537 0.182485
0 0.862603 0.20409 0.872676 0.202932 0.871126 0.259645
0 0.902376 0.206404 0.897469 0.224537 0.865702 0.190201
0 0.862603 0.191358 0.871643 0.201003 0.893079 0.160108
0 0.917872 0.189429 0.911932 0.198688 0.897211 0.167824
0 0.924587 0.19483 0.921746 0.211034 0.888688 0.190201
0 0.932851 0.226852 0.925878 0.236883 0.90625 0.196759
0 0.901601 0.244985 0.91374 0.191358 0.92407 0.203318
0 0.932851 0.251929 0.923554 0.259645 0.911157 0.20409
0 0.929494 0.260417 0.925103 0.273534 0.899535 0.221836
0 0.926911 0.256944 0.919938 0.27392 0.887913 0.246528
0 0.934401 0.28588 0.925103 0.300926 0.881198 0.25463
0 0.935176 0.306713 0.924845 0.319444 0.900568 0.263117
0 0.93311 0.321373 0.92562 0.339892 0.888688 0.301312
0 0.860537 0.320602 0.875517 0.315586 0.850465 0.250386
0 0.806043 0.307485 0.816374 0.294367 0.836519 0.346451
0 0.881198 0.362269 0.871901 0.378086 0.845558 0.322145
0 0.885072 0.360725 0.899793 0.371528 0.91064 0.306713
0 0.924329 0.410108 0.935692 0.400849 0.907283 0.354938
0 0.930269 0.403549 0.942407 0.396219 0.920971 0.341821
0 0.90625 0.420525 0.919163 0.423225 0.915031 0.353781
0 0.874225 0.422068 0.885589 0.412809 0.858471 0.371528
0 0.940599 0.464892 0.931043 0.474151 0.914773 0.417824
0 0.937758 0.480324 0.926136 0.488812 0.909091 0.413966
0 0.918388 0.481867 0.90625 0.484568 0.903926 0.418981
0 0.942407 0.51466 0.939308 0.52662 0.915289 0.490741
0 0.932076 0.524691 0.940857 0.517361 0.92562 0.488426
0 0.945506 0.533179 0.941632 0.54591 0.915548 0.510802
0 0.942665 0.560957 0.934917 0.565201 0.922779 0.51196
0 0.93595 0.567515 0.928202 0.572531 0.917614 0.521219
0 0.923554 0.560185 0.915031 0.569444 0.895145 0.512346
0 0.942149 0.588735 0.933884 0.604938 0.895145 0.554012
0 0.135072 0.564429 0.139463 0.581019 0.175878 0.547454
0 0.096074 0.57909 0.103822 0.598765 0.142304 0.542052
0 0.103306 0.613426 0.112087 0.621142 0.13249 0.575231
0 0.12655 0.717978 0.135847 0.717207 0.131457 0.765046
0 0.13843 0.707176 0.15186 0.701003 0.128616 0.63966
0 0.147211 0.696373 0.150052 0.716049 0.178461 0.668596
0 0.0922 0.676698 0.100465 0.684414 0.113378 0.630401
0 0.097882 0.67091 0.105372 0.679784 0.123192 0.622685
0 0.223915 0.844907 0.227273 0.86767 0.276343 0.83642
0 0.326188 0.747299 0.32438 0.766975 0.373967 0.777006
0 0.362862 0.795139 0.360795 0.817515 0.413223 0.822917
0 0.403151 0.834105 0.404442 0.852623 0.442407 0.830247
0 0.347107 0.831019 0.350465 0.854552 0.392045 0.827932
0 0.27686 0.861111 0.285124 0.880015 0.323864 0.828704
0 0.265754 0.876157 0.264463 0.89429 0.223399 0.879244
0 0.420971 0.893133 0.412448 0.905093 0.390238 0.854938
0 0.388171 0.895833 0.38094 0.905093 0.35563 0.858796
0 0.375517 0.922068 0.38688 0.920525 0.384039 0.866512
0 0.315341 0.916281 0.315857 0.916281 0.333678 0.918981 0.33626 0.842978
0 0.427428 0.890818 0.435692 0.904321 0.467975 0.866127
0 0.66064 0.733025 0.662707 0.755401 0.707128 0.732253
0 0.784866 0.633488 0.79468 0.642361 0.806302 0.600309
0 0.875775 0.565201 0.890754 0.574846 0.866736 0.637731
0 0.889721 0.645448 0.903667 0.653164 0.921229 0.590278
0 0.946023 0.672068 0.938275 0.687114 0.90186 0.628472
0 0.844525 0.701003 0.833419 0.716049 0.801653 0.661265
0 0.865702 0.678627 0.858988 0.696373 0.826188 0.649691
0 0.94938 0.753858 0.936983 0.758488 0.929236 0.68287
0 0.937242 0.721836 0.934917 0.739583 0.90186 0.709877
0 0.947831 0.772377 0.936725 0.780478 0.922779 0.712963
0 0.91968 0.828704 0.93001 0.839892 0.948089 0.780864
0 0.946023 0.791667 0.940599 0.807099 0.908316 0.751157
0 0.901085 0.821759 0.906508 0.837963 0.870093 0.863426
0 0.863378 0.909336 0.871643 0.92091 0.893595 0.876543
0 0.83187 0.927469 0.833678 0.944059 0.880165 0.919367
0 0.87655 0.930941 0.888946 0.937886 0.903151 0.880401
0 0.899019 0.923997 0.909349 0.93017 0.918905 0.869599
0 0.905217 0.92284 0.911415 0.937114 0.936209 0.884645
0 0.922004 0.888889 0.933368 0.882716 0.916064 0.827546
0 0.768853 0.748843 0.772211 0.768904 0.815083 0.748071
0 0.798295 0.842593 0.806043 0.865741 0.843492 0.828704
0 0.747676 0.823688 0.747417 0.844907 0.789514 0.831019
0 0.790289 0.893133 0.789256 0.913194 0.750775 0.895062
0 0.761622 0.366512 0.773244 0.373843 0.783058 0.320216
0 0.833936 0.347222 0.807335 0.37963 0.768853 0.34375
0 0.690599 0.9375 0.704287 0.940201 0.705837 0.866898
0 0.803202 0.932485 0.799329 0.949846 0.753099 0.91088
0 0.801653 0.927083 0.811209 0.945216 0.839876 0.895062
0 0.786674 0.91821 0.796229 0.934799 0.831095 0.887731
0 0.638688 0.931713 0.642562 0.950617 0.686209 0.916667
0 0.641787 0.942901 0.655733 0.949846 0.666064 0.902778
0 0.578512 0.935957 0.583678 0.951003 0.616219 0.922454
0 0.590909 0.938272 0.599948 0.948302 0.62061 0.909336
0 0.556818 0.927083 0.565083 0.94483 0.601498 0.890432
0 0.533833 0.942515 0.525568 0.95679 0.508006 0.915123
0 0.531508 0.944059 0.541064 0.957562 0.562758 0.910108
0 0.180269 0.896219 0.194215 0.887346 0.16968 0.834877
0 0.229855 0.947531 0.217459 0.964506 0.18311 0.902006
0 0.254907 0.946759 0.246901 0.959877 0.219783 0.915895
0 0.260589 0.954475 0.271694 0.951003 0.257748 0.885417
0 0.481921 0.949074 0.47469 0.937886 0.514721 0.912809
0 0.466426 0.950231 0.460486 0.938657 0.49845 0.910494
0 0.471333 0.953318 0.479081 0.949074 0.457386 0.900849
0 0.457128 0.946373 0.467459 0.939429 0.442924 0.889275
0 0.452738 0.95679 0.457386 0.941744 0.423812 0.921296
0 0.434659 0.94946 0.426911 0.941358 0.443182 0.91088
0 0.399793 0.95409 0.394112 0.945602 0.427686 0.920139
0 0.391271 0.941744 0.389979 0.925154 0.428977 0.916281
0 0.377066 0.939815 0.372676 0.926312 0.413223 0.91088
0 0.393853 0.957948 0.404959 0.951003 0.368027 0.925154
0 0.365702 0.934799 0.358471 0.929012 0.377841 0.901235
0 0.374483 0.95216 0.377066 0.939815 0.346333 0.929012
0 0.364928 0.95679 0.351498 0.950231 0.364411 0.896219
0 0.337293 0.956019 0.326188 0.947145 0.35718 0.896219
0 0.324897 0.930941 0.326446 0.936728 0.329287 0.946373 0.372159 0.905864
0 0.286674 0.925154 0.282283 0.938657 0.246126 0.920139
0 0.321798 0.938657 0.315341 0.947531 0.288223 0.911651
0 0.315083 0.941744 0.321798 0.933642 0.313275 0.880787
0 0.321023 0.95216 0.309401 0.953318 0.307593 0.893133
0 0.304752 0.955247 0.311467 0.936728 0.27531 0.932099
0 0.291839 0.959105 0.280475 0.94946 0.306818 0.908951
0 0.11751 0.685957 0.112087 0.679784 0.133264 0.643519
0 0.100207 0.690586 0.100207 0.689043 0.102014 0.676698 0.143595 0.70216
0 0.111054 0.687886 0.106921 0.694444 0.128099 0.726466
0 0.097882 0.701775 0.104855 0.693673 0.128874 0.746528
0 0.096333 0.724923 0.10718 0.721451 0.106663 0.786651
0 0.110537 0.729167 0.102789 0.744213 0.145919 0.770833
0 0.092975 0.697917 0.102014 0.69213 0.109762 0.763889
0 0.108471 0.783179 0.114669 0.794753 0.151343 0.76659 0.109246 0.783179
0 0.115961 0.802083 0.110537 0.787809 0.1547 0.77662
0 0.111054 0.809028 0.102014 0.800154 0.124742 0.760031
0 0.109246 0.819444 0.108729 0.817901 0.106147 0.809799 0.143337 0.799769
0 0.109762 0.826389 0.106921 0.817515 0.143337 0.799769
0 0.094008 0.814815 0.100723 0.804398 0.119576 0.847994
0 0.198605 0.940972 0.192665 0.930941 0.220558 0.900077
0 0.172004 0.884259 0.16813 0.893133 0.190857 0.923225 0.171746 0.88233
0 0.180527 0.952546 0.170196 0.944444 0.191374 0.890818
0 0.176911 0.957562 0.16813 0.944444 0.198605 0.899691
0 0.168647 0.955633 0.158574 0.947917 0.180269 0.905864
0 0.122159 0.869985 0.116219 0.874614 0.111312 0.835262
0 0.09814 0.871528 0.102789 0.884645 0.139205 0.851466
0 0.106147 0.913966 0.103048 0.903935 0.139205 0.875
0 0.096849 0.898148 0.096591 0.88233 0.136622 0.876929
0 0.103564 0.918981 0.094525 0.908565 0.128874 0.865741
0 0.107438 0.935571 0.099432 0.925154 0.128874 0.877315
0 0.128616 0.925926 0.128099 0.915123 0.157283 0.899691
0 0.124225 0.898148 0.130165 0.915123 0.167872 0.873071
0 0.114411 0.94483 0.109504 0.929784 0.155217 0.900077
0 0.125 0.948688 0.118285 0.936343 0.153409 0.903935
0 0.160124 0.940586 0.153151 0.942901 0.157025 0.883102
0 0.159091 0.952932 0.150052 0.953704 0.170713 0.894676
0 0.143337 0.942515 0.150568 0.945216 0.165289 0.890818
0 0.147211 0.953704 0.137913 0.950231 0.15186 0.902778
0 0.13249 0.957562 0.126033 0.944444 0.1578 0.910494
0 0.745868 0.892747 0.752066 0.877315 0.710744 0.847994
0 0.755682 0.861883 0.753874 0.862269 0.742252 0.865741 0.73812 0.805556
0 0.761364 0.875 0.755682 0.861883 0.786674 0.819444
0 0.753616 0.887346 0.747934 0.868827 0.790289 0.846451
0 0.744318 0.899691 0.746384 0.883488 0.794421 0.868827
0 0.884814 0.902392 0.892045 0.910108 0.907541 0.850309
0 0.937242 0.909722 0.949638 0.905093 0.93595 0.835262
0 0.930785 0.922454 0.918647 0.922068 0.927686 0.885417
0 0.826705 0.635031 0.816632 0.626929 0.836002 0.589506
0 0.928977 0.715664 0.922521 0.723765 0.897211 0.680941
0 0.869318 0.48341 0.86312 0.491127 0.84375 0.453704
0 0.835744 0.418596 0.82438 0.414738 0.820506 0.473765
0 0.32438 0.938657 0.336777 0.935957 0.327221 0.897377