0 0.215651 0.748457 0.203771 0.802469 0.216942 0.806327
0 0.268595 0.786265 0.228564 0.802855 0.233471 0.817901
0 0.26937 0.806327 0.251808 0.86034 0.260589 0.866898
0 0.273244 0.854167 0.232438 0.844136 0.231663 0.86034
0 0.221074 0.826389 0.259814 0.852623 0.252066 0.865741
0 0.336777 0.721836 0.341684 0.736497 0.308884 0.75463
0 0.35718 0.708719 0.392562 0.697531 0.395919 0.714892
0 0.384298 0.638889 0.406767 0.607639 0.411415 0.619599
0 0.463585 0.675926 0.464618 0.733025 0.478822 0.731867
0 0.47469 0.796682 0.440599 0.79784 0.441116 0.815201
0 0.457903 0.811728 0.427169 0.853781 0.421488 0.838349
0 0.38094 0.803627 0.356405 0.839892 0.348915 0.826389
0 0.284866 0.802083 0.316116 0.820988 0.307851 0.841049
0 0.556302 0.685571 0.581095 0.697531 0.593233 0.728395
0 0.584711 0.825617 0.571798 0.76659 0.587552 0.763117
0 0.604339 0.801312 0.597882 0.752701 0.608471 0.752701
0 0.540031 0.878086 0.519886 0.925926 0.528926 0.933642
0 0.549329 0.880015 0.535382 0.934414 0.545713 0.937886
0 0.571281 0.893519 0.554494 0.934414 0.545713 0.925926
0 0.587552 0.903935 0.558626 0.943673 0.553461 0.929012
0 0.547004 0.807485 0.581095 0.788966 0.581612 0.807099
0 0.508264 0.877315 0.483729 0.935185 0.495351 0.940586
0 0.496643 0.875772 0.50749 0.929012 0.496126 0.935185
0 0.482696 0.887731 0.456095 0.930941 0.464618 0.935957
0 0.459452 0.869599 0.481405 0.923997 0.471849 0.93017
0 0.443957 0.929012 0.462552 0.88696 0.455579 0.937114
0 0.420713 0.933642 0.445764 0.91358 0.424845 0.944059
0 0.423554 0.869599 0.423037 0.93017 0.433368 0.934414
0 0.435176 0.891975 0.405217 0.93017 0.415548 0.937114
0 0.408058 0.891975 0.376291 0.929012 0.384298 0.937114
0 0.578771 0.890432 0.605372 0.935957 0.613636 0.923225
0 0.391271 0.897377 0.358729 0.942901 0.351756 0.928241
0 0.373967 0.865355 0.36751 0.925926 0.360021 0.923225
0 0.373967 0.891975 0.339618 0.929398 0.337293 0.916281
0 0.339101 0.863426 0.331095 0.923997 0.31999 0.919753
0 0.317149 0.884259 0.309143 0.936728 0.299329 0.93017
0 0.314824 0.877315 0.294163 0.925926 0.305527 0.93017
0 0.298812 0.90162 0.268079 0.912809 0.272727 0.923225
0 0.269628 0.933256 0.269112 0.920525 0.302169 0.921296
0 0.298037 0.896991 0.295196 0.912037 0.266271 0.896991
0 0.291839 0.857639 0.265754 0.892747 0.272469 0.902392
0 0.297521 0.890432 0.251033 0.898148 0.254132 0.915509
0 0.605888 0.902392 0.63249 0.939429 0.637397 0.926698
0 0.285382 0.668981 0.299845 0.717593 0.310176 0.712191
0 0.266787 0.73804 0.265238 0.752701 0.30501 0.745756
0 0.244835 0.643133 0.237862 0.584105 0.251291 0.58179
0 0.219783 0.554784 0.2172 0.609954 0.231663 0.557485
0 0.244835 0.693287 0.206095 0.680941 0.21126 0.665509
0 0.233988 0.721836 0.198605 0.734568 0.199638 0.715664
0 0.175878 0.714892 0.181043 0.700231 0.210744 0.724923
0 0.175878 0.688657 0.181302 0.650077 0.189308 0.655093
0 0.162707 0.659722 0.160124 0.675926 0.187242 0.674383
0 0.180785 0.646219 0.151085 0.609182 0.160124 0.594907
0 0.145145 0.61034 0.119835 0.567901 0.12655 0.557099
0 0.175878 0.55517 0.140238 0.554398 0.143853 0.574074
0 0.20532 0.520062 0.166839 0.502315 0.165031 0.520062
0 0.203512 0.440201 0.181818 0.479552 0.19344 0.489583
0 0.271694 0.486883 0.259556 0.424769 0.271694 0.419367
0 0.284866 0.426698 0.302428 0.482253 0.314566 0.467207
0 0.32593 0.465278 0.338068 0.534722 0.350723 0.521219
0 0.474174 0.412037 0.428461 0.418596 0.434401 0.440972
0 0.472366 0.397762 0.44938 0.393133 0.450155 0.414738
0 0.282025 0.308642 0.302944 0.373457 0.317407 0.361883
0 0.262655 0.363426 0.278926 0.364583 0.263171 0.418596
0 0.228822 0.380787 0.235021 0.375386 0.247676 0.421296
0 0.253099 0.330247 0.22469 0.359954 0.232438 0.371528
0 0.326446 0.109954 0.355372 0.070602 0.363895 0.09375
0 0.302428 0.147762 0.330837 0.119985 0.334452 0.131559
0 0.347107 0.181327 0.380165 0.163966 0.383781 0.18017
0 0.439308 0.165895 0.398244 0.189429 0.395919 0.169367
0 0.208419 0.23071 0.21126 0.174769 0.219783 0.179398
0 0.239669 0.155864 0.202996 0.146991 0.202996 0.162423
0 0.287448 0.10571 0.238636 0.103781 0.239153 0.126157
0 0.258523 0.066744 0.238636 0.103781 0.247676 0.111111
0 0.248709 0.05787 0.283058 0.032793 0.288481 0.051698
0 0.324122 0.047068 0.33626 0.094907 0.337293 0.041667
0 0.390496 0.0625 0.42407 0.032793 0.429494 0.049769
0 0.415806 0.072145 0.440341 0.037037 0.447572 0.047068
0 0.472366 0.055941 0.502583 0.030864 0.506715 0.045139
0 0.488636 0.120756 0.512655 0.066744 0.519886 0.080247
0 0.545196 0.128858 0.57593 0.10841 0.577738 0.126157
0 0.510331 0.174769 0.554236 0.178627 0.550103 0.200231
0 0.548295 0.074074 0.573089 0.038966 0.579029 0.05054
0 0.5297 0.066744 0.551395 0.034336 0.55501 0.04784
0 0.518079 0.047068 0.520661 0.032793 0.547779 0.05517
0 0.633264 0.331404 0.636364 0.271991 0.647727 0.27392
0 0.202221 0.103009 0.202221 0.036265 0.213843 0.038194
0 0.210227 0.106481 0.214876 0.045139 0.226498 0.046296
0 0.223399 0.111111 0.235537 0.05054 0.246384 0.061343
0 0.23063 0.034336 0.231405 0.047068 0.195764 0.054398
0 0.176911 0.077546 0.186725 0.073302 0.18905 0.13966
0 0.167355 0.181327 0.16374 0.128858 0.170971 0.127315
0 0.181302 0.126157 0.139721 0.096451 0.137138 0.112654
0 0.149277 0.145062 0.158316 0.097608 0.147986 0.096451
0 0.156508 0.1875 0.138946 0.142361 0.145145 0.134259
0 0.160124 0.146219 0.136622 0.184028 0.13249 0.173997
0 0.151085 0.236111 0.131198 0.1875 0.140238 0.18287
0 0.168647 0.211034 0.140754 0.174769 0.134298 0.19213
0 0.178719 0.211806 0.14876 0.174769 0.142045 0.188272
0 0.163223 0.250386 0.147986 0.211806 0.1547 0.204475
0 0.147469 0.268519 0.158833 0.228009 0.157025 0.271991
0 0.170971 0.271991 0.172262 0.220679 0.178719 0.217978
0 0.187242 0.31713 0.160124 0.286651 0.166839 0.275849
0 0.201188 0.289352 0.188533 0.350694 0.199897 0.354167
0 0.205837 0.399306 0.2203 0.340664 0.229597 0.350694
0 0.163223 0.085648 0.152376 0.040895 0.160124 0.038966
0 0.175103 0.084105 0.147986 0.096451 0.147986 0.079475
0 0.16968 0.10841 0.141529 0.072145 0.147469 0.065201
0 0.175103 0.077546 0.147986 0.049769 0.140238 0.063272
0 0.184143 0.069444 0.167872 0.039738 0.16064 0.051698
0 0.640496 0.103781 0.603048 0.088349 0.609246 0.069444
0 0.659091 0.165123 0.705579 0.143519 0.709711 0.165895
0 0.657283 0.255787 0.709194 0.261188 0.704287 0.289352
0 0.692924 0.331404 0.660382 0.336034 0.66219 0.353395
0 0.646436 0.068673 0.689824 0.067901 0.689824 0.084105
0 0.669421 0.092978 0.718233 0.086806 0.720558 0.106481
0 0.693698 0.053627 0.723399 0.079475 0.717717 0.094522
0 0.742252 0.082562 0.715909 0.04321 0.706353 0.054398
0 0.754907 0.050154 0.723399 0.079475 0.748709 0.037423
0 0.780217 0.102238 0.785899 0.048611 0.795455 0.050926
0 0.777118 0.083719 0.812758 0.081019 0.81095 0.099923
0 0.792097 0.131559 0.822572 0.095679 0.826963 0.109182
0 0.782283 0.127315 0.759039 0.088735 0.767562 0.078318
0 0.734246 0.114198 0.769112 0.125386 0.768595 0.107639
0 0.745868 0.135031 0.775568 0.158951 0.779442 0.140818
0 0.775568 0.170139 0.811467 0.18287 0.813791 0.16821
0 0.779442 0.221451 0.821281 0.192901 0.825413 0.216049
0 0.792097 0.261574 0.816632 0.229167 0.809401 0.217207
0 0.77376 0.276235 0.80811 0.29591 0.810434 0.277006
0 0.727531 0.217207 0.763946 0.263889 0.770919 0.24537
0 0.72469 0.171682 0.748709 0.222222 0.756715 0.211034
0 0.841426 0.229938 0.847624 0.267361 0.858988 0.260802
0 0.891271 0.220293 0.905475 0.221451 0.896952 0.293981
0 0.884814 0.176698 0.922779 0.173225 0.920971 0.196373
0 0.923295 0.217978 0.945506 0.175154 0.953512 0.189815
0 0.928461 0.241127 0.954804 0.203318 0.945506 0.189815
0 0.939308 0.310957 0.949638 0.262346 0.957128 0.273534
0 0.923295 0.304398 0.954804 0.341049 0.960486 0.324074
0 0.912448 0.375386 0.948347 0.336034 0.954029 0.349537
0 0.887138 0.387346 0.93001 0.369213 0.933626 0.388117
0 0.840134 0.388117 0.83626 0.338349 0.847624 0.336806
0 0.816116 0.302469 0.81095 0.341049 0.819731 0.34375
0 0.757748 0.378858 0.772211 0.312886 0.782283 0.31983
0 0.774277 0.40162 0.812758 0.41821 0.809917 0.439429
0 0.847624 0.44213 0.842459 0.466049 0.88843 0.478781
0 0.908316 0.475309 0.889979 0.418981 0.902634 0.414738
0 0.927944 0.400077 0.957128 0.384645 0.958678 0.405093
0 0.919163 0.436728 0.953512 0.457562 0.950155 0.470293
0 0.91968 0.454861 0.943957 0.490741 0.949122 0.47608
0 0.9375 0.494985 0.95532 0.440972 0.965651 0.451389
0 0.809401 0.611883 0.844008 0.56713 0.849948 0.591821
0 0.854597 0.560185 0.87345 0.498071 0.883523 0.506173
0 0.863378 0.603009 0.886105 0.64892 0.89876 0.630787
0 0.850723 0.655864 0.821281 0.64892 0.822056 0.669753
0 0.878099 0.678627 0.866736 0.738812 0.880165 0.738812
0 0.908058 0.689815 0.946798 0.680941 0.946281 0.713735
0 0.913481 0.647762 0.951446 0.641975 0.950155 0.619985
0 0.942149 0.649691 0.963585 0.599923 0.955579 0.591821
0 0.934143 0.623843 0.958161 0.584877 0.963585 0.599923
0 0.936725 0.582948 0.950155 0.525077 0.957645 0.533179
0 0.918905 0.545139 0.953512 0.514275 0.958936 0.527006
0 0.930269 0.528164 0.95687 0.493056 0.962293 0.506173
0 0.928719 0.516204 0.961002 0.484182 0.953512 0.472222
0 0.898244 0.74267 0.893337 0.806713 0.908833 0.805556
0 0.858729 0.806713 0.881457 0.855324 0.888688 0.847608
0 0.878099 0.874228 0.863378 0.926312 0.875517 0.934414
0 0.909349 0.885417 0.88688 0.938272 0.877324 0.93017
0 0.927428 0.871528 0.926911 0.928241 0.910124 0.928241
0 0.951446 0.864583 0.941632 0.921296 0.932076 0.915123
0 0.846591 0.737654 0.804752 0.737654 0.803977 0.757716
0 0.837293 0.805556 0.855372 0.738812 0.866736 0.748843
0 0.803202 0.778549 0.832128 0.82446 0.844008 0.808642
0 0.827221 0.86034 0.806043 0.815586 0.81999 0.807485
0 0.831353 0.84838 0.786674 0.839506 0.786674 0.863426
0 0.755165 0.861497 0.792614 0.868441 0.791322 0.883488
0 0.793905 0.928241 0.786674 0.874228 0.80656 0.924383
0 0.831353 0.89429 0.786674 0.889275 0.784607 0.90625
0 0.746643 0.720679 0.769886 0.765432 0.779959 0.753472
0 0.651085 0.732639 0.68905 0.768519 0.696539 0.750772
0 0.719783 0.82446 0.680527 0.810571 0.690341 0.793596
0 0.658316 0.830633 0.703771 0.826389 0.703254 0.849537
0 0.738636 0.833333 0.715134 0.875386 0.709194 0.859568
0 0.778667 0.786651 0.75 0.833333 0.744576 0.813657
0 0.803202 0.825617 0.760589 0.843364 0.763171 0.82446
0 0.846591 0.907407 0.812758 0.933256 0.807335 0.916281
0 0.8453 0.929398 0.807335 0.949074 0.803202 0.929398
0 0.776601 0.921296 0.747934 0.939043 0.745093 0.925154
0 0.77531 0.904321 0.735279 0.926312 0.739928 0.937114
0 0.74845 0.893519 0.733729 0.941358 0.743285 0.945216
0 0.718492 0.929398 0.72314 0.943287 0.753099 0.908179
0 0.73063 0.898148 0.696539 0.936343 0.702479 0.945216
0 0.681043 0.895448 0.715134 0.927083 0.709711 0.940201
0 0.677169 0.90625 0.702479 0.945216 0.710486 0.927083
0 0.691116 0.886188 0.653151 0.936343 0.659607 0.944059
0 0.647727 0.914352 0.679752 0.93017 0.673812 0.948302
0 0.619576 0.893519 0.651085 0.931327 0.642304 0.941358
0 0.636364 0.893519 0.673037 0.878472 0.673037 0.893519
0 0.641012 0.866512 0.66968 0.902392 0.661674 0.912423
0 0.651601 0.910108 0.68905 0.897377 0.652376 0.925154
0 0.860021 0.106867 0.817924 0.063657 0.829804 0.049769
0 0.869576 0.097608 0.882231 0.045525 0.890754 0.055556
0 0.878616 0.103009 0.903409 0.059799 0.893853 0.051698
0 0.919163 0.116512 0.912965 0.055556 0.924587 0.057099
0 0.929236 0.102238 0.932851 0.06713 0.93905 0.071759
0 0.923812 0.137346 0.938275 0.089506 0.943698 0.099537
0 0.931043 0.169753 0.946281 0.112269 0.954545 0.119213
0 0.134039 0.26466 0.12939 0.289738 0.170971 0.271991
0 0.152118 0.37037 0.124742 0.32446 0.134039 0.316744
0 0.154959 0.388503 0.127583 0.347608 0.135589 0.338735
0 0.172262 0.37963 0.149535 0.435185 0.162965 0.441358
0 0.156767 0.501157 0.170971 0.444444 0.179494 0.45216
0 0.134814 0.490355 0.132231 0.427469 0.140754 0.432485
0 0.161415 0.458333 0.13688 0.4375 0.133523 0.454475
0 0.140238 0.537037 0.120868 0.487269 0.12939 0.480324
0 0.148244 0.523148 0.122676 0.493056 0.12939 0.480324
0 0.14282 0.548997 0.124225 0.504244 0.131457 0.498071
0 0.138171 0.562886 0.124742 0.528164 0.133523 0.51929
0 0.148244 0.392361 0.154184 0.446373 0.142045 0.395448
0 0.140238 0.422454 0.138171 0.363426 0.144886 0.365355
0 0.134039 0.388503 0.144112 0.4375 0.144886 0.386574
0 0.128874 0.359568 0.137138 0.357639 0.133781 0.422068
0 0.124742 0.373071 0.130424 0.367284 0.141271 0.424769
0 0.134814 0.677083 0.117769 0.627315 0.125258 0.624614
0 0.137138 0.663194 0.116736 0.603395 0.123967 0.597994
0 0.137913 0.646605 0.12345 0.594907 0.129132 0.589506
0 0.142562 0.647762 0.134039 0.588735 0.127324 0.595679
0 0.182851 0.695602 0.150568 0.737654 0.157025 0.746914
0 0.176136 0.729167 0.128616 0.71142 0.12655 0.728395
0 0.148244 0.777392 0.124225 0.733025 0.132748 0.726466
0 0.17562 0.741127 0.142045 0.787423 0.150052 0.797454
0 0.168647 0.789352 0.205837 0.806713 0.169421 0.805941
0 0.137913 0.780864 0.114928 0.737269 0.122417 0.729938
0 0.118027 0.756944 0.123967 0.746914 0.145145 0.801312
0 0.124742 0.786265 0.129132 0.776235 0.154959 0.822531
0 0.164256 0.806713 0.119318 0.787423 0.121126 0.80787
0 0.150568 0.845679 0.117769 0.814043 0.125517 0.804012
0 0.199122 0.823302 0.170713 0.828318 0.173554 0.840278
0 0.18156 0.865741 0.154959 0.825231 0.161157 0.81983
0 0.118027 0.830633 0.121643 0.818673 0.142562 0.851852
0 0.161932 0.838349 0.127066 0.832948 0.128616 0.849151
0 0.212035 0.847608 0.172521 0.842978 0.173812 0.857639
0 0.216942 0.834491 0.176653 0.83642 0.179752 0.849537
0 0.239669 0.866898 0.190083 0.900077 0.196023 0.911265
0 0.235537 0.865741 0.200155 0.88696 0.209194 0.89892
0 0.219783 0.889275 0.20687 0.93287 0.199122 0.923611
0 0.252324 0.918981 0.213326 0.918596 0.213326 0.93017
0 0.235537 0.880401 0.213585 0.923611 0.219783 0.927855
0 0.250258 0.904321 0.22469 0.895062 0.221849 0.908179
0 0.25594 0.877701 0.235279 0.927855 0.243285 0.93287
0 0.173812 0.900849 0.200155 0.930941 0.20532 0.920525
0 0.191116 0.85841 0.154184 0.863812 0.156767 0.874228
0 0.180785 0.895448 0.14437 0.857639 0.139721 0.874228
0 0.143853 0.888503 0.113378 0.856096 0.119318 0.847608
0 0.122676 0.839506 0.155992 0.863812 0.120351 0.84838
0 0.152634 0.885802 0.12345 0.854167 0.120868 0.864969
0 0.125775 0.853009 0.155992 0.875772 0.131198 0.847222
0 0.11751 0.880401 0.121126 0.868056 0.152893 0.906636
0 0.121643 0.888503 0.118543 0.903164 0.154184 0.910108
0 0.136105 0.910108 0.136105 0.923997 0.170196 0.908565
0 0.159866 0.927083 0.145145 0.896219 0.165548 0.920139
0 0.165806 0.930556 0.169938 0.919753 0.142562 0.895833
0 0.188017 0.906636 0.159091 0.915123 0.164514 0.924769
0 0.148502 0.892747 0.181302 0.913966 0.174587 0.92284