0 0.185434 0.494599 0.182335 0.537423 0.174845 0.533565
0 0.166839 0.568287 0.177686 0.56713 0.168647 0.509259
0 0.172262 0.488426 0.179236 0.484954 0.179752 0.527778
0 0.197572 0.548225 0.197572 0.614583 0.210486 0.613426
0 0.225723 0.627315 0.184659 0.619213 0.185176 0.63696
0 0.167872 0.604167 0.167614 0.615741 0.200671 0.608025
0 0.170455 0.56983 0.139979 0.623457 0.132231 0.610725
0 0.202221 0.535108 0.210744 0.527778 0.224432 0.573302
0 0.222624 0.517361 0.233213 0.513503 0.234246 0.564815
0 0.147469 0.492284 0.158316 0.491898 0.153151 0.550926
0 0.176395 0.537809 0.147211 0.508488 0.142045 0.522377
0 0.148244 0.552855 0.111312 0.600309 0.105114 0.586034
0 0.129649 0.498457 0.115444 0.554398 0.105888 0.547068
0 0.12939 0.478009 0.113895 0.531636 0.10563 0.523148
0 0.131198 0.446373 0.116219 0.501157 0.10563 0.491898
0 0.143853 0.51929 0.112087 0.491898 0.117252 0.48071
0 0.23812 0.517747 0.247676 0.512346 0.25439 0.569444
0 0.273502 0.551698 0.234504 0.559028 0.232955 0.540895
0 0.280217 0.486111 0.264979 0.536651 0.256198 0.528935
0 0.244318 0.572917 0.251808 0.581404 0.225723 0.618441
0 0.136622 0.621914 0.121384 0.579475 0.108213 0.577546
0 0.182593 0.698302 0.144628 0.73534 0.137655 0.719522
0 0.180527 0.709105 0.181818 0.770833 0.170196 0.766975
0 0.235537 0.690586 0.198089 0.705633 0.195506 0.687886
0 0.232438 0.714892 0.244576 0.722222 0.218492 0.778164
0 0.262138 0.739198 0.270145 0.72608 0.293388 0.783565
0 0.345041 0.770833 0.302428 0.775463 0.301395 0.756559
0 0.226756 0.790123 0.213068 0.848765 0.202996 0.844907
0 0.209711 0.777392 0.192407 0.836806 0.182335 0.827546
0 0.193182 0.792052 0.16064 0.838349 0.15186 0.81983
0 0.162707 0.75463 0.173037 0.758488 0.157025 0.815972
0 0.134039 0.743827 0.13843 0.72608 0.170196 0.766975
0 0.224174 0.66821 0.229339 0.682485 0.255424 0.636574
0 0.160124 0.691744 0.168905 0.697145 0.176911 0.645448
0 0.160124 0.661265 0.163223 0.672068 0.191374 0.648148
0 0.141271 0.677083 0.149019 0.685185 0.159607 0.635802
0 0.137655 0.654707 0.14282 0.663966 0.161415 0.619213
0 0.290289 0.834105 0.299329 0.843364 0.317665 0.79591
0 0.318182 0.860725 0.326188 0.869213 0.341684 0.81713
0 0.257231 0.610725 0.260331 0.624614 0.293388 0.599537
0 0.112345 0.692515 0.118285 0.687886 0.133264 0.736497
0 0.107955 0.728781 0.113895 0.717978 0.141529 0.761574
0 0.114669 0.758488 0.117769 0.770833 0.140238 0.745756
0 0.110279 0.769676 0.111054 0.781636 0.146436 0.765818
0 0.107696 0.794753 0.114153 0.809028 0.146436 0.765818
0 0.115186 0.673225 0.112087 0.684028 0.147469 0.70216
0 0.109246 0.607253 0.117769 0.606096 0.113895 0.661265
0 0.111054 0.658951 0.11906 0.661265 0.12655 0.616512
0 0.118543 0.62963 0.12345 0.621914 0.137655 0.654707
0 0.116477 0.663966 0.115186 0.673225 0.142562 0.672068
0 0.206095 0.865741 0.211002 0.875772 0.235537 0.833719
0 0.199122 0.87037 0.203771 0.864583 0.184917 0.838735
0 0.184401 0.861111 0.185434 0.850694 0.157025 0.854552
0 0.299329 0.878858 0.305527 0.874614 0.292097 0.838349
0 0.108471 0.820988 0.112345 0.811728 0.132231 0.836806
0 0.114669 0.827546 0.12345 0.834877 0.137138 0.792052
0 0.114669 0.873843 0.122676 0.873843 0.119576 0.834877
0 0.136105 0.836034 0.138946 0.826775 0.159091 0.845679
0 0.119576 0.889275 0.127841 0.891975 0.129907 0.849537
0 0.133006 0.901235 0.142562 0.90162 0.136364 0.86304
0 0.164256 0.864583 0.164256 0.874614 0.190083 0.866512
0 0.157541 0.883488 0.161932 0.896605 0.182593 0.873457
0 0.178977 0.902778 0.187242 0.899306 0.176395 0.872685
0 0.203512 0.909722 0.213326 0.902392 0.189308 0.86034
0 0.215909 0.902392 0.22469 0.900849 0.218233 0.863426
0 0.142562 0.895448 0.15031 0.897377 0.137655 0.85108
0 0.157541 0.896991 0.146694 0.894676 0.152634 0.844136
0 0.14282 0.865355 0.131973 0.857639 0.156508 0.802083
0 0.228822 0.903935 0.238378 0.910108 0.256715 0.862269
0 0.271952 0.910108 0.277376 0.902006 0.253874 0.88233
0 0.284607 0.902392 0.274535 0.901235 0.270145 0.841821
0 0.297521 0.903935 0.287448 0.905478 0.289514 0.859568
0 0.338068 0.910108 0.34375 0.898148 0.313791 0.878858
0 0.354339 0.899691 0.347366 0.907022 0.331095 0.863812
0 0.362603 0.885802 0.357438 0.893904 0.342717 0.850309
0 0.374225 0.893133 0.36751 0.898148 0.35718 0.85108
0 0.363895 0.903549 0.371384 0.91088 0.395403 0.868441
0 0.348915 0.806327 0.35124 0.826389 0.392304 0.812114
0 0.396178 0.89429 0.40625 0.901235 0.415031 0.833333
0 0.449897 0.843364 0.446023 0.860725 0.404184 0.831404
0 0.434401 0.897762 0.426395 0.909722 0.410124 0.875772
0 0.44938 0.903549 0.440341 0.903164 0.449122 0.855324
0 0.469267 0.903164 0.461519 0.909336 0.45093 0.869599
0 0.494318 0.905864 0.485537 0.907407 0.48218 0.858025
0 0.428461 0.780093 0.427428 0.796296 0.467459 0.792052
0 0.513688 0.816358 0.515496 0.830633 0.480888 0.83642
0 0.518337 0.896605 0.52531 0.910108 0.555269 0.856096
0 0.509556 0.902006 0.520145 0.902392 0.511364 0.844522
0 0.597107 0.89892 0.594008 0.911651 0.565083 0.885417
0 0.608213 0.910108 0.615702 0.903549 0.593233 0.866512
0 0.632748 0.907407 0.639979 0.899691 0.618285 0.869985
0 0.645661 0.903549 0.656767 0.904321 0.652893 0.857639
0 0.644886 0.832948 0.64437 0.846451 0.678977 0.844522
0 0.590393 0.808642 0.593492 0.819444 0.615186 0.799383
0 0.670196 0.896991 0.675878 0.907407 0.697314 0.876929
0 0.71281 0.893904 0.723915 0.902778 0.735795 0.840278
0 0.733471 0.900077 0.74251 0.910108 0.759556 0.86034
0 0.752841 0.909336 0.743802 0.897762 0.775826 0.865355
0 0.755424 0.876929 0.763946 0.887346 0.78125 0.82716
0 0.787448 0.869599 0.788223 0.885417 0.822831 0.878472
0 0.835227 0.799769 0.844008 0.8125 0.868543 0.761574
0 0.850207 0.875386 0.861312 0.871914 0.850723 0.824074
0 0.892562 0.837577 0.887397 0.821373 0.860021 0.850309
0 0.885331 0.873843 0.873192 0.869599 0.888946 0.810571
0 0.880682 0.895833 0.890754 0.907022 0.909607 0.863812
0 0.913998 0.858796 0.920455 0.847994 0.893595 0.821759
0 0.917872 0.815972 0.925362 0.826389 0.899793 0.85571
0 0.947314 0.82446 0.949897 0.811343 0.917097 0.805941
0 0.954287 0.803627 0.947314 0.813657 0.929494 0.778935
0 0.902634 0.905093 0.9078 0.895062 0.887913 0.872685
0 0.910899 0.875 0.919163 0.877701 0.920196 0.837963
0 0.909866 0.897762 0.914256 0.902392 0.924845 0.870756
0 0.938533 0.886574 0.948864 0.883488 0.938017 0.834105
0 0.936467 0.892361 0.926395 0.89159 0.935692 0.844136
0 0.925878 0.89892 0.917097 0.900463 0.927169 0.853395
0 0.673812 0.675926 0.676911 0.691358 0.645661 0.70409
0 0.616219 0.719522 0.616219 0.736883 0.6547 0.727238
0 0.642045 0.758488 0.637397 0.743827 0.611312 0.778935
0 0.624225 0.783565 0.631457 0.797068 0.661157 0.760802
0 0.637138 0.798225 0.640496 0.783951 0.672004 0.80787
0 0.683626 0.820988 0.672004 0.80787 0.714876 0.76196
0 0.745093 0.771219 0.75594 0.76466 0.76188 0.818673
0 0.768337 0.795139 0.756715 0.790509 0.773244 0.742284
0 0.780733 0.758488 0.784866 0.775077 0.814824 0.753472
0 0.827221 0.755015 0.838843 0.753858 0.831612 0.699074
0 0.868027 0.749614 0.868027 0.767361 0.83781 0.755787
0 0.934659 0.780864 0.94189 0.771991 0.918647 0.73804
0 0.916064 0.758102 0.930269 0.761574 0.927944 0.702932
0 0.946023 0.720293 0.954804 0.711806 0.936209 0.675154
0 0.947056 0.73534 0.935692 0.734182 0.936983 0.685571
0 0.949897 0.740741 0.944215 0.753086 0.913223 0.713735
0 0.955062 0.750386 0.946798 0.739969 0.927169 0.783951
0 0.137655 0.59375 0.109504 0.559028 0.115444 0.546296 0.12345 0.563657
0 0.157541 0.527392 0.116994 0.533951 0.118027 0.520448
0 0.150568 0.56983 0.133264 0.520448 0.122417 0.530864
0 0.148502 0.540509 0.115444 0.546296 0.115961 0.528549
0 0.295196 0.449074 0.293647 0.466049 0.258006 0.452932
0 0.2828 0.506559 0.277893 0.51929 0.318698 0.537423
0 0.298554 0.565586 0.298554 0.583333 0.256198 0.572917
0 0.320248 0.469907 0.31405 0.415895 0.305785 0.420139
0 0.347366 0.250772 0.355114 0.310571 0.342459 0.312114
0 0.327738 0.305556 0.331612 0.316358 0.296746 0.330247
0 0.289514 0.31713 0.2828 0.331019 0.257748 0.295139
0 0.284091 0.227238 0.316374 0.259259 0.304236 0.274691
0 0.234762 0.39159 0.273502 0.378472 0.268595 0.361497
0 0.267562 0.319444 0.277376 0.33179 0.235279 0.381559
0 0.233213 0.388117 0.231921 0.399691 0.205837 0.390818
0 0.209711 0.447145 0.233213 0.402392 0.223915 0.395833
0 0.214101 0.454475 0.182335 0.425926 0.177428 0.440586
0 0.166839 0.431713 0.176911 0.431713 0.172262 0.488426
0 0.167097 0.41358 0.167614 0.478395 0.156508 0.478009
0 0.162707 0.430941 0.131973 0.468364 0.127583 0.454475
0 0.141787 0.427469 0.113895 0.467593 0.108988 0.45679
0 0.160382 0.42091 0.112862 0.415895 0.112862 0.43017
0 0.13843 0.408565 0.119318 0.450617 0.111829 0.439815
0 0.143853 0.393904 0.119835 0.429012 0.113895 0.418596
0 0.127583 0.354167 0.127066 0.409722 0.118802 0.405478
0 0.146178 0.374614 0.112345 0.393133 0.115961 0.408565
0 0.185692 0.416281 0.164773 0.36304 0.157025 0.371914
0 0.189308 0.302469 0.211777 0.366127 0.199897 0.37037
0 0.225465 0.322145 0.227014 0.33912 0.187242 0.337577
0 0.181818 0.277778 0.173554 0.28125 0.187242 0.337577
0 0.163223 0.271605 0.176395 0.26659 0.181043 0.339892
0 0.190341 0.376929 0.173554 0.314815 0.162448 0.322145
0 0.157025 0.283565 0.165289 0.351466 0.153926 0.351466
0 0.150568 0.312114 0.150568 0.36767 0.142304 0.366127
0 0.143853 0.259259 0.115961 0.301698 0.111054 0.287037
0 0.134814 0.339892 0.126033 0.277006 0.114928 0.285494
0 0.139463 0.329475 0.130424 0.374614 0.123709 0.37037
0 0.124225 0.257716 0.16374 0.276235 0.155992 0.291667
0 0.205579 0.21142 0.204287 0.271219 0.216942 0.268904
0 0.227531 0.272377 0.226498 0.283565 0.202996 0.274691
0 0.228822 0.171296 0.186209 0.209491 0.179236 0.189815
0 0.180527 0.236497 0.192665 0.239969 0.196023 0.185571
0 0.184659 0.244599 0.142562 0.252315 0.146178 0.268904
0 0.203254 0.254244 0.160124 0.268904 0.157283 0.253858
0 0.141529 0.185185 0.128616 0.236883 0.119318 0.228781
0 0.147211 0.171682 0.128616 0.198302 0.11751 0.197531 0.11751 0.188657 0.12939 0.190586
0 0.145145 0.123843 0.120093 0.167052 0.115444 0.155864
0 0.223915 0.183642 0.220558 0.196759 0.244835 0.205247
0 0.276343 0.170525 0.242769 0.168981 0.244318 0.181713
0 0.252066 0.196759 0.2828 0.231481 0.290289 0.216049
0 0.311725 0.159336 0.336777 0.201775 0.327996 0.209877
0 0.298295 0.106481 0.309917 0.114198 0.290806 0.164738
0 0.169421 0.097608 0.199122 0.142747 0.18905 0.152392
0 0.114669 0.126543 0.120093 0.142747 0.154442 0.105324
0 0.160124 0.149691 0.121901 0.126157 0.125775 0.114198
0 0.115444 0.091821 0.124742 0.082948 0.140496 0.142747
0 0.169938 0.074074 0.138688 0.114969 0.131715 0.103781
0 0.117769 0.068287 0.12939 0.061343 0.14282 0.121914
0 0.159607 0.118441 0.137397 0.067515 0.127583 0.076775
0 0.152118 0.094136 0.157283 0.109182 0.183368 0.077932
0 0.17407 0.054398 0.162965 0.063657 0.190341 0.116898
0 0.190857 0.062114 0.18156 0.071759 0.210227 0.123071
0 0.238636 0.103009 0.204804 0.05517 0.196281 0.071759
0 0.182335 0.016204 0.177428 0.028935 0.220558 0.045525
0 0.196798 0.011574 0.208936 0.015046 0.200671 0.044753 0.205579 0.088349 0.194473 0.03858
0 0.27531 0.099537 0.262913 0.037037 0.253099 0.047068
0 0.283316 0.049769 0.252066 0.015046 0.245093 0.029707
0 0.290289 0.041281 0.290289 0.041281 0.302428 0.047068 0.290289 0.10108
0 0.215909 0.016204 0.22314 0.006173 0.258264 0.05054
0 0.248709 0.063272 0.237087 0.015432 0.228564 0.024306
0 0.215909 0.011188 0.222624 0.020062 0.194215 0.052469
0 0.148502 0.020448 0.156508 0.009259 0.183368 0.058256
0 0.140238 0.018133 0.135847 0.034336 0.178719 0.048225
0 0.136364 0.034336 0.132231 0.048611 0.17407 0.054398
0 0.182593 0.042052 0.142304 0.054398 0.140238 0.039352
0 0.117769 0.045139 0.122159 0.055556 0.147727 0.027006
0 0.160124 0.05054 0.170713 0.058642 0.147727 0.096451
0 0.130424 0.059028 0.131198 0.075617 0.171488 0.056327
0 0.120868 0.059028 0.119576 0.076003 0.165548 0.077546
0 0.121643 0.050154 0.121901 0.060957 0.152893 0.054012
0 0.275052 0.009645 0.275052 0.025077 0.316374 0.019676
0 0.317665 0.002701 0.324897 0.010031 0.300103 0.049383
0 0.283316 0.033951 0.321281 0.020833 0.316632 0.010417
0 0.309659 0.033951 0.308626 0.043596 0.281767 0.032793
0 0.317407 0.023534 0.325155 0.028164 0.303719 0.07716
0 0.325671 0.012731 0.335227 0.01929 0.309143 0.07716
0 0.35124 0.008488 0.359762 0.016975 0.329804 0.061343
0 0.337293 0.065201 0.336777 0.07716 0.301653 0.070216
0 0.35718 0.045525 0.328771 0.017747 0.325155 0.028164
0 0.391529 0.022377 0.395661 0.034336 0.360279 0.048225
0 0.364928 0.024691 0.372676 0.016975 0.393595 0.068287
0 0.451963 0.040895 0.454029 0.056327 0.405217 0.060957
0 0.40625 0.39159 0.423295 0.443673 0.432076 0.433256
0 0.480114 0.49537 0.477531 0.513117 0.438017 0.489583
0 0.592975 0.409336 0.595041 0.42554 0.558884 0.432099
0 0.603306 0.327546 0.583678 0.386574 0.572831 0.373457
0 0.593492 0.508488 0.589101 0.525463 0.624742 0.535108
0 0.480114 0.255015 0.467975 0.30517 0.458936 0.298997
0 0.572056 0.23341 0.567149 0.249614 0.528926 0.21875
0 0.613895 0.18017 0.61157 0.196759 0.645145 0.202546
0 0.676136 0.196759 0.673554 0.210648 0.643079 0.186343
0 0.639721 0.334877 0.631973 0.376157 0.623192 0.369213
0 0.307335 0.08912 0.340134 0.097994 0.340909 0.085262
0 0.37655 0.074846 0.371384 0.087963 0.411674 0.108025
0 0.39282 0.130401 0.384814 0.14159 0.362603 0.101466
0 0.384556 0.105324 0.345816 0.108025 0.346333 0.090278
0 0.347882 0.11304 0.345816 0.128472 0.315341 0.111497
0 0.354339 0.119213 0.365702 0.128472 0.34375 0.166281
0 0.512913 0.012731 0.515238 0.028164 0.473915 0.030864
0 0.520403 0.022762 0.52376 0.036651 0.489411 0.048225
0 0.521436 0.094522 0.51937 0.111111 0.553977 0.114583
0 0.607438 0.082176 0.615186 0.092207 0.582903 0.126157
0 0.616219 0.040123 0.610279 0.055941 0.644628 0.083333
0 0.627841 0.011574 0.639721 0.020833 0.629649 0.033951 0.629649 0.058256 0.624483 0.032022
0 0.643337 0.056327 0.611054 0.015046 0.603564 0.029707
0 0.591942 0.005787 0.584711 0.015818 0.611054 0.042052
0 0.603564 0.053241 0.567407 0.035108 0.563791 0.050154
0 0.566632 0.015046 0.563275 0.028935 0.603564 0.040895
0 0.570764 0.005787 0.576705 0.015818 0.541581 0.042824
0 0.55062 0.006944 0.5625 0.008102 0.557335 0.055941
0 0.533833 0.006559 0.525568 0.018133 0.558626 0.062886
0 0.650052 0.009645 0.663223 0.010802 0.670196 0.07716
0 0.68905 0.030864 0.652634 0.03588 0.652118 0.020833
0 0.702221 0.018133 0.698347 0.037037 0.74406 0.04321
0 0.778151 0.076003 0.747934 0.07716 0.749742 0.092207
0 0.802169 0.109182 0.802169 0.121142 0.763946 0.114198
0 0.76343 0.029707 0.774277 0.042052 0.740444 0.078318
0 0.767304 0.008102 0.770919 0.019676 0.732438 0.047068
0 0.791064 0.05787 0.771952 0.011574 0.763946 0.020062
0 0.747934 0.015046 0.756715 0.01196 0.75594 0.053241
0 0.835227 0.021991 0.849432 0.01466 0.863636 0.086034
0 0.8125 0.061343 0.847882 0.023148 0.838585 0.012731
0 0.815083 0.085262 0.827996 0.086034 0.813275 0.149691
0 0.795713 0.147377 0.762655 0.150463 0.766787 0.166667
0 0.834452 0.088349 0.846074 0.091435 0.834711 0.137346
0 0.865702 0.045139 0.874742 0.054784 0.839101 0.091435
0 0.862345 0.081019 0.865702 0.016975 0.856921 0.019676
0 0.871384 0.018133 0.883781 0.016975 0.882231 0.081404
0 0.893079 0.082176 0.883523 0.025849 0.875517 0.031636
0 0.885847 0.020062 0.893853 0.013117 0.909866 0.070988
0 0.905733 0.023148 0.896436 0.032022 0.91813 0.069059
0 0.914773 0.020833 0.925878 0.021991 0.915806 0.084105
0 0.92407 0.102238 0.925362 0.036651 0.915289 0.038194
0 0.928202 0.092207 0.929236 0.03588 0.920455 0.037809
0 0.909091 0.113426 0.944215 0.138503 0.938275 0.149691
0 0.903151 0.133102 0.911415 0.139275 0.891012 0.180556
0 0.876291 0.125386 0.871384 0.177855 0.860279 0.171682
0 0.93595 0.149691 0.94344 0.156636 0.91813 0.198688
0 0.936725 0.183642 0.9375 0.197531 0.896436 0.199846
0 0.94344 0.188657 0.946281 0.202546 0.904442 0.206404
0 0.914773 0.164738 0.929236 0.212963 0.936725 0.206404
0 0.884814 0.190586 0.884814 0.207562 0.844783 0.198688
0 0.830062 0.215664 0.826446 0.229552 0.788998 0.205633
0 0.829029 0.233796 0.828512 0.25 0.791064 0.239969
0 0.785382 0.262731 0.778926 0.275077 0.749225 0.227238
0 0.755682 0.297068 0.710744 0.274306 0.707903 0.292824
0 0.682335 0.278935 0.70532 0.329475 0.71281 0.316358
0 0.767045 0.321373 0.73657 0.356867 0.729597 0.337191
0 0.777893 0.355324 0.817924 0.384259 0.821281 0.363426
0 0.828771 0.295139 0.825671 0.350309 0.814308 0.345293
0 0.814824 0.253086 0.821798 0.26196 0.795196 0.290509
0 0.839618 0.241898 0.821281 0.270833 0.815857 0.261188
0 0.849432 0.239583 0.835227 0.277392 0.827221 0.268519
0 0.875 0.209491 0.884039 0.217593 0.852789 0.26929
0 0.899277 0.280093 0.909091 0.270833 0.879649 0.217593
0 0.943182 0.207948 0.947056 0.224923 0.898244 0.245756
0 0.946023 0.236111 0.945248 0.250772 0.899277 0.23534
0 0.865702 0.275849 0.91219 0.280864 0.906767 0.300926
0 0.940599 0.335648 0.942149 0.350309 0.898244 0.349537
0 0.862345 0.288966 0.877583 0.356867 0.88843 0.349537
0 0.860279 0.30517 0.867769 0.378858 0.883523 0.374614
0 0.823347 0.304012 0.854339 0.353395 0.861312 0.335648
0 0.850465 0.360725 0.853822 0.414352 0.842459 0.410108
0 0.82438 0.364969 0.817407 0.423997 0.807076 0.417438
0 0.778926 0.395833 0.778926 0.416667 0.823347 0.405478
0 0.769112 0.403935 0.733471 0.398148 0.734504 0.41821
0 0.692665 0.420139 0.705837 0.412809 0.717717 0.478395
0 0.771952 0.421682 0.77686 0.43287 0.740444 0.449074
0 0.733988 0.45409 0.727014 0.465278 0.756715 0.499228
0 0.766012 0.466821 0.738895 0.502701 0.732438 0.488812
0 0.779959 0.434414 0.793647 0.437886 0.777893 0.490355
0 0.818957 0.449846 0.803977 0.498457 0.795196 0.488812
0 0.826705 0.445988 0.819473 0.460262 0.852789 0.490355
0 0.946023 0.265432 0.920713 0.306327 0.915548 0.295139
0 0.939308 0.241127 0.948347 0.248843 0.925362 0.277778
0 0.827738 0.408565 0.867252 0.422454 0.861829 0.439815
0 0.890238 0.375772 0.891271 0.427469 0.879649 0.423997
0 0.901085 0.366898 0.911932 0.419367 0.920713 0.414352
0 0.908316 0.350694 0.948605 0.383102 0.943182 0.396991
0 0.949122 0.407022 0.946023 0.392361 0.904442 0.425926
0 0.907541 0.435571 0.914773 0.452546 0.874742 0.482253
0 0.860537 0.494599 0.872159 0.502701 0.844267 0.556713
0 0.818957 0.500386 0.841426 0.549383 0.830579 0.556713
0 0.761622 0.596451 0.759298 0.613812 0.720041 0.602238
0 0.899019 0.555556 0.893337 0.568673 0.865961 0.532022
0 0.922521 0.482253 0.944215 0.535108 0.932335 0.537809
0 0.947056 0.535108 0.949122 0.549383 0.903926 0.555556
0 0.937758 0.618056 0.949897 0.561343 0.939308 0.558256
0 0.905475 0.580247 0.941116 0.562114 0.935434 0.549383
0 0.901085 0.569444 0.907025 0.582948 0.869318 0.60571
0 0.858471 0.650463 0.878099 0.595679 0.866736 0.58912
0 0.898244 0.600694 0.886364 0.58912 0.869835 0.645833
0 0.897211 0.660494 0.899535 0.594907 0.885331 0.597608
0 0.9078 0.609568 0.939824 0.591049 0.940599 0.604938
0 0.948089 0.425926 0.954029 0.438657 0.919163 0.469136
0 0.945506 0.42091 0.942665 0.40625 0.908833 0.431327
0 0.916839 0.459105 0.948089 0.425926 0.940341 0.41358
0 0.476756 0.724537 0.479597 0.748457 0.527893 0.720293
0 0.628099 0.505787 0.640238 0.561343 0.628099 0.562886
0 0.738378 0.517747 0.746384 0.532793 0.70532 0.567515
0 0.917097 0.633102 0.893079 0.685571 0.883006 0.676698
0 0.862862 0.405093 0.872159 0.448302 0.862862 0.451003