0 0.571539 0.895833 0.602273 0.928627 0.608213 0.917438
0 0.604855 0.87963 0.603822 0.934799 0.614669 0.934028
0 0.616736 0.871914 0.622676 0.929398 0.613636 0.929398
0 0.640754 0.880401 0.623709 0.933642 0.615702 0.92554
0 0.63843 0.893904 0.635072 0.910108 0.667614 0.911265
0 0.690083 0.881944 0.662965 0.935185 0.6547 0.924769
0 0.698605 0.881944 0.683626 0.932099 0.675362 0.92554
0 0.72314 0.887731 0.700155 0.936343 0.692407 0.926698
0 0.764463 0.873843 0.760589 0.934028 0.75155 0.930556
0 0.774019 0.852623 0.732696 0.839892 0.735279 0.825231
0 0.759039 0.789352 0.735279 0.825231 0.730114 0.811728
0 0.697831 0.794367 0.66064 0.849151 0.651601 0.833333
0 0.632748 0.830633 0.594008 0.823302 0.593233 0.838349
0 0.5922 0.808256 0.588326 0.86767 0.578254 0.863812
0 0.573089 0.872685 0.530733 0.891975 0.528667 0.876543
0 0.798812 0.784336 0.765754 0.805556 0.763688 0.787423
0 0.805269 0.780478 0.806818 0.835648 0.796488 0.834491
0 0.814824 0.830633 0.822314 0.84375 0.851756 0.790509
0 0.815341 0.788194 0.803977 0.799769 0.838843 0.850694
0 0.851756 0.776235 0.851756 0.790509 0.815599 0.793596
0 0.881973 0.761188 0.87655 0.822917 0.867769 0.819444
0 0.820248 0.873843 0.840393 0.925926 0.832128 0.930941
0 0.864669 0.861497 0.851756 0.933256 0.843492 0.928241
0 0.867769 0.846836 0.879132 0.905093 0.870351 0.907022
0 0.866994 0.935185 0.877841 0.932099 0.857696 0.859568
0 0.891271 0.883873 0.881198 0.929784 0.873967 0.924769
0 0.899535 0.873071 0.903926 0.925154 0.893853 0.924769
0 0.891271 0.934028 0.881457 0.925154 0.9047 0.882716
0 0.907025 0.846836 0.908058 0.929012 0.919421 0.928241
0 0.93311 0.897762 0.927686 0.910108 0.893853 0.866898
0 0.908058 0.830633 0.928202 0.880787 0.934917 0.871914
0 0.936467 0.829475 0.933884 0.845679 0.89282 0.811728
0 0.891271 0.844522 0.924845 0.822531 0.918388 0.811343
0 0.885331 0.78858 0.923812 0.810571 0.920455 0.822531
0 0.933884 0.806713 0.923037 0.814429 0.908833 0.758102
0 0.90625 0.73534 0.896694 0.788194 0.886622 0.784336
0 0.900568 0.727238 0.900568 0.727238 0.909607 0.73341 0.889463 0.771605
0 0.927169 0.722994 0.933884 0.729167 0.911674 0.775463
0 0.89282 0.68287 0.930269 0.711806 0.924587 0.728009
0 0.871643 0.67091 0.86751 0.736497 0.853822 0.731481
0 0.728822 0.68287 0.737603 0.69483 0.706612 0.732253
0 0.724432 0.554012 0.731147 0.5625 0.695764 0.592978
0 0.744318 0.628858 0.743285 0.64159 0.706095 0.63233
0 0.790548 0.507716 0.779184 0.552083 0.771178 0.547068
0 0.804236 0.534336 0.823605 0.583719 0.810434 0.590664
0 0.837293 0.594136 0.846591 0.594907 0.832903 0.649306
0 0.859504 0.567515 0.869835 0.570988 0.854339 0.623843
0 0.832903 0.565972 0.865961 0.581019 0.869318 0.566744
0 0.823605 0.511188 0.837293 0.51196 0.826963 0.569059
0 0.807076 0.466821 0.820248 0.460262 0.826963 0.519676
0 0.803719 0.433642 0.790548 0.484182 0.781508 0.478781
0 0.753357 0.445602 0.760847 0.458333 0.724948 0.48071
0 0.738636 0.49267 0.738636 0.491512 0.710744 0.523148 0.706612 0.507716
0 0.710744 0.428627 0.71126 0.445602 0.754132 0.434414
0 0.70093 0.439815 0.713068 0.440586 0.709452 0.490741
0 0.690083 0.44483 0.677686 0.45409 0.700413 0.502701
0 0.881198 0.499228 0.892045 0.50463 0.872676 0.558256
0 0.878357 0.588735 0.897727 0.527392 0.885847 0.521605
0 0.897211 0.518133 0.926395 0.557485 0.918388 0.566744
0 0.890496 0.57446 0.927428 0.59838 0.93156 0.580247
0 0.9047 0.60571 0.928719 0.646605 0.934917 0.635031
0 0.93311 0.661265 0.928719 0.675926 0.900052 0.64429
0 0.871126 0.466049 0.88249 0.473765 0.855114 0.530093
0 0.873967 0.434414 0.858988 0.48071 0.849948 0.473765
0 0.845816 0.44213 0.84814 0.490741 0.837293 0.488426
0 0.808368 0.43287 0.850981 0.461034 0.841942 0.472222
0 0.860279 0.436343 0.831612 0.441358 0.832903 0.431327
0 0.841942 0.387731 0.832903 0.437114 0.824122 0.432099
0 0.828771 0.402392 0.826446 0.417438 0.78874 0.393519
0 0.799587 0.356096 0.826963 0.396991 0.833936 0.385031
0 0.770145 0.424383 0.750517 0.378472 0.743802 0.388503
0 0.739153 0.400463 0.731147 0.413966 0.764205 0.445602
0 0.744318 0.355324 0.725981 0.392747 0.717459 0.381944
0 0.673037 0.340664 0.70093 0.379244 0.692924 0.389275
0 0.847624 0.352623 0.868285 0.424383 0.85563 0.427855
0 0.855114 0.359568 0.878357 0.432099 0.887655 0.423611
0 0.869318 0.334105 0.876033 0.388503 0.866994 0.387731
0 0.926395 0.484182 0.934401 0.490741 0.907541 0.53858
0 0.925878 0.46875 0.93156 0.48071 0.902893 0.509645
0 0.900568 0.424383 0.920713 0.478781 0.925878 0.46875
0 0.920713 0.443287 0.92407 0.460262 0.885331 0.472222
0 0.885331 0.44483 0.923037 0.413966 0.916581 0.403935
0 0.880682 0.368056 0.926911 0.382716 0.922262 0.39892
0 0.881973 0.351852 0.925103 0.36304 0.923037 0.378472
0 0.719783 0.325231 0.67407 0.303241 0.671746 0.325231
0 0.751808 0.307485 0.788223 0.35108 0.793905 0.33912
0 0.838585 0.316744 0.795196 0.347608 0.790548 0.330633
0 0.835744 0.33912 0.826963 0.325231 0.790548 0.368056
0 0.828254 0.277778 0.81689 0.313272 0.808884 0.304784
0 0.810434 0.286265 0.793388 0.3125 0.78719 0.305556
0 0.817407 0.262346 0.82593 0.268904 0.801911 0.294753
0 0.826963 0.241898 0.823605 0.25733 0.78719 0.234954
0 0.855114 0.241127 0.856663 0.256173 0.817924 0.253086
0 0.863636 0.207562 0.865961 0.224923 0.821281 0.238426
0 0.85563 0.165123 0.849948 0.210262 0.842459 0.208719
0 0.777893 0.18287 0.751808 0.199074 0.74845 0.184028
0 0.754132 0.149691 0.792872 0.141975 0.792872 0.155093
0 0.798554 0.173611 0.809401 0.116512 0.801911 0.113812
0 0.819731 0.124228 0.829804 0.126929 0.817407 0.172068
0 0.756198 0.119213 0.726756 0.119985 0.730114 0.137731
0 0.91374 0.125772 0.918905 0.138889 0.888171 0.155093
0 0.895919 0.189043 0.924587 0.146991 0.914256 0.13696
0 0.887655 0.103781 0.881198 0.090278 0.850981 0.131173
0 0.884039 0.16358 0.920713 0.169367 0.915031 0.186343
0 0.897727 0.239198 0.921746 0.204475 0.912707 0.195988
0 0.921746 0.170139 0.930785 0.179784 0.908058 0.216435
0 0.921229 0.221451 0.927428 0.231481 0.889205 0.270062
0 0.925103 0.26659 0.925103 0.280093 0.884039 0.274306
0 0.822572 0.280864 0.866994 0.313272 0.870351 0.299769
0 0.880682 0.275849 0.92407 0.287809 0.918388 0.303241
0 0.928719 0.3125 0.929752 0.298225 0.898502 0.308256
0 0.88688 0.299769 0.915031 0.337191 0.919421 0.323688
0 0.923037 0.337963 0.925103 0.321759 0.883523 0.317515
0 0.926395 0.344907 0.920196 0.355324 0.889721 0.318673
0 0.90625 0.075617 0.918647 0.084491 0.896178 0.134645
0 0.898244 0.056327 0.906508 0.064429 0.87939 0.103781
0 0.887655 0.048225 0.896436 0.053241 0.871901 0.097222
0 0.862087 0.063272 0.868802 0.054398 0.887655 0.103781
0 0.83936 0.043981 0.834452 0.054398 0.872159 0.076389
0 0.862862 0.111497 0.847107 0.050154 0.838585 0.058256
0 0.821798 0.05054 0.833678 0.043981 0.852789 0.09375
0 0.85124 0.110725 0.834452 0.054398 0.825671 0.060571
0 0.837035 0.113426 0.814308 0.047454 0.803719 0.054398
0 0.778151 0.07446 0.821539 0.061343 0.818182 0.047454
0 0.808368 0.10841 0.825671 0.060571 0.816374 0.054398
0 0.791322 0.07446 0.784607 0.064043 0.754649 0.10571
0 0.743802 0.044367 0.738895 0.057485 0.783316 0.094522
0 0.70687 0.046296 0.717459 0.043981 0.720041 0.079475
0 0.719525 0.082562 0.672004 0.098765 0.671746 0.078318
0 0.695506 0.035494 0.704804 0.054012 0.665289 0.079475
0 0.669938 0.04591 0.673812 0.063272 0.71436 0.052855
0 0.50594 0.125386 0.503357 0.142747 0.540806 0.147762
0 0.579804 0.114198 0.580579 0.127315 0.547521 0.11767
0 0.600207 0.116512 0.606921 0.13233 0.567149 0.160494
0 0.600207 0.21412 0.598657 0.228009 0.631198 0.233025
0 0.625775 0.217207 0.66064 0.229167 0.655992 0.240741
0 0.609504 0.273148 0.602789 0.287037 0.557851 0.255787
0 0.631715 0.065201 0.630424 0.082562 0.670713 0.081404
0 0.645661 0.054012 0.638946 0.042052 0.61157 0.076389
0 0.611312 0.07909 0.56999 0.042438 0.566632 0.059028
0 0.55501 0.036265 0.551653 0.050926 0.586002 0.062114
0 0.612862 0.113426 0.58781 0.060185 0.578512 0.070988
0 0.565083 0.064043 0.56095 0.050154 0.5297 0.083333
0 0.547779 0.097608 0.547779 0.081019 0.510589 0.092207
0 0.508781 0.083333 0.477014 0.039352 0.4672 0.052469
0 0.488636 0.046296 0.496384 0.03588 0.518595 0.07716
0 0.53564 0.081019 0.501808 0.036265 0.495093 0.050154
0 0.534091 0.069444 0.51188 0.042052 0.50594 0.052083
0 0.435434 0.038194 0.438275 0.05517 0.40625 0.05787
0 0.399535 0.086806 0.44344 0.091049 0.442924 0.071373
0 0.397727 0.074074 0.397211 0.058642 0.362862 0.076775
0 0.371384 0.06713 0.409091 0.046682 0.401085 0.032407
0 0.366477 0.042438 0.35718 0.049383 0.380682 0.102238
0 0.357696 0.032407 0.366477 0.042438 0.32593 0.078318
0 0.313791 0.04591 0.324638 0.038966 0.336777 0.100309
0 0.349948 0.110725 0.342975 0.121142 0.320248 0.086034
0 0.352789 0.083333 0.364669 0.085262 0.349948 0.130401
0 0.387397 0.14159 0.370868 0.089506 0.361312 0.097222
0 0.352789 0.134645 0.373709 0.17554 0.384039 0.166281
0 0.350981 0.128472 0.312242 0.122685 0.314566 0.108025
0 0.31095 0.084491 0.303719 0.077546 0.288223 0.126157
0 0.290548 0.109182 0.283574 0.097222 0.260847 0.142361
0 0.277376 0.074846 0.294938 0.102238 0.288223 0.108025
0 0.310434 0.042438 0.301911 0.032407 0.27686 0.084491
0 0.314566 0.06713 0.308626 0.08179 0.277893 0.050154
0 0.265496 0.092978 0.286415 0.045139 0.27686 0.037423
0 0.260331 0.038966 0.259556 0.056327 0.297262 0.045139
0 0.293388 0.143904 0.280217 0.136188 0.272211 0.202932
0 0.336777 0.150077 0.334452 0.167052 0.293905 0.148148
0 0.266529 0.203704 0.227789 0.201775 0.230114 0.217978
0 0.294421 0.188272 0.313791 0.238426 0.323605 0.224923
0 0.279184 0.244599 0.272727 0.25733 0.240186 0.22338
0 0.175103 0.146605 0.198089 0.197531 0.187242 0.204475
0 0.181043 0.128472 0.17407 0.13966 0.199638 0.171296
0 0.181043 0.219907 0.179236 0.267361 0.169421 0.267361
0 0.218492 0.246142 0.226498 0.263117 0.186725 0.282022
0 0.200413 0.291281 0.189566 0.349151 0.178719 0.340664
0 0.282541 0.287809 0.32593 0.270833 0.322314 0.25463
0 0.467459 0.286265 0.455837 0.335648 0.446798 0.328704
0 0.259556 0.06713 0.225981 0.099537 0.2203 0.083333
0 0.246643 0.099537 0.255165 0.052855 0.245868 0.048611
0 0.253357 0.037423 0.258523 0.04784 0.225465 0.06713
0 0.230114 0.03588 0.244835 0.038194 0.220816 0.095293
0 0.219783 0.036651 0.228822 0.050154 0.178719 0.092978
0 0.145145 0.117284 0.108213 0.154321 0.105114 0.138889
0 0.160899 0.133488 0.140238 0.172454 0.133523 0.166281
0 0.124742 0.146991 0.136622 0.148534 0.12345 0.21142
0 0.145661 0.186728 0.108729 0.165509 0.105888 0.179012
0 0.12939 0.143133 0.110795 0.193673 0.103822 0.185957
0 0.110021 0.119985 0.106921 0.106867 0.141529 0.085262
0 0.126033 0.102238 0.116219 0.109954 0.139205 0.164352
0 0.202996 0.081404 0.180785 0.040509 0.172262 0.048611
0 0.207128 0.109954 0.167355 0.081019 0.173295 0.070216
0 0.202479 0.083333 0.162707 0.068673 0.165806 0.059028
0 0.167614 0.038966 0.178202 0.039352 0.164773 0.094136
0 0.174845 0.138503 0.169163 0.072531 0.158316 0.076003
0 0.158058 0.053241 0.167872 0.061343 0.145145 0.109568
0 0.18001 0.112269 0.14876 0.082948 0.153667 0.071373
0 0.169163 0.130401 0.149535 0.073302 0.141529 0.085262
0 0.13843 0.143133 0.146952 0.082948 0.13688 0.081019
0 0.12939 0.083333 0.125517 0.070988 0.166839 0.047454
0 0.142304 0.041667 0.138946 0.054784 0.185434 0.067901
0 0.128616 0.048611 0.12655 0.063657 0.175362 0.068673
0 0.123967 0.061343 0.124225 0.075617 0.167355 0.069059
0 0.113636 0.083333 0.116477 0.095679 0.152118 0.069059
0 0.164256 0.200231 0.159349 0.208719 0.185434 0.240741
0 0.171488 0.216435 0.131715 0.25463 0.125258 0.236497
0 0.147211 0.243056 0.157025 0.234568 0.166064 0.290123
0 0.15625 0.285108 0.146436 0.292438 0.171488 0.351852
0 0.147211 0.312114 0.13688 0.246528 0.127066 0.25463
0 0.122934 0.199074 0.107955 0.251157 0.100981 0.243056
0 0.122159 0.233025 0.10718 0.279321 0.100207 0.271991
0 0.135847 0.256944 0.115444 0.304398 0.110537 0.295139
0 0.101498 0.292438 0.110021 0.304398 0.131715 0.25463
0 0.104855 0.281636 0.115444 0.286265 0.119835 0.234182
0 0.135072 0.307099 0.105114 0.344522 0.096849 0.333719
0 0.1547 0.359182 0.168388 0.356096 0.166839 0.405864
0 0.141529 0.35108 0.149535 0.416281 0.138946 0.416667
0 0.125258 0.42284 0.132748 0.427469 0.142304 0.383873
0 0.12345 0.341435 0.104081 0.391975 0.096074 0.383488
0 0.117769 0.374228 0.116219 0.427469 0.107955 0.425926
0 0.095041 0.400463 0.103306 0.388503 0.126808 0.435571
0 0.221333 0.349537 0.220558 0.36767 0.178977 0.361497
0 0.2172 0.300926 0.229597 0.329861 0.234246 0.322531
0 0.243802 0.317901 0.26937 0.356096 0.275052 0.344907
0 0.287965 0.35841 0.318182 0.342593 0.314566 0.327932
0 0.284607 0.355324 0.292614 0.368827 0.259298 0.403935
0 0.309917 0.362654 0.318698 0.371142 0.296229 0.411265
0 0.276343 0.409336 0.28125 0.423611 0.240961 0.434414
0 0.24406 0.402778 0.246643 0.413966 0.218492 0.421296
0 0.222882 0.405864 0.264205 0.35841 0.255165 0.343364
0 0.186983 0.356096 0.210486 0.414352 0.199122 0.420525
0 0.102789 0.400077 0.104081 0.442901 0.096849 0.441744
0 0.147469 0.425926 0.103564 0.437114 0.108213 0.451003
0 0.13688 0.449846 0.100723 0.458333 0.099174 0.443287
0 0.0953 0.467207 0.100207 0.480324 0.124742 0.441358
0 0.117252 0.464506 0.129907 0.459877 0.127066 0.521605
0 0.13688 0.477238 0.153151 0.421296 0.141529 0.418981
0 0.153926 0.429784 0.165806 0.43287 0.153667 0.490355
0 0.169938 0.486883 0.162707 0.453704 0.155992 0.459491
0 0.169938 0.443287 0.165031 0.457562 0.199897 0.47608
0 0.204287 0.481867 0.213326 0.475694 0.225981 0.52392
0 0.199897 0.51659 0.189308 0.520833 0.207386 0.565586
0 0.26188 0.48804 0.297521 0.508488 0.301395 0.491512
0 0.287707 0.548225 0.252066 0.571759 0.248192 0.557099
0 0.287965 0.59375 0.288481 0.609568 0.244835 0.598765
0 0.241736 0.550154 0.233988 0.603009 0.224432 0.599537
0 0.205837 0.582948 0.205837 0.599537 0.244835 0.589506
0 0.192149 0.548611 0.185434 0.556713 0.205579 0.588735
0 0.16813 0.514275 0.174329 0.555941 0.166581 0.556713
0 0.148244 0.552469 0.146178 0.565972 0.183626 0.569444
0 0.167355 0.557099 0.165031 0.621528 0.153151 0.615741
0 0.142304 0.484182 0.147469 0.549383 0.13688 0.548611
0 0.12345 0.455247 0.099948 0.510802 0.092975 0.501543
0 0.108213 0.490355 0.103564 0.543596 0.095041 0.540123
0 0.107438 0.53125 0.11157 0.518133 0.143079 0.559414
0 0.118802 0.519676 0.099174 0.571759 0.091426 0.564043
0 0.134039 0.554784 0.098399 0.559414 0.099174 0.548611
0 0.102789 0.531636 0.099948 0.544753 0.135589 0.551312
0 0.118027 0.547068 0.100207 0.605324 0.092975 0.599923
0 0.094525 0.576775 0.099432 0.565201 0.121384 0.60108
0 0.122676 0.588349 0.100723 0.644676 0.090393 0.633488
0 0.119318 0.584105 0.097624 0.625 0.091942 0.616512
0 0.109246 0.592978 0.101756 0.599151 0.121384 0.634645
0 0.158316 0.609954 0.125 0.646605 0.118285 0.637346
0 0.121901 0.597608 0.115961 0.60571 0.139205 0.627701
0 0.106405 0.66821 0.106663 0.684028 0.148244 0.663966
0 0.141012 0.651235 0.116219 0.690201 0.111054 0.679784
0 0.127841 0.64892 0.099432 0.684414 0.0953 0.67554
0 0.106405 0.694444 0.104597 0.640432 0.0953 0.645833
0 0.230372 0.597994 0.237862 0.604552 0.212552 0.640432
0 0.14437 0.587577 0.10718 0.549383 0.116736 0.53588
0 0.233988 0.654707 0.245868 0.653549 0.242769 0.706019
0 0.233213 0.698688 0.242769 0.706019 0.212552 0.760802
0 0.219008 0.765432 0.216684 0.779321 0.258781 0.791667
0 0.209711 0.712577 0.186983 0.758488 0.177944 0.748071
0 0.18905 0.671682 0.189824 0.722222 0.179752 0.717978
0 0.190857 0.673997 0.197831 0.687886 0.230114 0.646991
0 0.154184 0.665509 0.167097 0.662809 0.167872 0.731096
0 0.142304 0.749614 0.133264 0.739969 0.164773 0.69483
0 0.140238 0.693287 0.116219 0.73804 0.110279 0.727623
0 0.135847 0.685957 0.097107 0.738812 0.091167 0.724537
0 0.09814 0.687886 0.091942 0.700231 0.132748 0.722222
0 0.129132 0.778549 0.126291 0.716821 0.115444 0.719136
0 0.103822 0.727238 0.098399 0.744213 0.133264 0.763503
0 0.151343 0.734182 0.136364 0.789352 0.12655 0.783565
0 0.147469 0.753858 0.139463 0.804398 0.150568 0.806713
0 0.154959 0.768519 0.153926 0.825617 0.163481 0.825617
0 0.096074 0.773534 0.09375 0.788194 0.13843 0.798611
0 0.108213 0.793596 0.104597 0.780478 0.145919 0.775463
0 0.094783 0.758873 0.096074 0.77662 0.135589 0.770062
0 0.092459 0.801698 0.091942 0.820988 0.143337 0.808256
0 0.162965 0.837963 0.116994 0.849923 0.11751 0.833333
0 0.114669 0.81713 0.120093 0.80787 0.142562 0.838735
0 0.090393 0.846836 0.094008 0.859182 0.131198 0.831019
0 0.090393 0.868441 0.098399 0.877701 0.121384 0.81713
0 0.255682 0.819444 0.252841 0.838735 0.304494 0.846065
0 0.25594 0.835648 0.234504 0.883102 0.226498 0.877701
0 0.188017 0.826389 0.173554 0.88233 0.163223 0.877701
0 0.166322 0.868441 0.117769 0.858025 0.122159 0.842207
0 0.112087 0.826389 0.116477 0.905478 0.105114 0.90162
0 0.109504 0.917438 0.12061 0.91821 0.112862 0.863426
0 0.100207 0.863812 0.110279 0.921296 0.100723 0.921296
0 0.13249 0.893133 0.122159 0.896219 0.115702 0.827546
0 0.127066 0.933256 0.136364 0.928627 0.114669 0.874614
0 0.156767 0.88233 0.123709 0.859954 0.129649 0.849923
0 0.145661 0.864583 0.140238 0.932485 0.129649 0.927083
0 0.143337 0.931327 0.154442 0.929784 0.148244 0.867284
0 0.157025 0.841049 0.167614 0.886188 0.159349 0.888503
0 0.164514 0.935185 0.176911 0.931713 0.161674 0.872685
0 0.177944 0.834877 0.191116 0.885802 0.202221 0.87963
0 0.208419 0.838735 0.194731 0.896219 0.185434 0.890818
0 0.215393 0.865741 0.198089 0.923997 0.190599 0.916667
0 0.221074 0.927083 0.214876 0.940972 0.176911 0.909336
0 0.173037 0.886188 0.186725 0.929398 0.19499 0.923225
0 0.202738 0.898148 0.244576 0.940972 0.251291 0.928627
0 0.222882 0.897762 0.264979 0.928627 0.255682 0.939043
0 0.259039 0.867284 0.262138 0.929398 0.251291 0.928627
0 0.234762 0.893133 0.267045 0.865355 0.260072 0.854167
0 0.301136 0.875 0.283316 0.926698 0.27686 0.919367
0 0.263171 0.884259 0.270145 0.937114 0.278926 0.931713
0 0.274535 0.872685 0.267562 0.925154 0.258781 0.918596
0 0.372417 0.820216 0.329029 0.842593 0.325413 0.826389
0 0.308626 0.87037 0.333419 0.919367 0.323605 0.928627
0 0.363378 0.886188 0.364669 0.900849 0.331612 0.896219
0 0.326446 0.883488 0.348399 0.932485 0.354597 0.924383
0 0.377583 0.877701 0.363378 0.939043 0.352014 0.932485
0 0.404959 0.859954 0.40625 0.873843 0.369318 0.877701
0 0.404442 0.939043 0.416322 0.931327 0.384556 0.868441
0 0.407541 0.834877 0.451705 0.881559 0.460486 0.867284
0 0.504649 0.751929 0.462293 0.774691 0.460486 0.754244
0 0.533574 0.829475 0.534866 0.846836 0.49251 0.844136
0 0.48657 0.857253 0.459711 0.907407 0.45093 0.89892
0 0.442924 0.878472 0.454545 0.931713 0.443698 0.935185
0 0.417872 0.875772 0.440857 0.931327 0.448605 0.923225
0 0.400568 0.900077 0.435434 0.941744 0.443698 0.928627
0 0.445506 0.89429 0.474174 0.941744 0.480114 0.931327
0 0.503874 0.860725 0.486312 0.937886 0.473399 0.929784
0 0.53564 0.902778 0.515754 0.935571 0.509039 0.924383
0 0.681043 0.676698 0.68595 0.693673 0.643079 0.712191
0 0.658058 0.728009 0.66374 0.742284 0.621901 0.768133
0 0.615702 0.739969 0.58781 0.780864 0.579029 0.770062
0 0.442924 0.515046 0.481405 0.515046 0.477789 0.533951
0 0.579545 0.422068 0.587293 0.433642 0.555527 0.466821
0 0.540289 0.381173 0.517045 0.318287 0.50594 0.332948
0 0.573864 0.559028 0.567665 0.576775 0.525568 0.547454
0 0.578771 0.538194 0.573089 0.551698 0.608213 0.563272
0 0.612345 0.538194 0.609504 0.588349 0.625775 0.589506
0 0.48218 0.594522 0.493285 0.594522 0.48218 0.644676
0 0.625775 0.357253 0.615961 0.408565 0.606147 0.401235
0 0.342975 0.443673 0.346591 0.50733 0.330062 0.50733