0 0.236874 0.80577 0.249695 0.811459 0.223443 0.87566
0 0.250305 0.922389 0.241758 0.938236 0.193529 0.885412
0 0.307082 0.940268 0.312271 0.926859 0.263126 0.900447
0 0.308608 0.913856 0.317155 0.930516 0.354701 0.884193
0 0.379731 0.727347 0.385226 0.752133 0.438645 0.719626
0 0.101648 0.829338 0.111111 0.81349 0.167888 0.872003
0 0.09127 0.759447 0.105922 0.761479 0.092491 0.828525
0 0.068987 0.822024 0.07967 0.837058 0.035714 0.884193
0 0.029915 0.911824 0.021368 0.889069 0.086081 0.849248
0 0.025641 0.891914 0.037851 0.887038 0.01862 0.815522
0 0.027167 0.785047 0.044872 0.78139 0.043651 0.853312
0 0.071123 0.65258 0.082723 0.655425 0.089133 0.58269
0 0.047009 0.542869 0.062576 0.547745 0.038462 0.614791
0 0.053419 0.369768 0.059829 0.385616 0.113858 0.341325
0 0.081807 0.501829 0.098901 0.501829 0.092491 0.436002
0 0.109585 0.522958 0.102564 0.50386 0.163614 0.475416
0 0.233211 0.425437 0.251221 0.425437 0.243284 0.504673
0 0.265873 0.518895 0.279609 0.520926 0.277473 0.462414
0 0.254579 0.341325 0.253053 0.361235 0.194139 0.344169
0 0.256716 0.298659 0.264652 0.28525 0.224054 0.253149
0 0.194139 0.24746 0.210623 0.252336 0.192918 0.332792
0 0.187729 0.224705 0.187729 0.24746 0.132479 0.238115
0 0.137973 0.271434 0.126068 0.282406 0.100427 0.232426
0 0.066239 0.261682 0.061355 0.284437 0.134615 0.299472
0 0.375458 0.240146 0.371184 0.258025 0.339133 0.237302
0 0.337912 0.252336 0.346154 0.238927 0.306471 0.22308
0 0.458486 0.263714 0.452076 0.28078 0.493284 0.30638
0 0.436508 0.263714 0.450855 0.255993 0.423687 0.191792
0 0.053419 0.23527 0.064713 0.244616 0.080586 0.178383
0 0.089133 0.173507 0.092491 0.18976 0.133089 0.162129
0 0.163004 0.199106 0.172772 0.184072 0.133089 0.129216
0 0.168498 0.164974 0.178571 0.179195 0.211844 0.12434
0 0.229853 0.143438 0.215507 0.153596 0.242369 0.216172
0 0.241148 0.170662 0.234127 0.187729 0.275946 0.202763
0 0.28083 0.184072 0.293651 0.184072 0.290904 0.261682
0 0.332723 0.228362 0.317155 0.22755 0.322039 0.155628
0 0.367521 0.186103 0.384005 0.186103 0.383089 0.268184
0 0.419414 0.147095 0.426435 0.163348 0.379121 0.18204
0 0.401099 0.126371 0.411783 0.142219 0.360501 0.175538
0 0.382479 0.132873 0.380342 0.153596 0.326313 0.123527
0 0.404457 0.108492 0.411783 0.120683 0.364774 0.143438
0 0.348291 0.072328 0.34127 0.091426 0.386142 0.108492
0 0.326313 0.102804 0.34127 0.107273 0.34768 0.057294
0 0.322039 0.039415 0.332112 0.026818 0.351954 0.081674
0 0.34127 0.03657 0.352564 0.020317 0.393162 0.075173
0 0.300061 0.026818 0.317766 0.026006 0.313492 0.095083
0 0.300672 0.132873 0.282357 0.123527 0.304945 0.058106
0 0.283883 0.138562 0.287241 0.117838 0.224664 0.11215
0 0.241758 0.139374 0.256716 0.146282 0.26801 0.089395
0 0.277473 0.026818 0.292125 0.034539 0.272283 0.106461
0 0.258242 0.06664 0.263736 0.081674 0.217643 0.09874
0 0.20116 0.030882 0.211844 0.02113 0.243895 0.080049
0 0.180098 0.023974 0.196276 0.023974 0.183455 0.097928
0 0.155067 0.075173 0.156593 0.093052 0.211233 0.072328
0 0.172772 0.028037 0.163004 0.020317 0.148657 0.071516
0 0.168498 0.115807 0.169414 0.100772 0.113858 0.102804
0 0.139499 0.095083 0.148657 0.081674 0.113248 0.046729
0 0.141636 0.051605 0.143773 0.071516 0.099817 0.065827
0 0.061355 0.040228 0.07906 0.026818 0.108974 0.097115
0 0.047009 0.084518 0.056166 0.104429 0.100427 0.054449
0 0.042735 0.122714 0.036325 0.105648 0.083333 0.085738
0 0.072039 0.123527 0.053419 0.117026 0.049145 0.186103
0 0.049145 0.230394 0.061355 0.219829 0.036325 0.153596
0 0.032051 0.195449 0.042735 0.196262 0.037851 0.25193
0 0.509158 0.23527 0.516178 0.243803 0.549145 0.201138
0 0.517094 0.29744 0.530525 0.308818 0.489316 0.360829
0 0.672772 0.340106 0.679182 0.353515 0.71398 0.314506
0 0.69475 0.277529 0.703907 0.261682 0.752137 0.311662
0 0.723138 0.263714 0.710928 0.269403 0.708791 0.216172
0 0.689866 0.223893 0.699023 0.225518 0.70116 0.167818
0 0.667582 0.194636 0.668498 0.212515 0.710317 0.199106
0 0.763736 0.301503 0.779304 0.308005 0.783578 0.253149
0 0.808303 0.290126 0.824786 0.286063 0.806166 0.225518
0 0.797619 0.218204 0.809219 0.232426 0.825397 0.186103
0 0.70116 0.161317 0.696886 0.179195 0.746642 0.191792
0 0.738095 0.11987 0.722527 0.129216 0.75641 0.18204
0 0.772283 0.088582 0.759463 0.103616 0.801893 0.161317
0 0.750916 0.059325 0.744505 0.075173 0.783578 0.087769
0 0.724664 0.097115 0.735348 0.11215 0.686813 0.148314
0 0.650488 0.08208 0.666361 0.078017 0.658425 0.156847
0 0.636447 0.117838 0.643468 0.129216 0.618742 0.152783
0 0.610195 0.132873 0.623016 0.134905 0.608059 0.190573
0 0.572344 0.099147 0.587302 0.097928 0.576618 0.164161
0 0.601648 0.110118 0.586691 0.117026 0.576007 0.062983
0 0.554029 0.053637 0.559524 0.069484 0.597985 0.038602
0 0.571734 0.041447 0.588828 0.034539 0.605922 0.100772
0 0.601648 0.049573 0.591575 0.056481 0.627289 0.102804
0 0.649267 0.083706 0.644994 0.101991 0.597375 0.08208
0 0.623626 0.077204 0.6337 0.063795 0.590354 0.042259
0 0.608059 0.044291 0.617827 0.032913 0.655678 0.08655
0 0.658425 0.02885 0.670635 0.034539 0.650488 0.08208
0 0.64011 0.045104 0.652625 0.031694 0.677045 0.091426
0 0.668498 0.104429 0.661172 0.087769 0.698107 0.06664
0 0.691087 0.02885 0.70116 0.042259 0.655678 0.075173
0 0.692613 0.062983 0.709707 0.054449 0.718864 0.106461
0 0.742369 0.044291 0.750916 0.059325 0.708181 0.083706
0 0.720391 0.02885 0.709707 0.045916 0.744505 0.075173
0 0.704518 0.030882 0.693834 0.038602 0.721001 0.077204
0 0.558303 0.106461 0.572344 0.099147 0.54823 0.050792
0 0.525641 0.030882 0.539072 0.025193 0.538462 0.091426
0 0.479243 0.055262 0.478022 0.071516 0.527778 0.072328
0 0.509158 0.169037 0.523504 0.161317 0.503663 0.099959
0 0.502137 0.117026 0.50641 0.100772 0.458181 0.089395
0 0.465201 0.204795 0.478022 0.214141 0.491453 0.159285
0 0.434676 0.154002 0.428266 0.136936 0.486569 0.110118
0 0.42094 0.120683 0.42735 0.140593 0.474359 0.11215
0 0.422466 0.115807 0.412698 0.108492 0.442308 0.076392
0 0.416667 0.067859 0.425214 0.084925 0.379121 0.101991
0 0.42094 0.027225 0.42674 0.046729 0.3721 0.068671
0 0.462149 0.035758 0.453907 0.018692 0.411783 0.055262
0 0.486569 0.03657 0.474969 0.026006 0.449634 0.085738
0 0.458181 0.050792 0.444444 0.045916 0.440171 0.095083
0 0.851954 0.045104 0.855617 0.06664 0.785714 0.079236
0 0.941392 0.044291 0.948718 0.060138 0.897436 0.08208
0 0.874542 0.053637 0.864774 0.042259 0.836996 0.101991
0 0.864774 0.068671 0.881868 0.076392 0.846154 0.149939
0 0.876068 0.11987 0.862027 0.110524 0.851343 0.174726
0 0.829976 0.106461 0.84768 0.110524 0.82906 0.186103
0 0.84127 0.242584 0.833333 0.263714 0.886142 0.298659
0 0.862637 0.240959 0.858364 0.255181 0.905983 0.273872
0 0.844933 0.230394 0.85348 0.243803 0.893162 0.203982
0 0.906593 0.178383 0.915751 0.194636 0.863858 0.236896
0 0.884005 0.186916 0.884615 0.204795 0.839133 0.203169
0 0.90873 0.130028 0.913614 0.143438 0.867521 0.166193
0 0.865995 0.161317 0.861111 0.146282 0.906593 0.121495
0 0.953602 0.154002 0.959096 0.16538 0.915751 0.194636
0 0.935897 0.199106 0.919414 0.184072 0.906593 0.245429
0 0.947802 0.186103 0.961233 0.199106 0.925214 0.240959
0 0.959096 0.178383 0.971306 0.176351 0.96337 0.114181
0 0.953602 0.110524 0.96337 0.122714 0.931624 0.164161
0 0.945055 0.11987 0.953602 0.128403 0.913614 0.163348
0 0.962149 0.085738 0.962759 0.067859 0.904457 0.075173
0 0.955739 0.104835 0.959096 0.090614 0.913004 0.08655
0 0.952991 0.120683 0.950855 0.104835 0.906593 0.121495
0 0.895299 0.110524 0.930098 0.065014 0.940171 0.080861
0 0.923077 0.148314 0.941392 0.071516 0.95696 0.078017
0 0.849206 0.298659 0.849206 0.316538 0.901709 0.304348
0 0.838523 0.340106 0.84188 0.357985 0.890415 0.322227
0 0.873321 0.402682 0.888278 0.396993 0.862027 0.324258
0 0.858364 0.360016 0.869658 0.372206 0.826313 0.417716
0 0.910867 0.399837 0.928571 0.403495 0.931624 0.320195
0 0.946581 0.273872 0.962149 0.273872 0.955739 0.340106
0 0.968559 0.296627 0.955739 0.282406 0.928571 0.356359
0 0.937118 0.232426 0.951465 0.293783 0.962759 0.288907
0 0.972833 0.328728 0.95696 0.327915 0.960012 0.40065
0 0.942308 0.401463 0.962759 0.403495 0.944444 0.47054
0 0.720391 0.463226 0.72619 0.480293 0.767399 0.434783
0 0.781441 0.427469 0.758852 0.453881 0.749695 0.438846
0 0.757326 0.520114 0.76862 0.528647 0.787241 0.476636
0 0.824176 0.463226 0.829976 0.478667 0.778694 0.503048
0 0.861111 0.453068 0.863248 0.434783 0.811966 0.440471
0 0.869048 0.439659 0.871184 0.456725 0.921551 0.438846
0 0.862637 0.542869 0.877595 0.542869 0.866911 0.471759
0 0.875458 0.488013 0.888889 0.547338 0.900794 0.539212
0 0.972833 0.492483 0.978327 0.509549 0.930098 0.530679
0 0.968559 0.566436 0.974969 0.577814 0.938034 0.609915
0 0.916667 0.637546 0.935897 0.635514 0.929487 0.696059
0 0.942002 0.676961 0.953602 0.682649 0.960623 0.614791
0 0.964896 0.713125 0.974969 0.705404 0.951465 0.658269
0 0.974969 0.722471 0.961233 0.711906 0.945665 0.776514
0 0.930708 0.756603 0.947802 0.757416 0.942002 0.676961
0 0.905067 0.711093 0.892247 0.704592 0.880952 0.771638
0 0.793651 0.503048 0.808608 0.50386 0.797314 0.588379
0 0.819902 0.428281 0.831197 0.438846 0.801282 0.478667
0 0.669109 0.494514 0.661477 0.547338 0.648657 0.539212
0 0.71337 0.676961 0.724664 0.661926 0.748779 0.720439
0 0.690476 0.698903 0.710317 0.687525 0.721001 0.765949
0 0.695665 0.756603 0.699023 0.734661 0.638584 0.731004
0 0.650794 0.655425 0.662088 0.665583 0.695665 0.610727
0 0.924298 0.514425 0.937118 0.50386 0.953602 0.56156
0 0.941392 0.554246 0.926435 0.553027 0.932234 0.492483
0 0.938645 0.49167 0.929487 0.482324 0.96337 0.440471
0 0.630647 0.626981 0.644383 0.617635 0.609585 0.552215
0 0.651404 0.771638 0.670635 0.774482 0.655678 0.849248
0 0.69536 0.76026 0.694139 0.777326 0.653541 0.757416
0 0.71398 0.829338 0.722527 0.850467 0.771368 0.819179
0 0.808608 0.823649 0.818987 0.806583 0.766484 0.770012
0 0.544872 0.911824 0.544872 0.935392 0.478022 0.918732
0 0.630037 0.874848 0.637057 0.894758 0.679792 0.865502
0 0.674908 0.940268 0.691087 0.934579 0.671245 0.876879
0 0.728938 0.865502 0.718254 0.8846 0.674908 0.825681
0 0.790598 0.89679 0.786325 0.913856 0.735348 0.8846
0 0.816239 0.943113 0.826313 0.935392 0.794872 0.903291
0 0.809829 0.948801 0.817766 0.935392 0.770147 0.907355
0 0.792735 0.9423 0.795788 0.925234 0.739621 0.920358
0 0.857448 0.94677 0.865995 0.931735 0.817766 0.89679
0 0.833944 0.938236 0.843407 0.952458 0.874542 0.919545
0 0.878816 0.947989 0.888889 0.937424 0.858059 0.878911
0 0.846154 0.886225 0.840354 0.903291 0.892247 0.923202
0 0.866606 0.883381 0.863248 0.910199 0.917277 0.918732
0 0.894383 0.948801 0.8837 0.941081 0.917277 0.898822
0 0.917888 0.930922 0.913004 0.943925 0.870269 0.914669
0 0.907814 0.862657 0.914225 0.85128 0.873932 0.816335
0 0.863858 0.778545 0.854701 0.795612 0.898657 0.830557
0 0.907204 0.822024 0.920635 0.814303 0.886752 0.748476
0 0.900183 0.889069 0.911477 0.901666 0.930708 0.84681
0 0.949328 0.933767 0.950855 0.916701 0.894689 0.914669
0 0.96917 0.890289 0.974969 0.903291 0.930098 0.921577
0 0.953602 0.915888 0.964896 0.906136 0.929487 0.863876
0 0.958486 0.833401 0.970696 0.827712 0.942308 0.772857
0 0.943529 0.286469 0.946276 0.304348 0.893773 0.312881
0 0.748779 0.263714 0.769536 0.259651 0.746642 0.191792
0 0.898962 0.54165 0.917277 0.522958 0.937118 0.520114 0.919109 0.52946 0.906288 0.553027
0 0.956349 0.483137 0.962759 0.491264 0.947497 0.506298 0.925824 0.506298 0.947497 0.498578
0 0.958791 0.587566 0.953602 0.56156 0.952381 0.537586 0.939866 0.537993 0.943529 0.554246 0.950855 0.563592