0 0.674329 0.285494 0.670713 0.270062 0.635072 0.293596
0 0.697831 0.238426 0.707386 0.237269 0.702738 0.290509
0 0.562242 0.165895 0.563275 0.14892 0.516271 0.167052
0 0.633006 0.184414 0.631715 0.167052 0.66813 0.162037
0 0.755682 0.205633 0.762397 0.19483 0.782283 0.239198
0 0.762913 0.176698 0.771952 0.166281 0.792097 0.214506
0 0.808884 0.140046 0.820506 0.133488 0.830579 0.195216
0 0.823089 0.11034 0.833936 0.114198 0.824122 0.17091
0 0.823089 0.09838 0.825671 0.083333 0.856405 0.111883
0 0.853822 0.134259 0.864411 0.127701 0.874742 0.185571
0 0.858988 0.22608 0.844783 0.222994 0.856663 0.152392
0 0.742769 0.143904 0.741477 0.125772 0.698864 0.12963
0 0.739669 0.088735 0.748192 0.082176 0.757231 0.144676
0 0.717717 0.102623 0.713068 0.086806 0.673037 0.118056
0 0.671746 0.138889 0.669421 0.150849 0.62939 0.140046
0 0.665548 0.090664 0.658316 0.076389 0.633781 0.111111
0 0.627841 0.123457 0.633781 0.104552 0.582903 0.086806
0 0.630424 0.092593 0.633264 0.077546 0.59814 0.068673
0 0.8422 0.283951 0.852789 0.280093 0.850723 0.334105
0 0.825413 0.302855 0.836519 0.304012 0.828254 0.362654
0 0.86312 0.300926 0.874483 0.310957 0.849948 0.368441
0 0.672779 0.03588 0.68156 0.024306 0.699638 0.073688
0 0.661157 0.027392 0.671229 0.026235 0.670713 0.082948
0 0.641787 0.071373 0.643079 0.059028 0.676653 0.06983
0 0.625 0.036651 0.63249 0.024306 0.658316 0.064043
0 0.635331 0.075617 0.628616 0.059028 0.666322 0.03588
0 0.59969 0.023534 0.594267 0.033951 0.63249 0.071373
0 0.584711 0.040895 0.596333 0.030864 0.604597 0.071373
0 0.586002 0.019676 0.594267 0.033951 0.555527 0.062886
0 0.764205 0.037809 0.768853 0.028164 0.80501 0.060957 0.764979 0.038194
0 0.793388 0.043596 0.795713 0.032022 0.829545 0.063657
0 0.810692 0.025077 0.800878 0.037037 0.836002 0.062886
0 0.837293 0.03858 0.843492 0.027006 0.87655 0.056327
0 0.854081 0.056327 0.860537 0.066744 0.833161 0.092978
0 0.852014 0.098765 0.856405 0.111883 0.896436 0.083333
0 0.871901 0.034722 0.866219 0.046296 0.907025 0.069444
0 0.903151 0.046682 0.911932 0.042438 0.926136 0.096451
0 0.910124 0.075617 0.915806 0.090664 0.877841 0.11767
0 0.916064 0.131559 0.908833 0.126543 0.920971 0.096836
0 0.932851 0.122685 0.936725 0.107253 0.898502 0.092978
0 0.936467 0.13233 0.927686 0.125772 0.912707 0.159336
0 0.926136 0.165895 0.920971 0.153549 0.888171 0.175926
0 0.941116 0.136188 0.932851 0.122685 0.922262 0.157407
0 0.903151 0.204861 0.900568 0.189043 0.872159 0.201775
0 0.897211 0.229552 0.89282 0.212191 0.859246 0.239198
0 0.940599 0.173611 0.940083 0.172454 0.93156 0.160108 0.915806 0.210648
0 0.774019 0.331019 0.783574 0.326003 0.794163 0.395833
0 0.926136 0.23534 0.930269 0.23071 0.910899 0.181327
0 0.93001 0.222222 0.939308 0.216049 0.917355 0.179784
0 0.920455 0.226852 0.924329 0.209491 0.877841 0.203704
0 0.937242 0.237654 0.933884 0.221836 0.896436 0.244213
0 0.937242 0.251929 0.934143 0.237269 0.90186 0.263503
0 0.93905 0.270062 0.935176 0.251929 0.891271 0.284722
0 0.940341 0.289738 0.934659 0.274306 0.902893 0.310957
0 0.939308 0.326003 0.933368 0.311728 0.904184 0.353009
0 0.94499 0.32446 0.934143 0.318673 0.922262 0.390818
0 0.783058 0.44213 0.794421 0.445602 0.778926 0.5
0 0.848915 0.593364 0.859246 0.581019 0.821023 0.529707
0 0.812758 0.649306 0.798295 0.64429 0.814566 0.588349
0 0.879649 0.539352 0.866994 0.536265 0.866994 0.603781
0 0.908316 0.38966 0.90186 0.375386 0.875258 0.412037
0 0.932593 0.383873 0.937758 0.370756 0.897986 0.354167
0 0.944473 0.385802 0.937758 0.370756 0.918647 0.399691
0 0.930785 0.414738 0.927428 0.397762 0.88249 0.424383
0 0.94189 0.420525 0.930269 0.410108 0.902376 0.459491
0 0.944215 0.399691 0.933368 0.394676 0.923812 0.465278
0 0.93595 0.48534 0.937242 0.470679 0.901601 0.474537
0 0.940341 0.506559 0.942407 0.493056 0.903151 0.480324
0 0.937242 0.517361 0.939308 0.501543 0.894112 0.494985
0 0.823089 0.706019 0.821281 0.692515 0.865702 0.697531
0 0.760331 0.707176 0.750517 0.707948 0.746901 0.655093
0 0.884814 0.709105 0.887655 0.692515 0.836519 0.675154 0.884298 0.712191
0 0.866219 0.65625 0.859762 0.640818 0.893337 0.619599
0 0.88249 0.642747 0.892562 0.63696 0.897727 0.697531
0 0.943698 0.626157 0.935176 0.613426 0.91219 0.665895
0 0.945764 0.681327 0.935434 0.669753 0.922521 0.71412
0 0.946798 0.716821 0.93905 0.731096 0.907541 0.675154
0 0.923037 0.741898 0.920455 0.726466 0.881198 0.740741
0 0.934659 0.755401 0.928719 0.73804 0.890238 0.775849
0 0.938533 0.611497 0.94499 0.596065 0.904184 0.571373
0 0.934143 0.574846 0.942407 0.589506 0.906767 0.626929
0 0.94189 0.565201 0.935434 0.546296 0.904184 0.594522
0 0.938533 0.52392 0.934659 0.535494 0.904959 0.50463
0 0.945248 0.535494 0.940083 0.521219 0.907025 0.550926
0 0.842975 0.808256 0.83187 0.814043 0.824122 0.75463
0 0.8125 0.798997 0.82438 0.798997 0.816374 0.850694
0 0.817924 0.869213 0.828771 0.874228 0.83781 0.806713
0 0.802944 0.866512 0.795196 0.87037 0.790806 0.813272
0 0.806302 0.869985 0.800878 0.884645 0.772727 0.852623
0 0.771952 0.867284 0.764721 0.881559 0.735795 0.81983
0 0.737862 0.87037 0.728822 0.880015 0.710486 0.811343
0 0.866736 0.835648 0.857955 0.824074 0.889463 0.788194
0 0.904959 0.843364 0.898502 0.830633 0.86751 0.872299
0 0.943182 0.826003 0.932851 0.824074 0.933368 0.767747
0 0.935434 0.837191 0.942924 0.81713 0.90186 0.788966
0 0.920455 0.861497 0.922521 0.847994 0.888946 0.839506
0 0.932593 0.85571 0.920971 0.853781 0.924329 0.789352
0 0.930785 0.876157 0.929494 0.857639 0.892045 0.864198
0 0.943182 0.856481 0.941116 0.838349 0.907541 0.863426
0 0.701705 0.87963 0.688791 0.871914 0.704287 0.813272
0 0.669938 0.877701 0.66813 0.859568 0.7172 0.861497
0 0.645919 0.871914 0.638171 0.85571 0.682335 0.827546 0.646178 0.875
0 0.600981 0.878858 0.591167 0.874228 0.610021 0.832562
0 0.57438 0.868441 0.567407 0.876929 0.546746 0.835262
0 0.541064 0.876929 0.534349 0.888503 0.502066 0.85571
0 0.521694 0.882716 0.510589 0.868441 0.546229 0.819059
0 0.505424 0.872299 0.493802 0.871914 0.49561 0.800926
0 0.491736 0.881944 0.498192 0.866127 0.455579 0.856481
0 0.485279 0.849151 0.485537 0.829475 0.444215 0.835648
0 0.453254 0.862269 0.442665 0.849151 0.477014 0.807485
0 0.458161 0.826003 0.445248 0.830633 0.440341 0.774691
0 0.405992 0.883488 0.39876 0.872299 0.431818 0.83912
0 0.383523 0.875772 0.369835 0.871914 0.391012 0.807485
0 0.427428 0.73804 0.431818 0.720679 0.47624 0.748843
0 0.504132 0.725309 0.489411 0.721451 0.50594 0.658951
0 0.494576 0.668596 0.493027 0.652006 0.461519 0.667824
0 0.36157 0.744599 0.370351 0.737269 0.378357 0.790895
0 0.279442 0.783179 0.285899 0.769676 0.253616 0.754244
0 0.336777 0.584491 0.344008 0.57909 0.359504 0.625
0 0.204545 0.700617 0.189566 0.69483 0.202479 0.624228
0 0.184659 0.712963 0.19344 0.703318 0.208936 0.750386
0 0.232438 0.794753 0.235021 0.779321 0.26782 0.802855
0 0.32593 0.833333 0.336777 0.839506 0.348399 0.774691
0 0.347366 0.869213 0.358213 0.873843 0.363378 0.815972
0 0.32593 0.864583 0.33626 0.873071 0.352531 0.814043
0 0.30062 0.853781 0.309143 0.856481 0.3125 0.796682
0 0.304752 0.875 0.300878 0.860725 0.336777 0.842978
0 0.298295 0.866512 0.303461 0.878858 0.323347 0.812114
0 0.2828 0.866512 0.290548 0.874228 0.308626 0.810571
0 0.285382 0.843364 0.281508 0.827546 0.312242 0.792052
0 0.32593 0.580633 0.31405 0.582562 0.311725 0.520833
0 0.305269 0.543981 0.313017 0.535494 0.284349 0.503858
0 0.139979 0.662037 0.147469 0.652392 0.161157 0.706019
0 0.173554 0.674383 0.181302 0.682099 0.158058 0.714892
0 0.149793 0.724537 0.154184 0.710262 0.173554 0.758488
0 0.146178 0.744599 0.152893 0.736111 0.177944 0.787423
0 0.137397 0.715664 0.149535 0.709105 0.153409 0.77392
0 0.165289 0.635802 0.176136 0.631173 0.176136 0.680941
0 0.142562 0.647377 0.146952 0.630015 0.183626 0.667438
0 0.143853 0.611497 0.14876 0.601852 0.161932 0.65625
0 0.179236 0.62037 0.172779 0.609568 0.19938 0.572917
0 0.172779 0.623071 0.161932 0.613426 0.180527 0.558642
0 0.16374 0.574074 0.165031 0.592207 0.202996 0.561343
0 0.143079 0.571373 0.154184 0.563657 0.166322 0.613426
0 0.214876 0.383873 0.228822 0.379244 0.235279 0.454475
0 0.185176 0.446759 0.18001 0.428627 0.220558 0.421682
0 0.156767 0.549769 0.159349 0.537423 0.177944 0.569059
0 0.139979 0.551698 0.147469 0.543981 0.163223 0.588349
0 0.143079 0.535494 0.150052 0.528935 0.166839 0.572917
0 0.143595 0.520062 0.149019 0.510417 0.161674 0.548225
0 0.142562 0.511188 0.145661 0.528935 0.170971 0.48341
0 0.175878 0.495756 0.167097 0.497685 0.183626 0.538194
0 0.159091 0.46875 0.152118 0.475694 0.177169 0.532407
0 0.143853 0.46412 0.15031 0.456404 0.165548 0.516204
0 0.172004 0.459105 0.164256 0.464892 0.186209 0.520833
0 0.155217 0.445602 0.15031 0.46412 0.192924 0.48534 0.154184 0.44213 0.155475 0.448688 0.160382 0.453704 0.169421 0.466821 0.186209 0.405093
0 0.178719 0.379244 0.186467 0.371528 0.19938 0.424769
0 0.471591 0.194444 0.473399 0.180941 0.515496 0.20409
0 0.479855 0.168596 0.482438 0.149306 0.444473 0.14159
0 0.439308 0.099151 0.438533 0.088349 0.408833 0.096065
0 0.488378 0.088349 0.481147 0.072145 0.439308 0.099151
0 0.481147 0.058642 0.488378 0.052855 0.492769 0.08642
0 0.549587 0.069059 0.551653 0.087577 0.495868 0.085648
0 0.548295 0.056713 0.542614 0.040123 0.508264 0.063272
0 0.553461 0.033565 0.545196 0.022762 0.505682 0.060571
0 0.526343 0.025849 0.530992 0.035494 0.500517 0.048997
0 0.514205 0.021991 0.514721 0.036265 0.475465 0.036265
0 0.451446 0.078704 0.451446 0.060571 0.417355 0.06713
0 0.444473 0.043981 0.444473 0.056713 0.410899 0.060571
0 0.433368 0.034336 0.42562 0.027778 0.41219 0.070216
0 0.341684 0.203318 0.339876 0.185957 0.390238 0.18017
0 0.307593 0.161651 0.31405 0.153164 0.339876 0.185957
0 0.338585 0.130787 0.339876 0.108796 0.389463 0.126929
0 0.330837 0.106867 0.338585 0.126157 0.302944 0.153164
0 0.258523 0.200231 0.259814 0.18287 0.221591 0.18287
0 0.226756 0.143519 0.235795 0.130015 0.26343 0.185957
0 0.317924 0.265818 0.326188 0.273534 0.334711 0.234182
0 0.258523 0.301698 0.270661 0.294753 0.248192 0.248457 0.25749 0.297454 0.258264 0.30054
0 0.240444 0.301698 0.252066 0.29591 0.235279 0.253472
0 0.199122 0.296682 0.202221 0.310185 0.234504 0.271605
0 0.182851 0.259259 0.182851 0.259259 0.194473 0.255401 0.199122 0.315201
0 0.20093 0.239969 0.204287 0.256173 0.240961 0.232253
0 0.21126 0.266975 0.197056 0.25733 0.212035 0.207948
0 0.235795 0.331404 0.228048 0.354552 0.273244 0.382716
0 0.214618 0.35571 0.20687 0.33912 0.232696 0.305556
0 0.206095 0.417438 0.194473 0.400849 0.221591 0.344136
0 0.19189 0.382716 0.208161 0.391204 0.193182 0.312114
0 0.14876 0.292052 0.156508 0.282407 0.175103 0.337191
0 0.174587 0.211034 0.188017 0.215664 0.173295 0.288966
0 0.154442 0.214892 0.154442 0.198302 0.212552 0.212963
0 0.235279 0.108796 0.235795 0.090278 0.286932 0.114583
0 0.16064 0.391975 0.16374 0.405093 0.198089 0.378086
0 0.151343 0.42091 0.153926 0.409336 0.188275 0.453704
0 0.145145 0.42284 0.149535 0.409336 0.182335 0.454475
0 0.152118 0.405093 0.157283 0.390818 0.18905 0.429398
0 0.145661 0.397377 0.151343 0.388117 0.182335 0.437114
0 0.151343 0.344522 0.152893 0.354938 0.189566 0.335648
0 0.16064 0.387731 0.160382 0.374228 0.190341 0.361111
0 0.155217 0.36767 0.157283 0.38233 0.195248 0.355324
0 0.15031 0.355324 0.150052 0.372685 0.1875 0.368441
0 0.339876 0.033179 0.347882 0.026235 0.356663 0.082176
0 0.340134 0.027392 0.33032 0.027392 0.334194 0.083333
0 0.322056 0.027392 0.333419 0.026235 0.32438 0.083333
0 0.318698 0.026235 0.327221 0.033951 0.305785 0.075231
0 0.308368 0.052469 0.307076 0.067515 0.272211 0.059028
0 0.302686 0.019676 0.29468 0.029321 0.311725 0.057099 0.302944 0.020448
0 0.291581 0.021605 0.298554 0.032793 0.268337 0.060957
0 0.285899 0.015818 0.290806 0.032022 0.253357 0.042438
0 0.25594 0.022377 0.258523 0.033951 0.233988 0.044753
0 0.240702 0.017361 0.246384 0.030093 0.216167 0.046296
0 0.23218 0.055941 0.235537 0.047454 0.261105 0.052469
0 0.230888 0.041667 0.23812 0.05054 0.215393 0.07909
0 0.221333 0.09375 0.215909 0.10841 0.250258 0.131173
0 0.213326 0.092593 0.227014 0.095679 0.220041 0.156636
0 0.214618 0.046296 0.223915 0.050154 0.209711 0.096451
0 0.209452 0.027392 0.219783 0.032022 0.205062 0.094522
0 0.195506 0.027006 0.206353 0.028164 0.198089 0.08912
0 0.188017 0.04321 0.193957 0.04321 0.190599 0.082176
0 0.178202 0.071373 0.16968 0.064043 0.192149 0.029321
0 0.161932 0.058256 0.170455 0.053627 0.166581 0.105324
0 0.170713 0.09375 0.172262 0.096065 0.181043 0.098765 0.191116 0.040895
0 0.184659 0.114198 0.189566 0.107253 0.213843 0.145062 0.184143 0.116512
0 0.193698 0.087191 0.183626 0.089892 0.197572 0.147377
0 0.176911 0.126929 0.182851 0.119985 0.202479 0.158951
0 0.160124 0.125772 0.155733 0.114198 0.188791 0.086034
0 0.154959 0.135417 0.1578 0.141975 0.18156 0.116512
0 0.172262 0.150849 0.172521 0.139275 0.208678 0.150077
0 0.168647 0.167052 0.168647 0.154707 0.20687 0.164352
0 0.160124 0.163194 0.153151 0.152392 0.178977 0.119985
0 0.155992 0.195216 0.160899 0.183642 0.190341 0.206404
0 0.166064 0.16821 0.1578 0.17554 0.190341 0.206404
0 0.149793 0.176698 0.158574 0.189429 0.173812 0.146991
0 0.15625 0.79321 0.155733 0.780478 0.190599 0.766975
0 0.147986 0.79591 0.143079 0.784336 0.178977 0.751543
0 0.173812 0.802855 0.182851 0.807485 0.183626 0.74537
0 0.190341 0.811343 0.185176 0.798225 0.2172 0.780478
0 0.210227 0.81983 0.199897 0.823688 0.196281 0.769676
0 0.191116 0.827546 0.178202 0.825231 0.193698 0.771219
0 0.16813 0.814429 0.174845 0.820988 0.191116 0.770833 0.165289 0.813657
0 0.215134 0.81713 0.223399 0.822917 0.232438 0.770833
0 0.15625 0.837963 0.145661 0.835262 0.1578 0.792052
0 0.141529 0.841435 0.152634 0.846065 0.155992 0.788966
0 0.16374 0.847994 0.161157 0.83179 0.207903 0.822145
0 0.149277 0.840278 0.161415 0.844136 0.166064 0.799383
0 0.152634 0.850694 0.158574 0.83912 0.185176 0.856867
0 0.15625 0.864969 0.155217 0.849923 0.185176 0.856867
0 0.179236 0.84838 0.18001 0.834491 0.215651 0.82909
0 0.184401 0.852238 0.189308 0.856096 0.216426 0.822531
0 0.20687 0.847222 0.216426 0.853395 0.23063 0.803627
0 0.216426 0.869213 0.225465 0.871142 0.229855 0.816358
0 0.197314 0.871528 0.196539 0.856096 0.231663 0.860725
0 0.185434 0.875386 0.178202 0.866512 0.207386 0.840664
0 0.260847 0.840664 0.266787 0.844522 0.2797 0.809414
0 0.266271 0.861497 0.271178 0.84838 0.29468 0.853781
0 0.262655 0.849151 0.265238 0.853781 0.281508 0.811343
0 0.262655 0.864969 0.256973 0.85841 0.284866 0.8125
0 0.260847 0.872299 0.268079 0.85841 0.252324 0.81713
0 0.274019 0.874228 0.262655 0.864969 0.283574 0.823688
0 0.241477 0.878086 0.246643 0.869599 0.2203 0.837963
0 0.230114 0.867284 0.233729 0.873457 0.256457 0.835648
0 0.25439 0.871142 0.243543 0.871142 0.248192 0.824846