0 0.344525 0.553627 0.354855 0.54321 0.370351 0.602238 0.3453 0.55517
0 0.422521 0.427469 0.426653 0.447917 0.479339 0.412809
0 0.433626 0.418596 0.440599 0.430556 0.451188 0.38966
0 0.573605 0.36767 0.581353 0.38233 0.551911 0.41088
0 0.642304 0.344522 0.645403 0.361111 0.682076 0.336806
0 0.713326 0.287809 0.718492 0.265432 0.655217 0.257716
0 0.538998 0.199846 0.542614 0.179398 0.502324 0.173997
0 0.784349 0.193287 0.785382 0.173611 0.740186 0.178627
0 0.775052 0.208333 0.788223 0.204861 0.783058 0.274306
0 0.806818 0.418981 0.803719 0.435957 0.761105 0.397377
0 0.661674 0.089892 0.662707 0.106096 0.61906 0.111111
0 0.657541 0.060185 0.658316 0.077546 0.613636 0.067901
0 0.713326 0.13233 0.70532 0.145062 0.683368 0.099537
0 0.71126 0.140818 0.71436 0.154707 0.753874 0.135031
0 0.771952 0.138889 0.778409 0.123843 0.738378 0.101466
0 0.778926 0.07446 0.7797 0.054398 0.821798 0.069444
0 0.842975 0.106096 0.840909 0.126543 0.796488 0.111111
0 0.83187 0.063657 0.842459 0.072531 0.820506 0.12963
0 0.830837 0.057099 0.8422 0.048225 0.855114 0.098765
0 0.852789 0.082176 0.860537 0.09375 0.875258 0.059028
0 0.87061 0.058256 0.884298 0.048611 0.899793 0.092978
0 0.733213 0.054012 0.739153 0.040509 0.767304 0.081404
0 0.722366 0.052083 0.733729 0.043596 0.757231 0.101466
0 0.703512 0.056327 0.714618 0.042438 0.748709 0.094522
0 0.684917 0.051312 0.69189 0.041667 0.728822 0.087963
0 0.672521 0.048611 0.683626 0.042438 0.71126 0.094907
0 0.669163 0.048611 0.682851 0.048225 0.672521 0.099537
0 0.879132 0.145833 0.883523 0.162037 0.839876 0.181327
0 0.878357 0.158179 0.893853 0.162037 0.881715 0.233796
0 0.943182 0.182485 0.942924 0.199846 0.904442 0.191358
0 0.943182 0.121914 0.951446 0.131559 0.928202 0.167824
0 0.917355 0.126543 0.91968 0.140818 0.883523 0.138117
0 0.891529 0.088735 0.90186 0.102238 0.865702 0.149691
0 0.892045 0.07909 0.899277 0.097608 0.857955 0.118827
0 0.902893 0.051312 0.914514 0.055941 0.897727 0.104552
0 0.908058 0.062114 0.919938 0.053241 0.933368 0.123843
0 0.917872 0.077546 0.926395 0.071759 0.935434 0.124614
0 0.929494 0.06983 0.93905 0.06983 0.935434 0.124614
0 0.946798 0.21142 0.95532 0.225694 0.919163 0.257716
0 0.946281 0.221836 0.947056 0.243441 0.91219 0.241512
0 0.747417 0.440972 0.744835 0.460262 0.794421 0.465278
0 0.824122 0.291667 0.836519 0.291281 0.830062 0.345293
0 0.883006 0.320216 0.890238 0.30517 0.855372 0.274306
0 0.850723 0.32716 0.864928 0.320216 0.869576 0.388117
0 0.908833 0.358796 0.915806 0.370756 0.883523 0.393519
0 0.907025 0.465278 0.913998 0.481481 0.957903 0.471065
0 0.902893 0.469907 0.924329 0.474923 0.934143 0.437114
0 0.941632 0.429398 0.945764 0.44483 0.91219 0.451389
0 0.944473 0.395448 0.956612 0.400463 0.916064 0.447531
0 0.946798 0.399306 0.956612 0.407022 0.935434 0.454475
0 0.947056 0.368441 0.95532 0.381173 0.919938 0.434414
0 0.93905 0.363812 0.94938 0.376157 0.903151 0.415123
0 0.945764 0.336806 0.955837 0.347222 0.924845 0.410108
0 0.937758 0.317515 0.951963 0.326003 0.919163 0.385031
0 0.936725 0.302855 0.948089 0.316744 0.910899 0.366512
0 0.903667 0.282793 0.917097 0.273148 0.929494 0.342593
0 0.950155 0.271991 0.953512 0.282793 0.907541 0.310571
0 0.943182 0.261574 0.94938 0.277778 0.904184 0.297454
0 0.952738 0.259645 0.94938 0.277778 0.905475 0.260802
0 0.86751 0.503472 0.880682 0.514275 0.849432 0.56713 0.865186 0.502701
0 0.956095 0.541281 0.960744 0.557485 0.914773 0.574846
0 0.956612 0.5625 0.959969 0.576775 0.920455 0.594136
0 0.954029 0.582562 0.959969 0.594522 0.920455 0.626157
0 0.86906 0.626929 0.87655 0.643519 0.839101 0.674383
0 0.806302 0.634645 0.816116 0.626157 0.828771 0.677469
0 0.908316 0.680941 0.919938 0.692901 0.88688 0.741898
0 0.836777 0.711806 0.849432 0.698688 0.870868 0.751543
0 0.801911 0.758102 0.802428 0.734954 0.855372 0.752315 0.803202 0.757716 0.802169 0.761574 0.801653 0.763889 0.798037 0.781636 0.761105 0.752701
0 0.690083 0.729552 0.702221 0.730324 0.698605 0.795139
0 0.952996 0.857639 0.962552 0.846836 0.932851 0.788194
0 0.895403 0.815972 0.909607 0.815201 0.89876 0.741127
0 0.87345 0.85841 0.88843 0.849151 0.84969 0.790895
0 0.874225 0.851852 0.874225 0.876929 0.832645 0.869985
0 0.828254 0.811343 0.840393 0.798997 0.866994 0.852623
0 0.823089 0.869985 0.828254 0.851852 0.787707 0.825617
0 0.761105 0.902778 0.772727 0.915509 0.793388 0.849151
0 0.768853 0.934799 0.783058 0.942515 0.795455 0.873843
0 0.746126 0.940586 0.758523 0.941358 0.746901 0.872299
0 0.833936 0.952932 0.83936 0.931713 0.793905 0.919367
0 0.822314 0.939429 0.838068 0.935571 0.827479 0.873071
0 0.88249 0.923997 0.880424 0.942515 0.836777 0.923997
0 0.901085 0.912423 0.89282 0.928241 0.851498 0.881559
0 0.922521 0.884645 0.928977 0.866512 0.885589 0.851852
0 0.894886 0.93017 0.905733 0.938657 0.923295 0.875
0 0.920713 0.939429 0.933368 0.941358 0.927169 0.874228
0 0.934917 0.925926 0.946281 0.934028 0.952996 0.864583
0 0.945764 0.899306 0.952221 0.878858 0.92562 0.830633
0 0.706095 0.935571 0.714618 0.947531 0.743543 0.902006
0 0.723657 0.900077 0.733988 0.886574 0.689308 0.837577
0 0.716684 0.83642 0.722882 0.857639 0.770919 0.81713
0 0.722882 0.808256 0.730114 0.81983 0.757748 0.770062
0 0.675103 0.813272 0.680269 0.795139 0.73063 0.827932
0 0.643079 0.866512 0.649277 0.842978 0.697314 0.880015 0.641787 0.864198
0 0.631198 0.866127 0.634039 0.844907 0.581612 0.85108
0 0.692665 0.953318 0.699897 0.942515 0.668647 0.907793
0 0.672779 0.929784 0.68156 0.945216 0.7172 0.914352
0 0.665031 0.945602 0.677944 0.936728 0.64437 0.896991
0 0.622934 0.939429 0.632748 0.951389 0.659091 0.893133
0 0.608213 0.938657 0.618285 0.941744 0.626033 0.875772
0 0.594008 0.949074 0.604081 0.943287 0.566632 0.893519 0.595816 0.95409
0 0.580837 0.9375 0.587552 0.953318 0.635072 0.907022
0 0.524793 0.941358 0.531767 0.951389 0.569473 0.911651
0 0.59375 0.756559 0.607438 0.75733 0.600207 0.815972
0 0.571798 0.766975 0.588585 0.767747 0.581612 0.835262
0 0.579545 0.797068 0.582386 0.814429 0.529184 0.818287
0 0.582128 0.740741 0.592459 0.729552 0.55062 0.680941
0 0.506198 0.741127 0.51188 0.753472 0.477531 0.787037
0 0.458161 0.758102 0.470558 0.758102 0.461002 0.687886
0 0.475207 0.895062 0.486829 0.900077 0.493285 0.824074
0 0.506715 0.910494 0.508523 0.891204 0.564824 0.921296
0 0.439566 0.945602 0.449897 0.94946 0.46281 0.872299
0 0.47314 0.945216 0.487862 0.939815 0.46281 0.875772 0.471333 0.947145
0 0.48812 0.930941 0.502841 0.929784 0.484246 0.880015
0 0.507231 0.939429 0.509298 0.95409 0.559659 0.903164
0 0.49845 0.943673 0.513946 0.953318 0.529184 0.880787
0 0.49251 0.950231 0.507231 0.944444 0.497676 0.876929
0 0.346074 0.729167 0.34969 0.747685 0.307851 0.762346
0 0.305785 0.723765 0.292872 0.73341 0.275052 0.677469 0.307076 0.727623
0 0.246384 0.736883 0.254132 0.717593 0.300878 0.770833
0 0.218233 0.729167 0.21875 0.707948 0.269628 0.727238
0 0.345816 0.827932 0.352531 0.820216 0.320248 0.79784
0 0.35124 0.828704 0.356405 0.806327 0.313533 0.766975 0.353564 0.833719
0 0.346074 0.835648 0.353564 0.848765 0.391787 0.804398
0 0.298037 0.839506 0.308368 0.830633 0.267045 0.771991
0 0.316116 0.871914 0.320248 0.885417 0.362603 0.853009
0 0.34969 0.884645 0.361312 0.89892 0.389721 0.838349
0 0.37061 0.923225 0.383523 0.929784 0.385847 0.86034
0 0.38094 0.934799 0.389205 0.946373 0.421488 0.900849
0 0.406767 0.939429 0.418905 0.951389 0.4375 0.871142
0 0.392562 0.946373 0.405992 0.948302 0.399019 0.872299
0 0.360795 0.935957 0.371643 0.940586 0.364669 0.885802
0 0.353822 0.945602 0.365961 0.935957 0.355114 0.883488
0 0.339618 0.942515 0.353048 0.93287 0.331095 0.878858
0 0.360279 0.957176 0.366736 0.940586 0.322056 0.91088
0 0.327996 0.947145 0.337035 0.934799 0.307076 0.896991
0 0.288998 0.912809 0.304494 0.911651 0.287965 0.839506
0 0.311725 0.945216 0.323347 0.939429 0.296229 0.874228
0 0.311725 0.953318 0.317665 0.935571 0.27376 0.914352
0 0.300103 0.694444 0.314824 0.686728 0.294938 0.615741
0 0.368027 0.625 0.382231 0.613812 0.395145 0.680941
0 0.229081 0.593364 0.244576 0.591435 0.237345 0.672454
0 0.172262 0.674383 0.18311 0.679012 0.186467 0.623457
0 0.165031 0.644676 0.173554 0.652006 0.194215 0.596065
0 0.173037 0.702546 0.169163 0.719907 0.218233 0.733025
0 0.174329 0.727623 0.173037 0.750386 0.229597 0.736883
0 0.203771 0.739198 0.219525 0.744599 0.202738 0.818287
0 0.253874 0.923997 0.256457 0.937114 0.303461 0.921682
0 0.245093 0.930941 0.256457 0.937114 0.272469 0.885031
0 0.231921 0.932485 0.240961 0.940972 0.26188 0.884645
0 0.228048 0.910108 0.235795 0.92091 0.25749 0.861883
0 0.224174 0.940586 0.233729 0.942515 0.248967 0.888889
0 0.219008 0.941358 0.232955 0.935185 0.235795 0.875772
0 0.209711 0.938657 0.225207 0.942901 0.234246 0.878472
0 0.204029 0.940586 0.210227 0.950617 0.24251 0.895062
0 0.202221 0.930556 0.213585 0.935571 0.225465 0.872685
0 0.237087 0.878858 0.243543 0.859568 0.195764 0.833333
0 0.207903 0.873457 0.211519 0.886188 0.253874 0.842593
0 0.192149 0.870756 0.198864 0.884645 0.248967 0.838735
0 0.18595 0.936728 0.194731 0.945988 0.22314 0.900463
0 0.167355 0.937114 0.170971 0.948302 0.219525 0.902392
0 0.175103 0.915895 0.176911 0.931327 0.231147 0.893133
0 0.187758 0.927083 0.199638 0.91821 0.183884 0.866127
0 0.171488 0.938272 0.158316 0.931713 0.186983 0.864198
0 0.146952 0.930941 0.155733 0.940972 0.198864 0.884645
0 0.151085 0.929784 0.162707 0.913194 0.126291 0.884259
0 0.151601 0.681713 0.165031 0.685957 0.152118 0.736883
0 0.168905 0.832176 0.18156 0.822531 0.175103 0.757716
0 0.167614 0.819444 0.181302 0.82909 0.164514 0.890818
0 0.161157 0.828704 0.173812 0.824846 0.173037 0.750386
0 0.153151 0.875 0.142562 0.870756 0.156767 0.807099
0 0.137655 0.777392 0.150568 0.780478 0.131715 0.842978
0 0.121901 0.923225 0.123709 0.910108 0.155992 0.919367
0 0.111829 0.90162 0.118285 0.890046 0.142045 0.931327
0 0.106921 0.892361 0.114153 0.878472 0.145919 0.927083
0 0.134298 0.893133 0.138171 0.872685 0.17562 0.900463
0 0.108988 0.873843 0.115444 0.86304 0.143079 0.902778
0 0.111054 0.862269 0.115961 0.846836 0.138688 0.888117
0 0.109246 0.84838 0.114153 0.836806 0.14437 0.876929
0 0.129907 0.853781 0.130165 0.841821 0.173037 0.854167
0 0.119576 0.821759 0.12061 0.811343 0.15625 0.831404
0 0.109246 0.821759 0.12061 0.815201 0.134039 0.856481
0 0.105114 0.798225 0.105888 0.797068 0.11312 0.78858 0.131457 0.83912
0 0.12061 0.793981 0.123192 0.780478 0.152118 0.815201
0 0.103822 0.778549 0.112087 0.765432 0.131457 0.819059
0 0.108213 0.758873 0.116219 0.754244 0.127841 0.807485
0 0.139205 0.669367 0.149535 0.674383 0.145919 0.628858
0 0.143853 0.616127 0.148502 0.628858 0.172521 0.592978
0 0.119318 0.742284 0.116736 0.724923 0.148244 0.773148 0.120351 0.743441
0 0.114669 0.743441 0.127066 0.734568 0.133781 0.793981
0 0.107696 0.739969 0.117252 0.73071 0.128357 0.782022
0 0.113636 0.721451 0.119576 0.709491 0.150568 0.769676
0 0.123967 0.675926 0.132231 0.680556 0.121384 0.701003 0.122417 0.675154
0 0.123967 0.678627 0.137913 0.683642 0.129132 0.714892
0 0.108213 0.701003 0.116219 0.688657 0.141271 0.747685
0 0.111054 0.682485 0.120868 0.695216 0.139205 0.627701
0 0.110537 0.62963 0.116736 0.620756 0.135331 0.678627
0 0.109246 0.615355 0.114928 0.601852 0.140754 0.654707
0 0.109504 0.599151 0.115702 0.589506 0.140754 0.635417
0 0.113378 0.58642 0.121901 0.576389 0.136622 0.626929
0 0.227273 0.523534 0.239669 0.525849 0.225981 0.591821
0 0.295713 0.479552 0.304494 0.471836 0.276343 0.423997
0 0.217975 0.38696 0.228048 0.382716 0.240702 0.435185
0 0.161157 0.539352 0.172262 0.53588 0.179494 0.597222
0 0.155992 0.527392 0.158058 0.508488 0.203771 0.526235
0 0.113636 0.570988 0.116736 0.556327 0.154184 0.58642
0 0.114153 0.539352 0.121901 0.527778 0.141271 0.573688
0 0.12345 0.522762 0.128874 0.535494 0.160899 0.497299
0 0.11157 0.490741 0.120868 0.484954 0.128874 0.535494
0 0.115702 0.452546 0.129132 0.437886 0.132231 0.506559
0 0.114411 0.44946 0.122676 0.435185 0.143853 0.494985
0 0.117252 0.427083 0.119835 0.412423 0.152376 0.448688 0.115961 0.425926
0 0.141787 0.397377 0.147727 0.407022 0.174845 0.366127
0 0.309401 0.403164 0.320764 0.39429 0.291322 0.344907
0 0.262655 0.290123 0.270919 0.302469 0.232955 0.346065
0 0.271694 0.213349 0.278667 0.228395 0.24251 0.258488
0 0.25 0.217593 0.246384 0.23534 0.213585 0.221065
0 0.204029 0.212191 0.21875 0.215664 0.200155 0.277392
0 0.158316 0.280864 0.168905 0.288194 0.184143 0.217593
0 0.116736 0.364583 0.123709 0.357639 0.136622 0.412037
0 0.118285 0.354167 0.125 0.344136 0.146952 0.393133
0 0.118027 0.342593 0.125775 0.327932 0.154959 0.372299
0 0.120093 0.315972 0.122417 0.29784 0.169938 0.330633
0 0.13249 0.292438 0.126033 0.281636 0.16374 0.265818
0 0.125775 0.29591 0.131457 0.280864 0.163998 0.305941
0 0.132231 0.260031 0.139205 0.248457 0.167355 0.278549
0 0.117252 0.288966 0.125258 0.300154 0.134039 0.25463
0 0.123192 0.229167 0.136105 0.223765 0.138946 0.280864
0 0.186725 0.197917 0.19499 0.205633 0.208419 0.152392
0 0.21436 0.124228 0.225207 0.12037 0.229339 0.18287
0 0.183884 0.11767 0.193698 0.128858 0.164514 0.189815
0 0.200671 0.071373 0.209711 0.077932 0.192407 0.124228
0 0.192149 0.049383 0.202221 0.040123 0.219267 0.095293
0 0.153667 0.143904 0.16219 0.152006 0.177944 0.101466
0 0.137655 0.180556 0.149793 0.18017 0.143853 0.229552
0 0.139463 0.173611 0.15031 0.167824 0.154184 0.23341
0 0.12061 0.151235 0.132231 0.143904 0.136622 0.205247
0 0.125258 0.140046 0.133781 0.132716 0.150826 0.176698
0 0.139979 0.136188 0.15031 0.13233 0.159607 0.18287
0 0.122676 0.121142 0.129907 0.108796 0.148244 0.163194 0.121384 0.118827
0 0.135331 0.109568 0.14437 0.100309 0.157283 0.140432
0 0.154442 0.095679 0.158833 0.10571 0.192149 0.073302
0 0.13688 0.086806 0.145403 0.081019 0.155475 0.123457
0 0.127841 0.072145 0.137397 0.069444 0.137397 0.076003 0.138946 0.123457
0 0.145661 0.057485 0.15625 0.054784 0.1547 0.110725
0 0.154184 0.074846 0.153151 0.059414 0.200671 0.068673 0.152118 0.076775
0 0.146694 0.052855 0.15186 0.03858 0.201963 0.067515
0 0.134814 0.067515 0.144112 0.058642 0.169163 0.091821
0 0.310434 0.119599 0.314566 0.103781 0.275052 0.07716
0 0.27686 0.059028 0.283316 0.068287 0.257748 0.097222
0 0.296229 0.039352 0.302944 0.053627 0.260331 0.081019
0 0.328512 0.039352 0.337552 0.050926 0.292614 0.082562
0 0.334452 0.041667 0.349948 0.047068 0.329804 0.111111
0 0.365961 0.07446 0.363895 0.084877 0.396952 0.083719
0 0.375775 0.184414 0.380424 0.205247 0.444215 0.185185
0 0.418388 0.146605 0.422004 0.13233 0.463068 0.167824
0 0.446798 0.100309 0.447314 0.117284 0.404184 0.121528
0 0.417097 0.047068 0.41968 0.0625 0.378357 0.066358
0 0.422004 0.05517 0.42562 0.039352 0.455579 0.063657
0 0.447314 0.047068 0.456353 0.056713 0.437242 0.103781
0 0.455579 0.04784 0.463326 0.037809 0.489153 0.084105
0 0.502066 0.053627 0.49845 0.072145 0.549587 0.073302
0 0.540289 0.099923 0.542097 0.113812 0.503616 0.121528
0 0.55656 0.128472 0.559143 0.144676 0.512138 0.146219