0 0.139205 0.114969 0.138688 0.131559 0.179752 0.114969
0 0.14876 0.145448 0.16219 0.143904 0.166322 0.202546
0 0.146178 0.20216 0.151601 0.210262 0.169938 0.175154
0 0.160382 0.210262 0.160382 0.22608 0.21126 0.220293
0 0.183884 0.16088 0.197831 0.207562 0.209194 0.196759
0 0.225981 0.078318 0.239153 0.081019 0.231663 0.14159
0 0.237862 0.038194 0.25155 0.040895 0.24251 0.097608
0 0.227014 0.094522 0.233471 0.10841 0.188791 0.126543
0 0.211519 0.121914 0.20093 0.121528 0.206353 0.179012
0 0.183626 0.135417 0.178719 0.15162 0.209194 0.165509
0 0.112862 0.159722 0.104855 0.173611 0.140754 0.197531
0 0.108729 0.144676 0.114928 0.133102 0.147986 0.193673
0 0.107696 0.149306 0.116219 0.145448 0.134039 0.196759
0 0.114669 0.197917 0.11157 0.215664 0.15625 0.21412
0 0.112087 0.250772 0.104339 0.244599 0.122934 0.201775
0 0.109504 0.267361 0.104855 0.252315 0.146952 0.231867
0 0.110279 0.123071 0.112087 0.138117 0.1578 0.102623
0 0.145145 0.164352 0.114669 0.115741 0.10718 0.131944
0 0.129132 0.115355 0.120868 0.110725 0.145145 0.065201
0 0.130682 0.0625 0.142045 0.072145 0.114669 0.115741
0 0.114928 0.061343 0.124225 0.062114 0.115444 0.125772
0 0.128099 0.040895 0.13688 0.037037 0.140754 0.104938
0 0.161157 0.07909 0.13688 0.037037 0.128874 0.05054
0 0.143595 0.029321 0.139979 0.04321 0.18001 0.053241
0 0.1578 0.059414 0.166322 0.049383 0.192665 0.090278
0 0.164514 0.074846 0.178719 0.066358 0.194473 0.116898
0 0.220558 0.039352 0.231405 0.043596 0.2203 0.083719
0 0.221849 0.039738 0.221333 0.024691 0.170455 0.033179
0 0.195764 0.052083 0.191116 0.0625 0.229855 0.08642
0 0.224432 0.197917 0.213585 0.251929 0.203771 0.243056
0 0.196798 0.221836 0.19499 0.26196 0.20687 0.259645
0 0.138171 0.24267 0.148244 0.243056 0.139463 0.297454
0 0.13249 0.267747 0.143337 0.268904 0.133523 0.320988
0 0.161932 0.241898 0.173812 0.239198 0.166322 0.294367
0 0.173812 0.277006 0.177944 0.297068 0.224432 0.270833
0 0.210486 0.315201 0.178977 0.306327 0.182076 0.294753
0 0.177428 0.310957 0.171229 0.323302 0.207128 0.346065
0 0.167097 0.36034 0.158058 0.355324 0.16968 0.304398
0 0.139979 0.347608 0.15186 0.341049 0.160382 0.398148
0 0.153409 0.42091 0.162707 0.409722 0.135847 0.366512
0 0.136105 0.384645 0.144112 0.385417 0.13843 0.42091
0 0.145145 0.341821 0.107696 0.390818 0.09969 0.369599
0 0.106921 0.424769 0.100981 0.413194 0.134039 0.375772
0 0.13094 0.388117 0.108988 0.436343 0.100207 0.429012
0 0.131715 0.396991 0.116219 0.456019 0.108988 0.451003
0 0.100981 0.434799 0.103048 0.451775 0.142562 0.437114
0 0.213843 0.351852 0.22624 0.35571 0.211002 0.412037
0 0.194473 0.400849 0.163998 0.433256 0.1578 0.419367
0 0.188017 0.402006 0.184917 0.45409 0.195248 0.453704
0 0.268853 0.361883 0.283833 0.365355 0.269628 0.423611
0 0.274277 0.304398 0.280733 0.313657 0.250775 0.344907
0 0.271952 0.274691 0.272986 0.289352 0.236312 0.290895
0 0.148244 0.438272 0.159349 0.429398 0.178202 0.489198
0 0.216426 0.468364 0.208419 0.484954 0.172004 0.432485
0 0.235537 0.415895 0.245868 0.421682 0.225723 0.474923
0 0.237862 0.530478 0.247676 0.534722 0.25439 0.467593
0 0.25749 0.486497 0.256457 0.503086 0.294938 0.498071
0 0.21875 0.518904 0.229081 0.523148 0.204545 0.586034
0 0.201963 0.498071 0.213585 0.501543 0.198605 0.5625
0 0.26937 0.548225 0.266787 0.562114 0.23063 0.543596
0 0.23063 0.580247 0.227789 0.594907 0.264979 0.611497
0 0.243285 0.625772 0.24561 0.608796 0.202479 0.606096
0 0.1875 0.565972 0.18311 0.633102 0.197314 0.631944
0 0.128099 0.606867 0.122159 0.625772 0.169421 0.646605
0 0.124742 0.612654 0.099174 0.647377 0.095041 0.637731
0 0.103564 0.503858 0.112345 0.491127 0.137397 0.542052
0 0.097107 0.468364 0.102789 0.482253 0.129649 0.447145
0 0.137655 0.438272 0.128357 0.449846 0.160124 0.49267
0 0.107696 0.459491 0.117769 0.450617 0.134814 0.513889
0 0.139463 0.496142 0.097882 0.482253 0.102014 0.469136
0 0.106147 0.480324 0.116477 0.472222 0.130682 0.527006
0 0.100981 0.518133 0.118285 0.522762 0.134814 0.555941 0.116219 0.535108 0.097624 0.53588
0 0.100465 0.650077 0.099432 0.665895 0.153409 0.658179
0 0.181302 0.636188 0.155475 0.674383 0.148502 0.664352
0 0.228564 0.624228 0.200671 0.650463 0.195764 0.636574
0 0.255165 0.64429 0.25155 0.659722 0.212035 0.643133
0 0.276085 0.647762 0.278151 0.661651 0.314308 0.645448
0 0.260072 0.650849 0.253616 0.662037 0.281508 0.677855
0 0.25594 0.694444 0.25439 0.715278 0.30811 0.712191
0 0.277893 0.722222 0.27531 0.739198 0.320764 0.755787
0 0.26782 0.768133 0.270145 0.785494 0.30501 0.763117
0 0.239153 0.790509 0.250775 0.783179 0.22314 0.72608
0 0.215134 0.704475 0.216684 0.760417 0.205062 0.756944
0 0.166839 0.708719 0.176395 0.698302 0.196539 0.748071
0 0.178977 0.683642 0.184659 0.696373 0.217975 0.657022
0 0.182851 0.655864 0.162707 0.699846 0.154442 0.690586
0 0.0953 0.682485 0.105888 0.667052 0.142562 0.725309
0 0.15031 0.739969 0.158574 0.725309 0.18905 0.784336
0 0.157541 0.775463 0.164514 0.763889 0.191374 0.814815
0 0.152634 0.778549 0.162707 0.779707 0.152634 0.828704
0 0.11906 0.814429 0.122417 0.799383 0.161415 0.817515
0 0.15031 0.775463 0.11906 0.814429 0.113636 0.803241
0 0.112345 0.78588 0.117252 0.798611 0.154442 0.74537
0 0.125775 0.725309 0.117769 0.744213 0.161932 0.761574
0 0.090909 0.708333 0.102014 0.697145 0.12061 0.76659
0 0.093233 0.719907 0.105114 0.715278 0.106405 0.76659
0 0.145145 0.719136 0.105888 0.783179 0.10124 0.771991
0 0.094525 0.755401 0.09375 0.775463 0.135847 0.761574
0 0.08936 0.780478 0.09969 0.770448 0.118285 0.830247
0 0.090134 0.803241 0.093233 0.823302 0.141529 0.78858
0 0.26188 0.770833 0.237345 0.825231 0.228822 0.813272
0 0.329545 0.792438 0.291581 0.792052 0.292355 0.773148
0 0.291322 0.792052 0.290548 0.804398 0.328771 0.803241
0 0.2828 0.803241 0.28125 0.818673 0.325155 0.819444
0 0.089876 0.824846 0.101756 0.814815 0.119576 0.881173
0 0.120351 0.853395 0.110537 0.84375 0.136622 0.793981
0 0.133006 0.827546 0.140238 0.832176 0.122159 0.890432
0 0.136622 0.868827 0.109762 0.909722 0.103048 0.899306
0 0.106405 0.837191 0.102789 0.907022 0.091167 0.902778
0 0.102531 0.929398 0.112862 0.929398 0.106921 0.871528
0 0.147727 0.881559 0.110537 0.925926 0.105372 0.912809
0 0.115186 0.938657 0.110537 0.925926 0.139721 0.89892
0 0.131715 0.935957 0.122934 0.930941 0.143595 0.875
0 0.181302 0.822531 0.152893 0.857253 0.147469 0.846065
0 0.168905 0.812886 0.147727 0.881559 0.136622 0.875
0 0.147727 0.916667 0.158316 0.914738 0.149277 0.86034
0 0.24845 0.819444 0.219267 0.876157 0.211002 0.864198
0 0.258264 0.807099 0.257748 0.883873 0.244318 0.885031
0 0.309917 0.831019 0.305785 0.81713 0.263688 0.854938
0 0.29907 0.846065 0.309143 0.854552 0.287448 0.904321
0 0.266012 0.903935 0.260072 0.923611 0.219525 0.893904
0 0.207903 0.876543 0.231921 0.941358 0.244318 0.929784
0 0.216167 0.94213 0.226498 0.935571 0.199122 0.88696
0 0.205837 0.876157 0.171229 0.908179 0.167097 0.89159
0 0.172779 0.877315 0.183368 0.930941 0.194731 0.924383
0 0.203512 0.939429 0.212552 0.929784 0.182851 0.884259
0 0.15625 0.934799 0.16968 0.935957 0.170713 0.90162 0.160124 0.872299 0.164773 0.909336
0 0.29468 0.935571 0.30062 0.923611 0.262913 0.906636
0 0.324638 0.864969 0.327738 0.882716 0.283058 0.886188
0 0.327479 0.887731 0.290548 0.915509 0.28719 0.899306
0 0.333678 0.87037 0.297262 0.843364 0.337293 0.852623
0 0.346849 0.859954 0.343492 0.935571 0.334452 0.932099
0 0.340134 0.873071 0.326446 0.933256 0.318957 0.92554
0 0.312242 0.932485 0.303719 0.925926 0.326446 0.876543
0 0.378357 0.777778 0.37939 0.792052 0.33626 0.792824
0 0.429752 0.827546 0.401343 0.880015 0.393337 0.866512
0 0.414773 0.884259 0.414773 0.898148 0.373192 0.895833
0 0.366219 0.948688 0.376033 0.938272 0.34375 0.904707
0 0.415806 0.903164 0.385072 0.944444 0.37655 0.932485
0 0.381973 0.902006 0.4078 0.943287 0.415548 0.931713
0 0.422262 0.9375 0.41219 0.924383 0.441632 0.889275
0 0.43001 0.905478 0.406767 0.922068 0.404442 0.912037
0 0.469783 0.89159 0.451963 0.94483 0.439308 0.935571
0 0.457903 0.92091 0.460486 0.94483 0.505424 0.928241
0 0.489153 0.863812 0.491219 0.878086 0.534607 0.862654
0 0.482955 0.878086 0.512397 0.94483 0.522727 0.932485
0 0.540289 0.937114 0.548295 0.94946 0.571539 0.908179
0 0.618285 0.89159 0.608213 0.908179 0.572572 0.852623
0 0.632748 0.897762 0.621643 0.947145 0.611312 0.941358
0 0.654442 0.895833 0.641012 0.945602 0.631198 0.935957
0 0.496384 0.740355 0.494576 0.756559 0.536157 0.750386
0 0.656508 0.738812 0.655475 0.751543 0.696023 0.755015
0 0.675878 0.782793 0.654442 0.821759 0.648502 0.810571
0 0.661415 0.854938 0.662965 0.872299 0.702221 0.856096
0 0.680785 0.809799 0.686467 0.827546 0.722882 0.796682
0 0.752324 0.820988 0.713326 0.837577 0.71126 0.820988
0 0.739669 0.833333 0.740702 0.850309 0.788223 0.831019
0 0.764979 0.857639 0.770145 0.876157 0.812758 0.841435
0 0.755165 0.852238 0.723657 0.881173 0.720558 0.864198
0 0.744835 0.887731 0.728822 0.934414 0.719783 0.927083
0 0.731663 0.886574 0.737345 0.904321 0.693182 0.91088
0 0.722107 0.951003 0.728822 0.934414 0.676653 0.915509
0 0.771952 0.895062 0.741477 0.94213 0.733988 0.929784
0 0.775568 0.907793 0.744835 0.946373 0.737345 0.930941
0 0.804236 0.904707 0.767562 0.943287 0.76188 0.929784
0 0.79468 0.885417 0.798037 0.945988 0.78719 0.94483
0 0.81405 0.919367 0.784607 0.948302 0.777893 0.935957
0 0.870868 0.88696 0.852273 0.944444 0.839618 0.933256
0 0.901085 0.828704 0.899535 0.846451 0.860795 0.827546
0 0.853822 0.778164 0.858988 0.795525 0.808368 0.814429
0 0.811983 0.771991 0.794163 0.825617 0.783833 0.816744
0 0.786932 0.747299 0.751808 0.77392 0.746643 0.75733
0 0.852531 0.746528 0.855114 0.761188 0.813275 0.76659
0 0.865186 0.739583 0.854855 0.747685 0.880165 0.797068
0 0.910124 0.776235 0.904959 0.790123 0.861054 0.744213
0 0.893853 0.728395 0.895661 0.746142 0.847107 0.736111
0 0.891271 0.895833 0.912448 0.944444 0.923037 0.933642
0 0.934143 0.931713 0.920455 0.928241 0.929236 0.86034
0 0.944473 0.864969 0.945506 0.880401 0.905733 0.885031
0 0.941116 0.822531 0.946281 0.842207 0.89437 0.853395
0 0.935692 0.766975 0.945248 0.776235 0.915806 0.825617
0 0.940083 0.736111 0.948605 0.74537 0.914773 0.791667
0 0.902118 0.758102 0.94189 0.746142 0.939566 0.731481
0 0.947572 0.727238 0.942407 0.711034 0.905217 0.750386
0 0.82593 0.726466 0.838068 0.724923 0.823605 0.665509
0 0.829287 0.654321 0.841426 0.648148 0.847107 0.710262
0 0.870093 0.614198 0.877583 0.619985 0.85718 0.665895
0 0.841942 0.609954 0.849948 0.62037 0.821798 0.645833
0 0.829287 0.602623 0.836002 0.616512 0.795713 0.646605
0 0.782283 0.570602 0.789773 0.577546 0.80062 0.527006
0 0.877583 0.570602 0.87345 0.558256 0.836002 0.584877
0 0.885847 0.547068 0.88094 0.533179 0.840134 0.57446
0 0.876033 0.506944 0.889979 0.512731 0.870868 0.591435
0 0.858729 0.618056 0.877583 0.548225 0.865702 0.54321
0 0.816632 0.503858 0.813017 0.520062 0.847107 0.533951
0 0.94189 0.570602 0.947572 0.579475 0.919938 0.616512
0 0.913223 0.533179 0.934917 0.589506 0.943698 0.580247
0 0.932335 0.635802 0.923037 0.646991 0.903151 0.588735
0 0.940857 0.63966 0.945506 0.655478 0.900568 0.674769
0 0.908833 0.659336 0.936725 0.69483 0.94344 0.681327
0 0.942407 0.705247 0.939308 0.692515 0.921488 0.700231 0.89437 0.698302 0.925103 0.71142
0 0.690599 0.501929 0.696798 0.517747 0.72469 0.484182
0 0.754132 0.513889 0.74845 0.528549 0.781508 0.551312
0 0.795455 0.490741 0.777893 0.528549 0.76782 0.516975
0 0.80062 0.478009 0.80062 0.527006 0.791322 0.527006
0 0.772211 0.439429 0.785382 0.440586 0.771694 0.501543
0 0.727273 0.571373 0.729855 0.585262 0.687242 0.594907
0 0.724432 0.445988 0.691374 0.478009 0.685692 0.46142
0 0.737862 0.410494 0.746643 0.405478 0.756457 0.466049
0 0.763688 0.409722 0.768853 0.428241 0.803977 0.398148
0 0.819473 0.395833 0.825413 0.409336 0.787448 0.419753
0 0.799587 0.372685 0.809143 0.364969 0.823347 0.412809
0 0.779442 0.362654 0.786932 0.375386 0.756973 0.40162
0 0.763688 0.371528 0.756973 0.356481 0.721333 0.402006
0 0.853048 0.389275 0.834452 0.437114 0.827221 0.429398
0 0.882748 0.458333 0.891012 0.451389 0.864411 0.403935
0 0.852014 0.393904 0.855114 0.445988 0.865961 0.442515
0 0.859762 0.462191 0.858471 0.443287 0.81844 0.46142
0 0.86157 0.447531 0.864153 0.511574 0.850723 0.508102
0 0.868285 0.495756 0.853822 0.546296 0.843233 0.538194
0 0.876808 0.434414 0.878357 0.493056 0.867252 0.490355
0 0.878616 0.457176 0.896952 0.51466 0.885331 0.520833
0 0.899793 0.494213 0.890238 0.561343 0.87939 0.554398
0 0.749225 0.261574 0.760072 0.313272 0.770145 0.307485
0 0.772211 0.304784 0.781508 0.366512 0.793905 0.361883
0 0.78874 0.275463 0.803461 0.327546 0.809917 0.320216
0 0.807593 0.294753 0.816632 0.287423 0.796229 0.245756
0 0.826705 0.303241 0.817407 0.318673 0.853822 0.35571
0 0.837293 0.338735 0.833678 0.391975 0.84375 0.393133
0 0.838068 0.265818 0.842975 0.315201 0.833678 0.313657
0 0.844783 0.293596 0.855372 0.286265 0.862603 0.336034
0 0.868285 0.260802 0.877841 0.264275 0.863378 0.315972
0 0.869835 0.328704 0.880424 0.337577 0.890238 0.286265
0 0.892304 0.252701 0.899019 0.257716 0.878616 0.314043
0 0.903667 0.279707 0.893079 0.271991 0.917614 0.217207
0 0.896436 0.24537 0.883781 0.247685 0.883006 0.190972
0 0.840651 0.21412 0.848657 0.267747 0.861312 0.263117
0 0.826963 0.228009 0.816632 0.240355 0.855372 0.275463
0 0.827996 0.1875 0.828512 0.229938 0.817665 0.225309
0 0.79468 0.217978 0.790548 0.230324 0.82438 0.262731
0 0.810692 0.193673 0.814824 0.209877 0.769112 0.217593
0 0.940857 0.317515 0.933368 0.32909 0.904959 0.281636
0 0.930269 0.33912 0.934401 0.326389 0.901085 0.313272
0 0.936209 0.358796 0.941632 0.346451 0.903926 0.328704
0 0.901343 0.39159 0.926136 0.344136 0.914256 0.332176
0 0.943698 0.388117 0.935434 0.398148 0.910382 0.336806
0 0.909607 0.403164 0.936983 0.372685 0.931043 0.361883
0 0.937758 0.282022 0.934917 0.297454 0.889463 0.259645
0 0.932593 0.240741 0.940857 0.240741 0.934143 0.283179
0 0.936209 0.21875 0.942149 0.228781 0.904959 0.26659
0 0.936209 0.21142 0.930269 0.231096 0.896178 0.196373
0 0.71281 0.229167 0.708419 0.279321 0.698605 0.275077
0 0.771952 0.149306 0.772211 0.167052 0.73063 0.16358
0 0.77531 0.152392 0.785382 0.137731 0.815083 0.188657
0 0.81689 0.173225 0.81405 0.159336 0.784866 0.18017
0 0.780992 0.134259 0.7797 0.149306 0.815341 0.144676
0 0.837035 0.130401 0.8422 0.144676 0.80811 0.158179
0 0.80501 0.108796 0.796746 0.116898 0.819215 0.148148
0 0.826705 0.091435 0.831095 0.103781 0.787965 0.131559
0 0.885331 0.171296 0.881715 0.187886 0.839876 0.162037
0 0.827996 0.109954 0.835486 0.102623 0.856405 0.144676
0 0.84375 0.133488 0.835486 0.140818 0.84969 0.167052
0 0.76937 0.096836 0.735537 0.121528 0.731663 0.106867
0 0.74251 0.050926 0.752324 0.054398 0.735021 0.104938
0 0.72469 0.049769 0.733729 0.062114 0.699122 0.103781
0 0.697572 0.034336 0.689308 0.04591 0.733213 0.084877
0 0.68311 0.037423 0.674845 0.048225 0.710486 0.083719
0 0.679494 0.114583 0.69344 0.049383 0.68311 0.047068
0 0.791581 0.115741 0.814308 0.0625 0.802686 0.054784
0 0.842975 0.086034 0.808626 0.04591 0.800103 0.057099
0 0.797521 0.113812 0.826963 0.060957 0.815341 0.053627
0 0.8453 0.049383 0.839618 0.063272 0.887655 0.090278
0 0.826963 0.109182 0.853306 0.0625 0.8422 0.052469
0 0.872417 0.106867 0.868543 0.121914 0.828771 0.096065
0 0.872417 0.054398 0.88843 0.051312 0.897727 0.115741
0 0.909607 0.143519 0.908058 0.122685 0.861054 0.127701
0 0.915806 0.145833 0.905475 0.143519 0.91064 0.103009
0 0.861054 0.113812 0.901601 0.136574 0.90625 0.12037
0 0.89876 0.054784 0.889979 0.06713 0.930269 0.104938
0 0.927686 0.086034 0.919938 0.076389 0.90031 0.116512
0 0.929236 0.150849 0.939566 0.144676 0.91813 0.094907
0 0.928461 0.132716 0.934143 0.14429 0.893853 0.164738
0 0.938533 0.158565 0.928977 0.144676 0.897986 0.197145
0 0.668905 0.216821 0.665548 0.23071 0.703512 0.244599
0 0.65186 0.20679 0.649793 0.222994 0.61751 0.204861
0 0.613378 0.223765 0.612087 0.237654 0.652118 0.243441
0 0.5625 0.204861 0.561467 0.223765 0.527118 0.207948
0 0.578254 0.097994 0.588585 0.094907 0.592717 0.149306
0 0.684143 0.158179 0.677428 0.172068 0.639979 0.130787
0 0.654442 0.068673 0.66374 0.077932 0.639463 0.125386
0 0.673037 0.03588 0.680269 0.04321 0.652893 0.077932
0 0.635072 0.062114 0.679236 0.052083 0.674329 0.038194
0 0.605372 0.042052 0.603048 0.059414 0.638688 0.058256
0 0.582645 0.044367 0.584711 0.059414 0.542097 0.064815
0 0.596849 0.098765 0.566632 0.054784 0.576188 0.044753
0 0.580062 0.07909 0.580837 0.092978 0.540548 0.092593
0 0.553202 0.040895 0.563017 0.036651 0.573347 0.09375
0 0.547004 0.031636 0.556818 0.03588 0.533574 0.081019
0 0.502324 0.065972 0.539514 0.03588 0.544938 0.053627
0 0.517045 0.06713 0.526343 0.07716 0.493027 0.122685
0 0.47469 0.159336 0.48063 0.172068 0.442665 0.19483
0 0.479081 0.10571 0.480372 0.121528 0.442665 0.11767
0 0.4672 0.032407 0.479855 0.028549 0.47624 0.086806
0 0.462035 0.034336 0.468492 0.04591 0.434917 0.072917
0 0.423295 0.037423 0.432076 0.028549 0.45532 0.08642
0 0.442407 0.047068 0.434659 0.03858 0.415289 0.087577
0 0.40186 0.049769 0.415548 0.047454 0.422004 0.114583
0 0.421488 0.132716 0.424845 0.116512 0.38688 0.105324
0 0.396694 0.122685 0.396436 0.139275 0.349948 0.128086
0 0.409607 0.145833 0.408574 0.159336 0.375517 0.146605
0 0.398502 0.046296 0.399277 0.061728 0.357696 0.053627
0 0.381198 0.036265 0.37345 0.043596 0.394628 0.091435
0 0.366477 0.036265 0.376033 0.044753 0.348399 0.07716
0 0.360537 0.037423 0.363378 0.056327 0.322572 0.058256
0 0.315083 0.17554 0.318698 0.191358 0.360795 0.162423
0 0.354339 0.188272 0.357696 0.19946 0.323864 0.210648
0 0.266787 0.037423 0.279442 0.032407 0.285899 0.097222
0 0.263171 0.097222 0.278409 0.042052 0.268337 0.037423
0 0.320248 0.103781 0.322831 0.119985 0.282025 0.123071
0 0.308884 0.143904 0.321023 0.149306 0.299845 0.20409
0 0.316116 0.33642 0.351756 0.378086 0.357955 0.362654
0 0.312758 0.375 0.319215 0.383488 0.294163 0.405093
0 0.389205 0.445602 0.381715 0.45679 0.351756 0.416667
0 0.388171 0.479167 0.400052 0.530093 0.409607 0.521219
0 0.302169 0.47608 0.308884 0.488426 0.333419 0.451389
0 0.317149 0.498071 0.324638 0.511188 0.289256 0.54321
0 0.30656 0.572145 0.318182 0.565972 0.323864 0.622299
0 0.367769 0.691358 0.364153 0.70216 0.402634 0.715664
0 0.363378 0.71412 0.352014 0.76929 0.340651 0.763503
0 0.463585 0.60108 0.456612 0.662037 0.44499 0.658565
0 0.460744 0.659722 0.469008 0.667052 0.452479 0.697145
0 0.518337 0.573302 0.516529 0.58642 0.547262 0.590278
0 0.552944 0.604552 0.543905 0.616127 0.578512 0.655864
0 0.571023 0.584877 0.565341 0.601466 0.610537 0.623457
0 0.598657 0.54591 0.596333 0.564815 0.635331 0.571759
0 0.698864 0.689043 0.706353 0.677469 0.736312 0.729167
0 0.727273 0.665123 0.740702 0.664738 0.737862 0.728009
0 0.761364 0.716435 0.771436 0.710648 0.747417 0.661651
0 0.638946 0.5 0.637397 0.518904 0.684143 0.527392
0 0.693957 0.488426 0.665031 0.507716 0.661415 0.489198
0 0.573089 0.455633 0.61312 0.461034 0.613378 0.444059
0 0.71281 0.316358 0.701446 0.317515 0.709452 0.375386