0 0.689824 0.26196 0.697572 0.27662 0.661415 0.29784
0 0.629649 0.204475 0.632748 0.213735 0.662707 0.182099
0 0.567149 0.158951 0.568698 0.173611 0.527893 0.176698
0 0.470558 0.191358 0.469525 0.205247 0.507231 0.206019
0 0.48812 0.178241 0.491736 0.16358 0.455062 0.154321
0 0.779442 0.337191 0.787707 0.33179 0.797521 0.392747
0 0.771694 0.214506 0.780475 0.215278 0.779959 0.265432
0 0.71281 0.170525 0.702996 0.16821 0.702479 0.219907
0 0.681818 0.150463 0.684917 0.169753 0.638946 0.162809
0 0.704029 0.156636 0.705579 0.175154 0.670455 0.174383
0 0.713326 0.134259 0.705062 0.145062 0.737603 0.171296
0 0.715393 0.111111 0.721074 0.128086 0.681818 0.131173
0 0.676653 0.146605 0.665806 0.152006 0.649277 0.103395
0 0.801653 0.12963 0.813533 0.128858 0.815599 0.1875
0 0.814566 0.098765 0.82593 0.100309 0.823347 0.160494
0 0.832128 0.131944 0.833678 0.112654 0.866736 0.131173
0 0.828512 0.271605 0.83781 0.260802 0.850723 0.313272
0 0.860021 0.261574 0.872934 0.263117 0.860021 0.324074
0 0.84969 0.239198 0.861054 0.246914 0.861054 0.18287
0 0.840393 0.188272 0.851756 0.196759 0.828512 0.244599
0 0.850207 0.157407 0.860021 0.152006 0.869835 0.207562
0 0.496384 0.065586 0.497934 0.075617 0.468492 0.087191
0 0.506715 0.036265 0.508781 0.050154 0.469525 0.059414
0 0.466426 0.031636 0.473657 0.034722 0.456612 0.066358
0 0.479855 0.033179 0.482438 0.048611 0.448864 0.045525
0 0.543388 0.059414 0.546488 0.076389 0.503616 0.081019
0 0.585744 0.10571 0.583678 0.122685 0.53719 0.10108
0 0.586777 0.082562 0.584194 0.098765 0.54907 0.070216
0 0.606921 0.092593 0.614153 0.104938 0.577996 0.128858
0 0.625 0.089506 0.628099 0.104167 0.662707 0.083333
0 0.619318 0.041667 0.631715 0.041667 0.637397 0.094136
0 0.610021 0.048611 0.619835 0.049383 0.611054 0.097222
0 0.59814 0.037809 0.609504 0.044753 0.587293 0.100309
0 0.635847 0.047068 0.643079 0.037037 0.667872 0.079475
0 0.588843 0.064043 0.587293 0.050154 0.556818 0.057099
0 0.580062 0.036265 0.584194 0.052469 0.53719 0.056327
0 0.58936 0.033179 0.593492 0.046296 0.56095 0.06713
0 0.721074 0.0625 0.729339 0.064043 0.720558 0.115741
0 0.688017 0.04321 0.698864 0.039352 0.702479 0.090278
0 0.713843 0.040123 0.698864 0.039352 0.698347 0.091049
0 0.705579 0.051698 0.708161 0.03858 0.738636 0.063272
0 0.761364 0.065586 0.757748 0.079475 0.790806 0.091049
0 0.749483 0.060185 0.73657 0.060185 0.742252 0.116512
0 0.72624 0.050154 0.737603 0.040123 0.762397 0.083333
0 0.746901 0.048611 0.754649 0.039352 0.784607 0.076389
0 0.767562 0.037809 0.761364 0.049383 0.798554 0.073302
0 0.795971 0.037809 0.789773 0.050154 0.826963 0.074074
0 0.823347 0.050154 0.82438 0.065586 0.856921 0.050154
0 0.871901 0.052469 0.875517 0.040895 0.910124 0.07716
0 0.857438 0.05787 0.86312 0.044753 0.89876 0.085648
0 0.904442 0.101852 0.902893 0.08642 0.872934 0.100309
0 0.889463 0.122685 0.899793 0.124228 0.889463 0.172068
0 0.92407 0.060957 0.93595 0.068673 0.919421 0.114969
0 0.935434 0.090278 0.942665 0.098765 0.915806 0.138889
0 0.935434 0.118056 0.942149 0.125772 0.91374 0.155864
0 0.947314 0.135031 0.941632 0.121914 0.919938 0.166667
0 0.942665 0.168981 0.935434 0.160494 0.907541 0.206019
0 0.945764 0.179012 0.931818 0.175154 0.929752 0.23071
0 0.913223 0.214506 0.918905 0.20216 0.891529 0.179012
0 0.887397 0.227623 0.879649 0.223765 0.889463 0.197531
0 0.909091 0.225309 0.907541 0.206019 0.875517 0.218364
0 0.897727 0.251543 0.895145 0.231481 0.861054 0.246914
0 0.93905 0.242284 0.936467 0.225309 0.896694 0.243827
0 0.947314 0.25 0.93905 0.242284 0.92407 0.278549
0 0.911157 0.272377 0.922521 0.275463 0.931818 0.244599
0 0.783574 0.440586 0.795455 0.445216 0.777893 0.499228 0.783316 0.442515
0 0.868802 0.362654 0.868802 0.362654 0.881715 0.364198 0.867769 0.421296
0 0.868802 0.435957 0.874483 0.417438 0.916322 0.449846
0 0.948864 0.45679 0.946281 0.435957 0.903409 0.462963
0 0.945248 0.424383 0.940599 0.442901 0.903409 0.415123
0 0.946798 0.405093 0.95093 0.415895 0.93595 0.421296
0 0.944731 0.399691 0.942149 0.417438 0.909607 0.401235
0 0.946798 0.372685 0.938533 0.359568 0.920971 0.398148
0 0.943182 0.322531 0.940083 0.310185 0.896694 0.324846
0 0.949897 0.301698 0.938533 0.296296 0.927169 0.363426
0 0.940599 0.284722 0.943698 0.300926 0.902376 0.30787
0 0.936983 0.271605 0.934917 0.290895 0.891529 0.279321
0 0.946798 0.483025 0.947831 0.502315 0.908574 0.48071
0 0.94938 0.509259 0.947831 0.49537 0.907025 0.517747
0 0.948864 0.527778 0.945248 0.508488 0.901343 0.537037
0 0.949897 0.546296 0.952996 0.532407 0.910124 0.532407
0 0.946281 0.552469 0.941116 0.537809 0.905992 0.576389
0 0.950413 0.556327 0.941116 0.542438 0.915289 0.597222
0 0.947314 0.577932 0.952479 0.5625 0.916839 0.54321
0 0.88843 0.546296 0.901343 0.554012 0.871901 0.608025
0 0.84969 0.625772 0.862603 0.617284 0.834194 0.560957
0 0.809917 0.68287 0.82438 0.679784 0.809401 0.621914
0 0.754649 0.737654 0.766529 0.733025 0.749483 0.683642
0 0.843492 0.632716 0.842459 0.651235 0.882748 0.650463
0 0.818698 0.731481 0.826446 0.746914 0.855888 0.705247 0.818957 0.731096
0 0.774277 0.807099 0.77686 0.790123 0.816632 0.800926
0 0.890496 0.722222 0.893079 0.705247 0.84969 0.690586
0 0.888946 0.654321 0.90031 0.652006 0.897727 0.708333
0 0.943698 0.62963 0.94938 0.645833 0.91064 0.673611
0 0.952996 0.658179 0.941632 0.667438 0.92407 0.61034
0 0.953512 0.681327 0.946281 0.66358 0.916322 0.696759
0 0.947831 0.743827 0.941632 0.726852 0.908058 0.759259
0 0.829545 0.853395 0.815083 0.85108 0.824897 0.790123
0 0.892562 0.800926 0.89876 0.785494 0.86312 0.751543
0 0.911674 0.885031 0.90031 0.890432 0.892045 0.827932
0 0.916322 0.81713 0.920455 0.829475 0.880682 0.854938
0 0.926653 0.859568 0.935434 0.847994 0.90186 0.800154
0 0.933884 0.872685 0.923554 0.869599 0.936467 0.828704
0 0.942665 0.83642 0.952479 0.844907 0.927169 0.878858
0 0.924587 0.883488 0.91219 0.881173 0.922521 0.817901
0 0.954029 0.806327 0.94938 0.792438 0.930785 0.83642
0 0.94938 0.819444 0.955579 0.802469 0.920455 0.761574
0 0.838843 0.890432 0.84969 0.886574 0.843492 0.827932
0 0.852273 0.901235 0.855372 0.885031 0.831095 0.878858
0 0.838326 0.875772 0.830579 0.888117 0.811467 0.837191
0 0.827479 0.895833 0.831095 0.878858 0.793905 0.867284
0 0.791839 0.89429 0.801136 0.881944 0.762397 0.842593
0 0.75 0.897377 0.764463 0.888117 0.729855 0.835648
0 0.681302 0.888117 0.693698 0.888117 0.688533 0.821759
0 0.641012 0.874228 0.645145 0.893519 0.688017 0.867284
0 0.362087 0.12037 0.355114 0.10571 0.320248 0.138503
0 0.435692 0.047454 0.426911 0.040123 0.406767 0.078704
0 0.356921 0.04784 0.347366 0.042052 0.333678 0.099537
0 0.324897 0.072917 0.326188 0.088349 0.294421 0.082176
0 0.333161 0.040895 0.338326 0.05054 0.317665 0.081404
0 0.338326 0.033951 0.34814 0.039738 0.328512 0.08642
0 0.320764 0.062886 0.316374 0.05054 0.28719 0.080633
0 0.313017 0.043596 0.324122 0.037037 0.328512 0.08642
0 0.311725 0.034336 0.301653 0.043596 0.321023 0.075617
0 0.298812 0.033951 0.309917 0.037809 0.28719 0.080633
0 0.300362 0.041667 0.301653 0.053627 0.262913 0.057485
0 0.296488 0.057485 0.296229 0.069059 0.261364 0.064815
0 0.282283 0.076389 0.282283 0.090278 0.246126 0.083333
0 0.265238 0.109568 0.267304 0.130015 0.316374 0.10571
0 0.284091 0.149306 0.290031 0.136574 0.316374 0.175154
0 0.278409 0.215664 0.282283 0.236497 0.324122 0.213349
0 0.26937 0.222222 0.274277 0.205633 0.240961 0.196373
0 0.228048 0.148148 0.237087 0.132716 0.267304 0.1875
0 0.197572 0.158951 0.206095 0.143519 0.242769 0.175926
0 0.226498 0.065972 0.23063 0.05517 0.256198 0.079475
0 0.264205 0.049383 0.259039 0.032022 0.223915 0.067901
0 0.31689 0.282022 0.326188 0.291667 0.336519 0.250386
0 0.231663 0.048611 0.223399 0.04784 0.207128 0.091049
0 0.223915 0.032407 0.231921 0.044753 0.195764 0.073688
0 0.216167 0.032407 0.222107 0.043596 0.187758 0.068673
0 0.19938 0.033179 0.209711 0.037809 0.184143 0.08642
0 0.17562 0.059028 0.165806 0.049769 0.16064 0.103781
0 0.165806 0.078704 0.173554 0.071759 0.185176 0.114969
0 0.174329 0.087191 0.166581 0.072917 0.197056 0.03588
0 0.185434 0.126929 0.185434 0.126929 0.185176 0.114969 0.224174 0.136574
0 0.186467 0.109182 0.18905 0.125 0.23063 0.101852
0 0.176136 0.105324 0.170971 0.118056 0.192924 0.146991
0 0.158833 0.136574 0.170455 0.141975 0.174329 0.092207
0 0.180785 0.152778 0.167872 0.155864 0.173812 0.121142
0 0.163998 0.148148 0.165806 0.159722 0.20093 0.148148
0 0.161932 0.173997 0.160124 0.162423 0.190599 0.155478
0 0.170971 0.16358 0.168647 0.17284 0.204029 0.193287
0 0.165806 0.192515 0.167355 0.18287 0.206095 0.205633
0 0.155733 0.188657 0.161932 0.197917 0.18595 0.159722
0 0.160899 0.206019 0.164773 0.189429 0.194473 0.22608
0 0.190341 0.206019 0.203512 0.209491 0.185176 0.272377
0 0.201446 0.253858 0.19189 0.248457 0.184659 0.300154
0 0.156767 0.278164 0.156767 0.278164 0.160899 0.262731 0.192924 0.301312
0 0.159607 0.254244 0.164773 0.239583 0.190341 0.262731
0 0.154959 0.224151 0.163998 0.227238 0.171229 0.198302
0 0.161932 0.237654 0.160899 0.221451 0.191632 0.22338
0 0.269886 0.353395 0.278926 0.350694 0.262655 0.306327
0 0.245868 0.322531 0.253099 0.317515 0.236829 0.278164
0 0.209194 0.344907 0.201446 0.332176 0.231147 0.290509
0 0.220816 0.362269 0.219525 0.361111 0.212293 0.354167 0.241477 0.315972
0 0.237087 0.36767 0.239669 0.345679 0.272469 0.385417
0 0.247159 0.402778 0.247159 0.402778 0.253616 0.393904 0.233213 0.372685
0 0.222882 0.392747 0.235537 0.388117 0.237087 0.456404
0 0.19189 0.397762 0.190341 0.385031 0.233729 0.385417
0 0.183368 0.372685 0.183368 0.353395 0.22469 0.370756
0 0.182076 0.445988 0.191632 0.452932 0.210486 0.399691
0 0.192407 0.484568 0.18001 0.481481 0.192924 0.439429
0 0.149793 0.471065 0.158058 0.460262 0.176395 0.520448
0 0.169938 0.342978 0.163481 0.331019 0.198347 0.313657
0 0.162707 0.359182 0.160124 0.347608 0.195506 0.341821
0 0.159607 0.370756 0.167872 0.359954 0.188533 0.400849
0 0.15186 0.342593 0.159607 0.337191 0.168647 0.393133
0 0.152376 0.323302 0.159349 0.317515 0.176136 0.364969
0 0.163998 0.303241 0.155733 0.316744 0.179494 0.348765
0 0.169938 0.432485 0.161415 0.412423 0.211002 0.388889
0 0.164773 0.426698 0.174845 0.422068 0.182076 0.463349
0 0.154959 0.4375 0.160899 0.429398 0.176395 0.493441
0 0.148502 0.426698 0.15625 0.424769 0.165289 0.48071
0 0.147986 0.409336 0.155475 0.396991 0.174329 0.458333
0 0.147727 0.378472 0.157541 0.371528 0.167355 0.417824
0 0.304236 0.572531 0.311983 0.559799 0.283574 0.533951
0 0.310692 0.682099 0.322314 0.681327 0.318957 0.61767
0 0.340134 0.597608 0.348657 0.586034 0.366219 0.637731
0 0.249225 0.633102 0.253874 0.646605 0.215134 0.666667
0 0.372417 0.734568 0.383523 0.734182 0.378357 0.78858
0 0.382231 0.69483 0.381457 0.713349 0.426136 0.714892
0 0.501033 0.664738 0.501808 0.679398 0.469267 0.676312
0 0.212293 0.775849 0.209969 0.764275 0.250517 0.752701
0 0.198864 0.761574 0.213585 0.768904 0.222882 0.701775
0 0.159607 0.749614 0.164514 0.734568 0.198089 0.752701
0 0.144628 0.731481 0.153667 0.719136 0.182076 0.771991
0 0.192924 0.663194 0.182076 0.658951 0.195764 0.608796
0 0.169938 0.663194 0.177428 0.649691 0.197056 0.709491
0 0.147211 0.678627 0.15625 0.672454 0.166581 0.720679
0 0.149793 0.663966 0.15625 0.655478 0.171746 0.716049 0.150568 0.665509 0.147211 0.662037 0.145145 0.660108 0.150568 0.647377 0.178202 0.682485
0 0.147211 0.633873 0.147727 0.632716 0.152893 0.618827 0.174845 0.657407
0 0.179494 0.59838 0.186467 0.611111 0.215134 0.571373
0 0.169938 0.626157 0.181302 0.636188 0.19499 0.59838
0 0.165289 0.577932 0.167097 0.563657 0.198089 0.58179
0 0.143337 0.560957 0.152893 0.553241 0.161932 0.606096
0 0.158833 0.54321 0.149277 0.552083 0.168647 0.604938
0 0.151085 0.541281 0.158833 0.528164 0.179494 0.551312
0 0.149277 0.530864 0.158058 0.520448 0.165806 0.567515
0 0.183884 0.535494 0.174329 0.547454 0.201963 0.573302
0 0.200671 0.563657 0.191632 0.555941 0.204029 0.506944
0 0.183884 0.546296 0.199638 0.544367 0.182593 0.48534
0 0.182851 0.550926 0.190599 0.539738 0.167872 0.523148
0 0.147986 0.51659 0.151085 0.502701 0.180269 0.533565
0 0.375 0.819444 0.38094 0.806713 0.344783 0.778935
0 0.447572 0.823302 0.459194 0.829861 0.472107 0.770062
0 0.44344 0.885031 0.454545 0.880787 0.434659 0.82909
0 0.41064 0.89159 0.405475 0.876929 0.440341 0.85571
0 0.393337 0.886574 0.381715 0.881944 0.402118 0.83642
0 0.466684 0.888503 0.477273 0.89159 0.48218 0.83179
0 0.499225 0.854938 0.499742 0.838349 0.457903 0.846065
0 0.35124 0.85571 0.359504 0.851852 0.342975 0.800926
0 0.35563 0.883102 0.367252 0.884645 0.366219 0.815586
0 0.332645 0.893519 0.324638 0.885031 0.352014 0.85108
0 0.31689 0.892361 0.310434 0.881944 0.341426 0.845293
0 0.296488 0.878858 0.305269 0.883873 0.324122 0.844522
0 0.297779 0.885802 0.310434 0.88696 0.311209 0.830633
0 0.288481 0.801698 0.295713 0.790509 0.266529 0.765432
0 0.512138 0.89429 0.516529 0.878086 0.480888 0.865355
0 0.522986 0.888889 0.512138 0.881173 0.541839 0.82909
0 0.588843 0.886574 0.583161 0.898148 0.549329 0.860725
0 0.598399 0.893519 0.602531 0.880787 0.5625 0.865355
0 0.612087 0.895448 0.603048 0.883873 0.641012 0.859568
0 0.609504 0.883873 0.597882 0.883102 0.600981 0.827932
0 0.285899 0.849923 0.278926 0.843364 0.301653 0.797454
0 0.271694 0.841435 0.281767 0.84375 0.289773 0.804784
0 0.267562 0.867284 0.269886 0.855324 0.239153 0.853781
0 0.232955 0.847222 0.234246 0.830247 0.271952 0.84838
0 0.235537 0.876157 0.242252 0.884259 0.262913 0.847608
0 0.255165 0.887731 0.264979 0.878858 0.238895 0.847608
0 0.266529 0.885802 0.277118 0.881173 0.261622 0.833719
0 0.272986 0.875 0.283574 0.87037 0.271694 0.820602
0 0.284091 0.888503 0.2797 0.875386 0.30501 0.851466
0 0.28564 0.881173 0.281767 0.873457 0.304752 0.842207
0 0.2828 0.88966 0.277634 0.878086 0.301653 0.817515 0.283058 0.89159
0 0.239669 0.82909 0.23657 0.816358 0.269886 0.803241
0 0.243027 0.806713 0.235279 0.81713 0.215134 0.777006
0 0.233988 0.88233 0.224948 0.878472 0.240702 0.834877 0.252583 0.786651
0 0.15031 0.787037 0.155733 0.775077 0.185692 0.802083
0 0.15031 0.802855 0.157025 0.810957 0.183626 0.785108
0 0.159091 0.832176 0.148244 0.82909 0.162965 0.768519
0 0.207128 0.817901 0.210486 0.831404 0.246126 0.80517
0 0.211519 0.837577 0.222366 0.836034 0.208936 0.795139
0 0.213843 0.872685 0.224948 0.876157 0.239669 0.810185
0 0.19499 0.880015 0.192149 0.866898 0.222366 0.868441
0 0.19189 0.872685 0.192665 0.860725 0.224432 0.850309
0 0.18905 0.854552 0.191374 0.866127 0.226498 0.836034
0 0.19499 0.840664 0.192407 0.852623 0.16968 0.83912
0 0.19344 0.822145 0.19189 0.837963 0.224948 0.844522
0 0.16374 0.823302 0.165031 0.841435 0.197314 0.835262
0 0.183368 0.876157 0.188791 0.86767 0.166581 0.841049 0.18311 0.875386
0 0.193182 0.882716 0.184143 0.878858 0.196281 0.83179
0 0.169421 0.875 0.173812 0.864969 0.153926 0.84375
0 0.178461 0.880401 0.168647 0.868827 0.192149 0.821373
0 0.147469 0.859182 0.152893 0.846836 0.178719 0.88233
0 0.146952 0.841049 0.151085 0.826775 0.17407 0.858796