0 0.715909 0.08912 0.722107 0.100309 0.68595 0.13233
0 0.689824 0.193287 0.700155 0.191358 0.687242 0.142747
0 0.637138 0.153549 0.644112 0.138889 0.678977 0.189043 0.637913 0.154321
0 0.640238 0.092978 0.641012 0.07716 0.689308 0.091049
0 0.588068 0.246142 0.590651 0.23071 0.627841 0.259645
0 0.589101 0.287809 0.588068 0.300154 0.544163 0.29321
0 0.64282 0.290509 0.649793 0.300926 0.622676 0.32909
0 0.737862 0.199074 0.740186 0.216049 0.701446 0.222222
0 0.702996 0.175926 0.702221 0.158179 0.751291 0.157407
0 0.719008 0.146991 0.720816 0.12963 0.771436 0.148534
0 0.496126 0.089892 0.506457 0.082948 0.523502 0.141975
0 0.456095 0.06983 0.466426 0.082948 0.4375 0.111111
0 0.419938 0.123843 0.427169 0.11767 0.434917 0.15162
0 0.42407 0.124614 0.425103 0.109182 0.460744 0.111883
0 0.786674 0.197145 0.790806 0.210262 0.76343 0.221065
0 0.799845 0.207562 0.804752 0.219136 0.770661 0.237654
0 0.780217 0.256944 0.783574 0.241127 0.824897 0.268133
0 0.803719 0.285494 0.81405 0.295525 0.783058 0.333719
0 0.797779 0.115741 0.808884 0.108025 0.823089 0.169753
0 0.819731 0.124614 0.827996 0.118056 0.844783 0.165123
0 0.909349 0.17091 0.907025 0.189429 0.858471 0.163966
0 0.923554 0.140818 0.922262 0.158179 0.885589 0.146991
0 0.91219 0.25463 0.917872 0.240355 0.874483 0.21412
0 0.921746 0.229938 0.908316 0.237654 0.922262 0.282022
0 0.889463 0.250772 0.889463 0.265432 0.853822 0.270062
0 0.917097 0.173611 0.926911 0.187114 0.893853 0.224151
0 0.926395 0.208333 0.917355 0.199074 0.907025 0.240355
0 0.885072 0.087963 0.891529 0.07716 0.915289 0.119599
0 0.865702 0.116898 0.868027 0.135031 0.907541 0.118056
0 0.864928 0.103395 0.870868 0.08912 0.904959 0.106096
0 0.862862 0.081019 0.87345 0.080247 0.869318 0.126543
0 0.84814 0.081019 0.860537 0.07909 0.864411 0.128472
0 0.828771 0.084105 0.837293 0.075231 0.858988 0.121914
0 0.817924 0.084105 0.825671 0.075617 0.853822 0.126543
0 0.811209 0.085262 0.819731 0.075617 0.839101 0.128472
0 0.807593 0.079475 0.817665 0.089892 0.78874 0.121914
0 0.802428 0.072531 0.812758 0.080247 0.775826 0.101466
0 0.790548 0.07446 0.801136 0.087191 0.770145 0.119985
0 0.923554 0.283565 0.916064 0.296296 0.888171 0.247299
0 0.91968 0.329861 0.921746 0.314429 0.885589 0.305941
0 0.921746 0.310957 0.924329 0.289738 0.883523 0.282022
0 0.928977 0.292438 0.917097 0.291281 0.921746 0.337577
0 0.655733 0.38966 0.657541 0.369599 0.605372 0.370756
0 0.598399 0.42284 0.601498 0.403164 0.563533 0.400463
0 0.764205 0.478781 0.775052 0.491127 0.795971 0.440972
0 0.803719 0.452546 0.817924 0.446759 0.793388 0.380015
0 0.784349 0.520833 0.793905 0.530478 0.813791 0.477623
0 0.853306 0.503472 0.858471 0.521991 0.819731 0.535494
0 0.858988 0.486111 0.868027 0.481481 0.869318 0.53858
0 0.841167 0.428627 0.853306 0.424769 0.853306 0.495756
0 0.827479 0.353009 0.840393 0.354938 0.830579 0.413194
0 0.846333 0.318673 0.857696 0.321373 0.849432 0.370756
0 0.888171 0.368827 0.899019 0.376157 0.87655 0.426698
0 0.930785 0.435957 0.926136 0.448688 0.893853 0.403549
0 0.887397 0.467978 0.899019 0.467207 0.895145 0.528549
0 0.92562 0.370756 0.928977 0.384259 0.892045 0.399691
0 0.921229 0.384259 0.923037 0.371528 0.883006 0.361111
0 0.924329 0.355324 0.923037 0.371528 0.881198 0.356867
0 0.913223 0.351466 0.911415 0.333719 0.87345 0.345679
0 0.928977 0.339506 0.922521 0.358025 0.886364 0.32716
0 0.911415 0.494985 0.922262 0.500772 0.905475 0.552083
0 0.929494 0.480324 0.93595 0.486497 0.912707 0.525077
0 0.926911 0.473765 0.933368 0.48534 0.901601 0.50463
0 0.934143 0.474923 0.926136 0.463349 0.895919 0.503858
0 0.927686 0.452546 0.932076 0.465278 0.898502 0.482639
0 0.93156 0.44483 0.932076 0.458333 0.889979 0.454475
0 0.722107 0.686343 0.731147 0.688657 0.734246 0.631173
0 0.830062 0.641204 0.840909 0.634259 0.854081 0.701775
0 0.874742 0.571759 0.871126 0.583333 0.84969 0.562886
0 0.879649 0.575231 0.884039 0.59375 0.841426 0.601466
0 0.891271 0.518519 0.908316 0.520062 0.89876 0.578318
0 0.92562 0.518904 0.932593 0.530864 0.903926 0.567901
0 0.926395 0.562886 0.932335 0.576775 0.897211 0.60108
0 0.917097 0.609182 0.927944 0.615741 0.906767 0.665509
0 0.923812 0.594522 0.934143 0.60108 0.913223 0.644676
0 0.933368 0.624228 0.937758 0.637346 0.908316 0.661651
0 0.905992 0.66821 0.905992 0.687114 0.863636 0.67284
0 0.929752 0.700231 0.929752 0.713349 0.893079 0.728395
0 0.926395 0.690201 0.93905 0.697917 0.915031 0.759645
0 0.933368 0.746914 0.926395 0.728395 0.892562 0.768133
0 0.769886 0.916281 0.775568 0.904707 0.738895 0.885802
0 0.79468 0.912037 0.785899 0.918596 0.779442 0.859568
0 0.7828 0.914738 0.797521 0.904321 0.758781 0.875386
0 0.803202 0.881944 0.814566 0.874228 0.787965 0.822145 0.803977 0.886574
0 0.785382 0.854552 0.787707 0.834105 0.737087 0.829861
0 0.724174 0.918596 0.726756 0.902392 0.695764 0.901235
0 0.707645 0.912809 0.719783 0.920139 0.725981 0.865741
0 0.672521 0.915123 0.683368 0.908565 0.654184 0.869599
0 0.655475 0.916667 0.666581 0.911265 0.643079 0.871528
0 0.855114 0.823688 0.857696 0.839506 0.81689 0.840664
0 0.896436 0.8125 0.897727 0.835262 0.855114 0.823688
0 0.893595 0.844522 0.891271 0.861883 0.854081 0.841435
0 0.851498 0.850309 0.861829 0.859568 0.829804 0.898534
0 0.875 0.893133 0.869576 0.90625 0.832645 0.87037
0 0.846591 0.905864 0.856405 0.915895 0.872934 0.872299
0 0.905733 0.860725 0.905475 0.875 0.864153 0.87037
0 0.928719 0.840664 0.93905 0.850694 0.907283 0.893519
0 0.885331 0.908951 0.873967 0.902392 0.897986 0.850694
0 0.892562 0.910108 0.881715 0.897377 0.911157 0.853395
0 0.900826 0.907407 0.887397 0.902392 0.915031 0.856096 0.900568 0.91088
0 0.93905 0.770833 0.930785 0.76196 0.91064 0.814429
0 0.927944 0.753858 0.937758 0.760802 0.909091 0.799383
0 0.644886 0.824846 0.650052 0.809799 0.608988 0.785494
0 0.644886 0.899691 0.648502 0.880015 0.593233 0.876543
0 0.618285 0.912809 0.623967 0.899306 0.587035 0.885802
0 0.508006 0.908179 0.518595 0.912809 0.533833 0.846451
0 0.479339 0.908951 0.49406 0.91358 0.494318 0.85108
0 0.401085 0.680556 0.412707 0.682099 0.407283 0.62963
0 0.336519 0.658951 0.346333 0.65625 0.35124 0.70409
0 0.280733 0.667052 0.28874 0.681327 0.31689 0.643904
0 0.405475 0.748843 0.413223 0.758488 0.392562 0.789352
0 0.394112 0.868441 0.401343 0.854938 0.365186 0.824074
0 0.435434 0.864583 0.44189 0.851852 0.409866 0.81713
0 0.296488 0.824074 0.302169 0.840664 0.337552 0.816358
0 0.417614 0.878858 0.419938 0.896605 0.469267 0.876157
0 0.421229 0.921682 0.432851 0.915123 0.405475 0.883102
0 0.37655 0.913966 0.365702 0.90625 0.40186 0.87037
0 0.366736 0.919753 0.357438 0.907407 0.387397 0.866512
0 0.353048 0.917824 0.345041 0.910108 0.363378 0.885417
0 0.347107 0.923611 0.336777 0.912423 0.371126 0.862654
0 0.326188 0.916281 0.326963 0.918596 0.317665 0.904707 0.353822 0.874228
0 0.311467 0.91358 0.304236 0.902392 0.337293 0.864969
0 0.306818 0.912809 0.297779 0.908565 0.31844 0.857253
0 0.293905 0.907022 0.302944 0.908565 0.31095 0.845679
0 0.284091 0.90625 0.296488 0.90625 0.292614 0.852238
0 0.246901 0.833719 0.250517 0.849151 0.292872 0.821373
0 0.254132 0.78125 0.257748 0.798225 0.295196 0.790123
0 0.20687 0.780864 0.208161 0.762346 0.253099 0.778549
0 0.176653 0.795525 0.183368 0.804784 0.204287 0.751929
0 0.188017 0.700231 0.197831 0.712191 0.2172 0.658179
0 0.195764 0.846065 0.195248 0.830633 0.239669 0.831019
0 0.192924 0.872299 0.193182 0.872299 0.202479 0.874614 0.202479 0.814429
0 0.157283 0.865355 0.159607 0.845293 0.195248 0.858025
0 0.141529 0.841049 0.145403 0.826389 0.165806 0.859182
0 0.151085 0.807099 0.156508 0.80054 0.189824 0.837577
0 0.144112 0.801698 0.152893 0.79321 0.166322 0.84838
0 0.146178 0.772377 0.154442 0.76466 0.172779 0.832176
0 0.171229 0.733025 0.178202 0.736111 0.168388 0.797454
0 0.172004 0.727238 0.179752 0.718364 0.189566 0.766975
0 0.16374 0.738812 0.158574 0.744599 0.145919 0.716821
0 0.155217 0.69946 0.160899 0.698688 0.160124 0.734954
0 0.149793 0.690972 0.156767 0.693673 0.154184 0.740741
0 0.150568 0.64429 0.145919 0.65625 0.177428 0.690972
0 0.1547 0.682485 0.157283 0.669367 0.177944 0.727238
0 0.15031 0.664352 0.145919 0.67554 0.17562 0.69946
0 0.14876 0.661651 0.141271 0.673997 0.170455 0.729938
0 0.20093 0.660108 0.211002 0.656636 0.19344 0.605324
0 0.173295 0.619213 0.181043 0.614969 0.188533 0.671296
0 0.149019 0.620756 0.157025 0.613812 0.175103 0.677083
0 0.197831 0.584877 0.205062 0.57716 0.225465 0.624228
0 0.156767 0.580633 0.164256 0.577932 0.171229 0.621142
0 0.148502 0.58642 0.153151 0.575617 0.178977 0.614198
0 0.153409 0.564043 0.149535 0.576389 0.1875 0.574074
0 0.144886 0.568673 0.150052 0.553627 0.183368 0.599923
0 0.155475 0.545139 0.152893 0.557099 0.195248 0.559799
0 0.249483 0.582562 0.258006 0.580633 0.243802 0.534336
0 0.220558 0.517361 0.229597 0.521605 0.232696 0.472222
0 0.188533 0.506559 0.195248 0.497685 0.210744 0.542824
0 0.188533 0.47608 0.195506 0.484568 0.173812 0.524306
0 0.163481 0.48534 0.171229 0.482253 0.162965 0.535108
0 0.155992 0.535494 0.155733 0.551698 0.189566 0.54784
0 0.159866 0.458719 0.151601 0.465278 0.174587 0.512346
0 0.2172 0.409722 0.228822 0.411265 0.221591 0.474537
0 0.229855 0.376543 0.239669 0.35841 0.268853 0.41358
0 0.306302 0.472608 0.311467 0.460648 0.280217 0.427855
0 0.311209 0.513117 0.321023 0.512346 0.313533 0.452546
0 0.174845 0.416281 0.17562 0.40162 0.215909 0.41088
0 0.165806 0.436728 0.161415 0.445988 0.184401 0.473765
0 0.149277 0.444059 0.1578 0.433256 0.17562 0.481481
0 0.149277 0.434028 0.15625 0.421682 0.18156 0.476852
0 0.158574 0.414352 0.153409 0.428241 0.201446 0.446759
0 0.170455 0.406636 0.161674 0.420525 0.191632 0.453318
0 0.208419 0.342978 0.202221 0.344522 0.209194 0.395448
0 0.196798 0.349923 0.205837 0.350309 0.195248 0.302855
0 0.155475 0.367284 0.164256 0.367284 0.160124 0.412423
0 0.162707 0.356481 0.174587 0.35841 0.164256 0.416281
0 0.173812 0.34375 0.181302 0.336034 0.195506 0.386188
0 0.176136 0.324846 0.183368 0.315972 0.192924 0.368056 0.175103 0.323302
0 0.169421 0.321759 0.163481 0.333719 0.179236 0.36767
0 0.160124 0.319444 0.165548 0.335262 0.197831 0.322917
0 0.150052 0.325231 0.159349 0.314815 0.178977 0.372685
0 0.163998 0.293981 0.172004 0.294753 0.161415 0.334491
0 0.177169 0.303627 0.16813 0.300926 0.184401 0.248457
0 0.158316 0.271991 0.164773 0.259259 0.189824 0.312114
0 0.184659 0.26466 0.190083 0.251543 0.215909 0.298611
0 0.208161 0.253086 0.214618 0.262346 0.238378 0.222608
0 0.1547 0.236111 0.159607 0.224923 0.184401 0.263117
0 0.184917 0.207562 0.193182 0.21412 0.204287 0.159336
0 0.158574 0.192901 0.166581 0.1875 0.173812 0.23534
0 0.153667 0.189043 0.159091 0.179784 0.179494 0.224151
0 0.159091 0.17091 0.165806 0.160494 0.192665 0.197145
0 0.153926 0.17091 0.16219 0.162037 0.184917 0.217978
0 0.270145 0.224151 0.272727 0.211806 0.30656 0.238812
0 0.258523 0.201775 0.265754 0.193287 0.283058 0.246528
0 0.271436 0.201775 0.267045 0.189815 0.303977 0.167438
0 0.252066 0.181713 0.253357 0.193287 0.291581 0.168981
0 0.260072 0.152392 0.268079 0.159336 0.24406 0.195988
0 0.246901 0.157407 0.247676 0.170525 0.210227 0.163194
0 0.301395 0.206019 0.301911 0.216821 0.335744 0.210648
0 0.319473 0.154707 0.323864 0.167052 0.288481 0.187886
0 0.313017 0.141975 0.31405 0.155478 0.272727 0.150849
0 0.30811 0.108796 0.315599 0.103009 0.321798 0.150849
0 0.341942 0.091049 0.351756 0.094522 0.33781 0.140818
0 0.27376 0.078318 0.283058 0.073688 0.290289 0.131173
0 0.281767 0.099537 0.274535 0.085648 0.255682 0.125772
0 0.311983 0.082176 0.312242 0.095293 0.284349 0.090278
0 0.316632 0.076003 0.323347 0.084491 0.300362 0.110725
0 0.323347 0.07716 0.333678 0.084105 0.301395 0.114969
0 0.323864 0.070216 0.323347 0.084491 0.357955 0.088349
0 0.238378 0.137346 0.246384 0.139275 0.236829 0.19483
0 0.231405 0.143904 0.234246 0.155093 0.195248 0.157022
0 0.188791 0.136188 0.192665 0.145448 0.173295 0.15625
0 0.192149 0.125772 0.200671 0.126929 0.193182 0.174769
0 0.210227 0.130401 0.215909 0.118441 0.237087 0.149691
0 0.203254 0.137731 0.207645 0.126157 0.234246 0.150077
0 0.24561 0.112654 0.256973 0.115741 0.245351 0.161265
0 0.237862 0.113426 0.245868 0.104938 0.265496 0.153164
0 0.243285 0.082948 0.251033 0.076003 0.259298 0.114969
0 0.239928 0.075231 0.245868 0.08179 0.233471 0.103395
0 0.21436 0.108796 0.21436 0.123843 0.186725 0.12037
0 0.187242 0.11304 0.190083 0.123843 0.162448 0.141204
0 0.165289 0.109182 0.175103 0.11034 0.168905 0.155478
0 0.172779 0.080247 0.182076 0.084491 0.162448 0.134645
0 0.184143 0.075231 0.191374 0.082176 0.167872 0.121528
0 0.231147 0.102238 0.223657 0.106867 0.240702 0.150077
0 0.215909 0.102238 0.227531 0.102623 0.237603 0.147762 0.215393 0.10108
0 0.223657 0.096836 0.228048 0.111111 0.19938 0.131944
0 0.194473 0.087577 0.199897 0.087577 0.195248 0.115741
0 0.190599 0.076775 0.200413 0.082562 0.182076 0.136574
0 0.201188 0.077932 0.208936 0.081019 0.195248 0.119985
0 0.217717 0.094907 0.222882 0.085262 0.24406 0.125772
0 0.204029 0.082176 0.204545 0.070216 0.241477 0.08912
0 0.214618 0.07716 0.223915 0.07909 0.213326 0.106481
0 0.208161 0.103009 0.209452 0.087963 0.237087 0.103009
0 0.20093 0.10571 0.208161 0.095679 0.213068 0.12037
0 0.369576 0.082948 0.374742 0.07446 0.405733 0.110725
0 0.337552 0.152778 0.340134 0.163966 0.372417 0.138503
0 0.380682 0.181327 0.383264 0.168981 0.413481 0.192515
0 0.409091 0.206404 0.41064 0.222222 0.371384 0.222994
0 0.371643 0.244213 0.38094 0.237654 0.354339 0.191358
0 0.352789 0.274691 0.347107 0.268519 0.373709 0.23804
0 0.346849 0.30517 0.335227 0.299769 0.350981 0.238812
0 0.329804 0.331019 0.33626 0.349537 0.377066 0.300154
0 0.397986 0.385417 0.406508 0.400077 0.44499 0.354938
0 0.443957 0.402392 0.443698 0.419753 0.405217 0.415895
0 0.496901 0.462963 0.501291 0.477238 0.465134 0.488812
0 0.3125 0.516975 0.322831 0.513889 0.325671 0.570988
0 0.268595 0.911265 0.263688 0.902006 0.288998 0.873071
0 0.258006 0.903935 0.258523 0.915123 0.289256 0.903935
0 0.26343 0.907022 0.253616 0.900463 0.283058 0.864583
0 0.253874 0.905864 0.253357 0.88966 0.283833 0.894676
0 0.250517 0.91358 0.245093 0.909336 0.268853 0.880401
0 0.241994 0.918981 0.235021 0.911265 0.266271 0.876929
0 0.229855 0.911651 0.241477 0.909336 0.236312 0.867284
0 0.226756 0.905864 0.234246 0.902392 0.224948 0.850694
0 0.219525 0.904321 0.225207 0.906636 0.233471 0.867284
0 0.223915 0.916667 0.216684 0.908179 0.240702 0.865355
0 0.21436 0.903935 0.222882 0.907407 0.222624 0.861883
0 0.201446 0.892361 0.20687 0.900077 0.227273 0.846451
0 0.194215 0.908179 0.201446 0.920139 0.229855 0.873843
0 0.171746 0.909722 0.171746 0.894676 0.212552 0.896219 0.171746 0.91088
0 0.157025 0.898148 0.157541 0.883873 0.201446 0.89429
0 0.16813 0.895062 0.159349 0.88966 0.180527 0.844136
0 0.149793 0.895833 0.152376 0.881559 0.19189 0.899691
0 0.154442 0.880787 0.156508 0.866127 0.201446 0.880401
0 0.147986 0.872299 0.153409 0.859954 0.178719 0.892361