0 0.403926 0.417824 0.404442 0.43017 0.365702 0.430556
0 0.478822 0.515046 0.483213 0.529707 0.442665 0.544753
0 0.360537 0.61767 0.366736 0.628472 0.391529 0.583333
0 0.336519 0.588735 0.349432 0.590664 0.343492 0.633873
0 0.565857 0.405864 0.559917 0.418981 0.533058 0.375386
0 0.594267 0.415123 0.597366 0.432099 0.550878 0.434414
0 0.462293 0.379244 0.475465 0.383873 0.487087 0.323302
0 0.403667 0.309799 0.412707 0.328704 0.452221 0.278935
0 0.490702 0.237269 0.491736 0.222994 0.527893 0.239198
0 0.451446 0.219522 0.448864 0.204475 0.489669 0.21142
0 0.469525 0.17284 0.47469 0.165123 0.485795 0.197531
0 0.416839 0.189043 0.424587 0.199074 0.440083 0.155093
0 0.415806 0.19483 0.422779 0.173611 0.385589 0.158179
0 0.587293 0.310571 0.590651 0.292824 0.537965 0.277778
0 0.633781 0.316358 0.638946 0.324846 0.605114 0.347222
0 0.583936 0.179784 0.5922 0.167052 0.619318 0.217207
0 0.683884 0.15162 0.685434 0.16821 0.644628 0.17091
0 0.474432 0.124614 0.483213 0.128472 0.466684 0.178241
0 0.499483 0.128086 0.502583 0.114198 0.534607 0.143904
0 0.705062 0.140818 0.712035 0.13233 0.689824 0.095679
0 0.691374 0.174769 0.697572 0.159336 0.736829 0.201775
0 0.725723 0.200231 0.731921 0.213349 0.696281 0.226852
0 0.732955 0.252701 0.737087 0.262731 0.709452 0.278164
0 0.724948 0.173225 0.729081 0.155093 0.768079 0.184799
0 0.729855 0.114969 0.740444 0.123843 0.714618 0.156636
0 0.741477 0.143519 0.749225 0.137346 0.767045 0.181713
0 0.736312 0.124228 0.748192 0.11304 0.771178 0.17284
0 0.736054 0.099537 0.744576 0.086034 0.770403 0.136188
0 0.734246 0.092978 0.736829 0.111111 0.707645 0.121528
0 0.744576 0.282793 0.747417 0.294367 0.712293 0.302855
0 0.763688 0.282022 0.765496 0.297454 0.799329 0.273534
0 0.798812 0.280093 0.811209 0.279707 0.80501 0.219136
0 0.822572 0.212577 0.830837 0.213349 0.824122 0.260417
0 0.81999 0.179784 0.833419 0.184799 0.821539 0.238812
0 0.844008 0.134259 0.842717 0.150849 0.796229 0.137346
0 0.860795 0.141204 0.868027 0.14892 0.851498 0.191358
0 0.819473 0.094522 0.826705 0.086806 0.849174 0.13233
0 0.833419 0.094522 0.843233 0.085648 0.860021 0.138117 0.846333 0.115741
0 0.906508 0.145833 0.91374 0.156636 0.893595 0.188657
0 0.889205 0.100694 0.898244 0.098765 0.902634 0.149691
0 0.871126 0.111111 0.877324 0.10108 0.894628 0.152778
0 0.858213 0.099923 0.866219 0.088349 0.885331 0.141975
0 0.846591 0.109182 0.856921 0.112654 0.884556 0.158565
0 0.84814 0.091049 0.857696 0.085648 0.865961 0.143133
0 0.909866 0.19483 0.914256 0.211806 0.866219 0.229938
0 0.891271 0.271991 0.886622 0.282022 0.854081 0.254244
0 0.908316 0.249228 0.917872 0.256944 0.896436 0.298997 0.9078 0.251157
0 0.905217 0.244213 0.904959 0.257716 0.857438 0.243827
0 0.909349 0.236497 0.917097 0.246528 0.88843 0.28125
0 0.894628 0.248843 0.904959 0.238812 0.874742 0.191358
0 0.914256 0.228395 0.910382 0.243827 0.864411 0.22608
0 0.906767 0.236111 0.917614 0.226852 0.885331 0.179784
0 0.744576 0.404707 0.753616 0.41358 0.731147 0.455633
0 0.697314 0.323688 0.700671 0.313272 0.730114 0.346451
0 0.803461 0.418596 0.81095 0.42554 0.832903 0.373843 0.803461 0.418596
0 0.873967 0.322145 0.872934 0.33912 0.832645 0.331404
0 0.889205 0.335262 0.891012 0.349537 0.852531 0.353009
0 0.908316 0.353009 0.917614 0.346451 0.889463 0.30054
0 0.91374 0.357253 0.915548 0.369985 0.873967 0.374614
0 0.909349 0.367284 0.912707 0.382716 0.875 0.39429
0 0.913481 0.373843 0.921488 0.377315 0.901601 0.422454
0 0.916322 0.408565 0.910124 0.426312 0.880165 0.386188
0 0.856147 0.395448 0.863895 0.386188 0.884556 0.431713
0 0.854855 0.459491 0.849174 0.442901 0.885331 0.420139
0 0.834452 0.445988 0.852273 0.44483 0.854339 0.500772
0 0.916839 0.435185 0.918905 0.449846 0.883264 0.453704
0 0.916322 0.453318 0.917614 0.465278 0.880165 0.478009
0 0.91813 0.48071 0.917872 0.496142 0.876291 0.48804
0 0.858213 0.486883 0.870351 0.481867 0.884556 0.533565
0 0.850465 0.471451 0.866219 0.469907 0.869835 0.537037
0 0.850465 0.505787 0.85563 0.52662 0.811725 0.540509
0 0.917872 0.50463 0.916064 0.513503 0.876291 0.498071
0 0.905217 0.505787 0.914514 0.516204 0.885331 0.555941
0 0.906508 0.517747 0.918905 0.516204 0.908574 0.556713
0 0.895403 0.53858 0.903926 0.548225 0.875775 0.588735
0 0.903926 0.552855 0.915031 0.554784 0.896952 0.610725
0 0.910382 0.599151 0.920455 0.606481 0.88249 0.64892
0 0.91374 0.604938 0.924587 0.608796 0.901601 0.654321
0 0.831095 0.650077 0.832645 0.667052 0.787707 0.659336
0 0.821539 0.564043 0.821798 0.565586 0.824122 0.578318 0.782541 0.588349
0 0.813791 0.556713 0.811983 0.570602 0.785124 0.556327
0 0.841942 0.528164 0.853306 0.534722 0.8453 0.583719
0 0.74406 0.615741 0.756198 0.621914 0.767045 0.560571
0 0.917097 0.655093 0.923295 0.667824 0.886622 0.701775
0 0.772211 0.791667 0.782025 0.788194 0.765238 0.734954
0 0.763946 0.854938 0.768337 0.874228 0.727789 0.897377
0 0.724432 0.923225 0.730372 0.908951 0.690857 0.890432
0 0.889721 0.834491 0.887138 0.85108 0.844525 0.841821
0 0.909349 0.799769 0.921488 0.814429 0.885847 0.852238
0 0.922262 0.794367 0.928977 0.815972 0.88094 0.835648
0 0.918647 0.826389 0.926395 0.83642 0.902118 0.878086
0 0.91968 0.744213 0.925362 0.756559 0.885072 0.788966
0 0.921229 0.732253 0.917614 0.750386 0.884298 0.722608
0 0.883523 0.714892 0.896952 0.707176 0.904184 0.769676
0 0.920713 0.674383 0.929236 0.679398 0.916839 0.733796
0 0.916322 0.666667 0.928461 0.674769 0.904184 0.715664
0 0.808626 0.876929 0.812242 0.888117 0.777634 0.909722
0 0.768079 0.921682 0.775826 0.911265 0.741994 0.886574
0 0.75594 0.918596 0.765754 0.926312 0.782025 0.880015
0 0.66219 0.92284 0.672521 0.919367 0.654184 0.868827
0 0.634039 0.905864 0.638171 0.88696 0.587293 0.883102
0 0.61157 0.935957 0.620093 0.922454 0.585744 0.903549
0 0.649019 0.925154 0.655475 0.911265 0.637138 0.88966
0 0.661932 0.928241 0.667097 0.91358 0.634039 0.905864
0 0.621643 0.816358 0.630165 0.803241 0.590134 0.770062
0 0.807076 0.920525 0.818698 0.921296 0.818698 0.871528
0 0.835486 0.920139 0.83936 0.907022 0.808626 0.89159 0.833678 0.91821
0 0.851498 0.891975 0.856147 0.878086 0.820764 0.876157
0 0.86906 0.884645 0.868543 0.869213 0.825155 0.872299
0 0.861054 0.910108 0.86906 0.907793 0.859246 0.856096
0 0.865961 0.903935 0.863378 0.917438 0.823864 0.88696
0 0.868543 0.913966 0.879907 0.913966 0.869576 0.862269
0 0.906508 0.909722 0.900052 0.922454 0.870351 0.892361
0 0.891271 0.898148 0.898244 0.897377 0.899793 0.849537
0 0.893079 0.907022 0.904184 0.904707 0.909091 0.867284
0 0.402376 0.767361 0.409349 0.774691 0.390754 0.807099
0 0.469525 0.91088 0.479597 0.920139 0.506973 0.859568
0 0.540806 0.92554 0.550362 0.923225 0.530733 0.872299
0 0.543647 0.911651 0.552686 0.92284 0.581095 0.865355
0 0.341684 0.845293 0.341167 0.82909 0.38094 0.834105
0 0.414256 0.925154 0.423554 0.929012 0.434143 0.882716
0 0.401085 0.913966 0.409349 0.92554 0.43156 0.876157
0 0.38843 0.918596 0.39876 0.92284 0.407283 0.861111
0 0.377066 0.921682 0.386622 0.926312 0.401343 0.869985
0 0.385072 0.889275 0.392562 0.890818 0.402893 0.840664
0 0.36751 0.924383 0.380424 0.917824 0.362862 0.872685
0 0.340909 0.915123 0.346849 0.926312 0.379132 0.885802
0 0.329287 0.912809 0.333936 0.923225 0.368027 0.876157
0 0.341942 0.886574 0.352273 0.88696 0.349432 0.841435
0 0.313533 0.912809 0.314308 0.896219 0.352273 0.903164
0 0.309143 0.917824 0.316374 0.927083 0.3453 0.885417
0 0.364153 0.695216 0.373967 0.696373 0.361829 0.741512
0 0.427428 0.633488 0.433368 0.632716 0.429752 0.583719
0 0.231147 0.669753 0.239669 0.677469 0.25439 0.618441
0 0.200671 0.569059 0.209452 0.572145 0.195506 0.620756
0 0.16813 0.697917 0.172262 0.707948 0.211002 0.665509
0 0.21875 0.76466 0.216942 0.781636 0.272986 0.777392
0 0.140238 0.647377 0.150568 0.635802 0.155992 0.674383
0 0.13688 0.646605 0.139721 0.63233 0.166322 0.671296
0 0.149019 0.677469 0.159349 0.671296 0.16968 0.733796
0 0.138946 0.69946 0.141529 0.68287 0.182076 0.719907
0 0.13688 0.604938 0.143337 0.589892 0.16968 0.647377
0 0.149793 0.597608 0.155992 0.58642 0.176653 0.638889
0 0.167872 0.582176 0.173295 0.572145 0.199122 0.592593
0 0.139721 0.583333 0.143337 0.568287 0.179236 0.599151 0.137913 0.582176
0 0.171746 0.567901 0.174845 0.552855 0.222107 0.570988
0 0.241477 0.498457 0.252324 0.494985 0.239411 0.450617
0 0.188533 0.466821 0.198089 0.476852 0.169163 0.52662
0 0.172521 0.542438 0.178461 0.528549 0.197572 0.566358
0 0.137913 0.531636 0.147986 0.527006 0.149277 0.573302
0 0.144112 0.534722 0.151601 0.525849 0.166322 0.578318
0 0.142045 0.496914 0.150052 0.488426 0.167355 0.539352
0 0.137913 0.503858 0.146694 0.496142 0.159349 0.545139
0 0.143079 0.484182 0.149793 0.498457 0.181043 0.467593
0 0.140238 0.469136 0.145919 0.484182 0.177428 0.464892
0 0.175103 0.458719 0.186983 0.459877 0.171746 0.515432
0 0.329029 0.411265 0.341942 0.409722 0.328771 0.352238
0 0.333936 0.329861 0.342975 0.321373 0.356663 0.385802
0 0.284349 0.354938 0.295455 0.350694 0.276343 0.298225
0 0.24561 0.388889 0.25155 0.375386 0.285124 0.395833
0 0.26782 0.412037 0.278151 0.414738 0.271952 0.366127
0 0.237862 0.420139 0.238378 0.402392 0.281767 0.415123
0 0.200671 0.368827 0.207903 0.359954 0.228564 0.412809
0 0.195764 0.423997 0.184659 0.420139 0.197572 0.363812
0 0.189824 0.418596 0.205062 0.412423 0.2203 0.460262
0 0.166064 0.427855 0.176395 0.408951 0.21281 0.453704
0 0.147469 0.434028 0.15625 0.423997 0.176395 0.457176
0 0.140754 0.397377 0.151601 0.390818 0.158833 0.454861
0 0.159607 0.374228 0.170455 0.368827 0.171229 0.418596
0 0.147211 0.376543 0.155217 0.365741 0.163481 0.42284
0 0.14282 0.366127 0.151601 0.354167 0.16813 0.416667
0 0.206612 0.317515 0.209194 0.334877 0.247417 0.313272
0 0.166581 0.31983 0.171488 0.328704 0.193698 0.288966
0 0.357438 0.268133 0.355888 0.28125 0.393595 0.282793
0 0.348657 0.224537 0.354081 0.232639 0.321539 0.266975
0 0.353306 0.212191 0.354081 0.228395 0.403667 0.216821
0 0.320248 0.216821 0.322314 0.231096 0.360795 0.207562
0 0.361054 0.175926 0.36157 0.193673 0.31689 0.195988
0 0.27376 0.158951 0.283316 0.146605 0.308626 0.202932
0 0.251808 0.180941 0.259556 0.16821 0.285899 0.214506
0 0.226498 0.201775 0.228564 0.216049 0.188791 0.22338
0 0.176653 0.249228 0.185176 0.255787 0.167872 0.292824
0 0.172262 0.246528 0.178202 0.258102 0.200671 0.217978
0 0.143337 0.268133 0.153409 0.260802 0.16374 0.313272
0 0.146436 0.322531 0.153667 0.305556 0.192924 0.353009
0 0.150826 0.334877 0.155733 0.316358 0.180269 0.360725
0 0.143337 0.311728 0.152634 0.302855 0.155217 0.365741
0 0.144112 0.219522 0.15186 0.216049 0.161932 0.262346
0 0.146694 0.208333 0.157541 0.199074 0.166581 0.246528
0 0.148502 0.197917 0.15625 0.184414 0.186983 0.239198
0 0.161932 0.199846 0.161157 0.182485 0.20687 0.196373 0.162448 0.199846
0 0.226498 0.199846 0.236829 0.19213 0.241994 0.255401
0 0.225465 0.196373 0.232438 0.184414 0.255682 0.228781
0 0.216426 0.177083 0.222366 0.162809 0.25 0.204475
0 0.237862 0.150077 0.247417 0.150077 0.25 0.204475
0 0.19499 0.177083 0.203254 0.189043 0.231663 0.148534
0 0.199897 0.143904 0.204287 0.161651 0.166322 0.173225
0 0.351498 0.14892 0.358471 0.161651 0.386105 0.121914
0 0.352014 0.090664 0.362862 0.086034 0.363378 0.138503
0 0.384039 0.088349 0.396436 0.086806 0.395919 0.13966
0 0.416581 0.08179 0.414514 0.095679 0.451446 0.093364
0 0.404184 0.114198 0.41064 0.128086 0.447572 0.093364
0 0.413998 0.12037 0.419163 0.134259 0.442665 0.103395
0 0.334969 0.092207 0.344783 0.085648 0.360021 0.13966
0 0.333161 0.093364 0.340134 0.104167 0.317665 0.123071 0.333419 0.089892
0 0.31095 0.123071 0.308368 0.137346 0.348657 0.137346
0 0.311725 0.086806 0.323605 0.093364 0.30501 0.142361
0 0.288481 0.130401 0.287707 0.146605 0.256457 0.149691
0 0.294421 0.103395 0.303202 0.111497 0.279184 0.138889
0 0.255682 0.116512 0.266012 0.111883 0.271952 0.172068
0 0.244576 0.104167 0.248192 0.114198 0.213843 0.140046
0 0.26782 0.087191 0.269628 0.099923 0.236829 0.107253
0 0.221591 0.126929 0.229081 0.138889 0.199122 0.171682
0 0.221591 0.119213 0.228564 0.102623 0.253357 0.137346 0.242769 0.131173
0 0.216942 0.109182 0.225981 0.115355 0.199122 0.155478
0 0.239411 0.146219 0.246384 0.130787 0.275568 0.180556 0.237087 0.144676
0 0.443182 0.118441 0.442665 0.103395 0.487603 0.118441
0 0.159607 0.14892 0.165548 0.149691 0.161157 0.1875
0 0.180269 0.128858 0.186209 0.128086 0.184401 0.158951
0 0.164256 0.123071 0.173554 0.126543 0.154184 0.168981
0 0.155475 0.10841 0.162965 0.111497 0.152118 0.167052
0 0.166322 0.107253 0.175878 0.107639 0.174329 0.148148
0 0.179494 0.097222 0.188533 0.099537 0.175103 0.153935
0 0.166322 0.102623 0.172262 0.109182 0.185434 0.089506
0 0.19938 0.116512 0.199897 0.104552 0.226756 0.105324
0 0.207645 0.086806 0.214876 0.090664 0.201446 0.128858
0 0.191374 0.099151 0.192407 0.099151 0.198605 0.099923 0.192924 0.14892
0 0.188533 0.092978 0.195248 0.094522 0.188791 0.13966
0 0.196798 0.086034 0.196023 0.098765 0.233471 0.100694
0 0.296746 0.857639 0.303461 0.863812 0.318698 0.822531
0 0.281767 0.915123 0.291322 0.911651 0.286415 0.866512
0 0.286674 0.909336 0.291839 0.921296 0.323864 0.864969
0 0.283833 0.92284 0.287707 0.931713 0.314308 0.907022
0 0.274019 0.916281 0.280217 0.923997 0.306818 0.872685
0 0.262138 0.92554 0.269112 0.930556 0.286157 0.876929
0 0.254907 0.920525 0.264721 0.924383 0.27686 0.876929
0 0.23812 0.869213 0.241994 0.854167 0.280475 0.883873
0 0.239153 0.908179 0.239669 0.922454 0.278926 0.893133
0 0.237087 0.89429 0.242252 0.894676 0.241736 0.868441
0 0.22624 0.924383 0.234504 0.920525 0.218492 0.874228
0 0.217459 0.924383 0.222107 0.919753 0.201188 0.88233
0 0.221591 0.930556 0.21875 0.915509 0.253099 0.898534
0 0.202479 0.890818 0.205837 0.897377 0.228048 0.856481
0 0.210744 0.883488 0.210227 0.902006 0.25749 0.898534
0 0.193182 0.907022 0.201963 0.907793 0.201963 0.876543
0 0.178977 0.912809 0.181818 0.926312 0.215909 0.896605
0 0.19499 0.834105 0.206353 0.835262 0.202996 0.77662
0 0.155992 0.820216 0.158316 0.804784 0.199638 0.826003
0 0.161932 0.828704 0.161932 0.844522 0.201705 0.834877
0 0.165031 0.864583 0.169421 0.878858 0.212035 0.84838
0 0.166064 0.893904 0.168388 0.907022 0.201705 0.861497
0 0.169421 0.917824 0.16219 0.908951 0.196281 0.873843
0 0.1578 0.909722 0.160124 0.923225 0.194473 0.89892
0 0.153926 0.903935 0.161415 0.911651 0.172521 0.872299
0 0.14437 0.904321 0.145403 0.890818 0.172779 0.897377
0 0.138946 0.876157 0.140496 0.891975 0.172521 0.872299
0 0.157541 0.890818 0.149535 0.895448 0.145661 0.852623
0 0.13843 0.84375 0.146952 0.836034 0.159607 0.87963
0 0.139463 0.823688 0.149277 0.814815 0.164256 0.873457
0 0.136364 0.779707 0.14282 0.774306 0.154959 0.826775
0 0.13843 0.768519 0.145403 0.76196 0.1547 0.810185
0 0.15186 0.755015 0.152376 0.754244 0.161415 0.755401 0.155475 0.816358
0 0.134556 0.746528 0.14282 0.73804 0.164773 0.802083
0 0.137913 0.737269 0.143337 0.726466 0.175103 0.775077
0 0.152376 0.714506 0.146694 0.727623 0.168388 0.762731
0 0.138688 0.724151 0.140496 0.712577 0.173812 0.739583