0 0.509814 0.487654 0.518595 0.499228 0.490186 0.544753
0 0.528409 0.391204 0.529442 0.402006 0.503099 0.405093
0 0.591942 0.52392 0.580062 0.527006 0.575413 0.472222
0 0.713326 0.554398 0.704029 0.547454 0.726756 0.500772
0 0.472107 0.118827 0.465393 0.133488 0.505682 0.159722
0 0.377066 0.145062 0.374483 0.124228 0.433368 0.116512
0 0.38843 0.07909 0.398244 0.072145 0.407025 0.119599
0 0.384298 0.03588 0.394628 0.039738 0.385331 0.090664
0 0.409091 0.035108 0.406767 0.035494 0.39876 0.037037 0.409607 0.091435
0 0.42562 0.029707 0.434401 0.03588 0.410124 0.097608
0 0.442149 0.030478 0.432851 0.040509 0.469008 0.078318
0 0.566116 0.108025 0.571281 0.122685 0.529959 0.13966
0 0.542355 0.07909 0.551136 0.069059 0.57438 0.12037
0 0.542872 0.052855 0.552169 0.062886 0.527893 0.100694
0 0.583678 0.086034 0.588843 0.065972 0.53719 0.054398
0 0.607955 0.034336 0.617769 0.04321 0.58936 0.08642
0 0.645661 0.035108 0.655992 0.028164 0.670455 0.087577
0 0.653926 0.089892 0.663223 0.079861 0.670971 0.136574
0 0.652893 0.108796 0.661157 0.121914 0.622417 0.162037
0 0.600207 0.197531 0.603306 0.177469 0.652893 0.198302
0 0.682335 0.169753 0.675103 0.153549 0.715393 0.125
0 0.673554 0.220679 0.670971 0.204475 0.708161 0.19213
0 0.705579 0.214506 0.706095 0.229938 0.666839 0.232253
0 0.756198 0.214506 0.760331 0.229938 0.719008 0.242284
0 0.770145 0.213735 0.782025 0.199846 0.742252 0.151235
0 0.697314 0.05517 0.69938 0.06983 0.659091 0.076775
0 0.782025 0.037423 0.776343 0.02662 0.75155 0.055941
0 0.740702 0.035108 0.748967 0.03125 0.752066 0.066744
0 0.774277 0.057485 0.764979 0.048225 0.744835 0.097608
0 0.739669 0.045525 0.745351 0.055941 0.717459 0.082948
0 0.725207 0.05517 0.729855 0.042052 0.757748 0.072917
0 0.719008 0.032793 0.727273 0.036651 0.707128 0.103781
0 0.710744 0.028164 0.72314 0.03588 0.700413 0.091435
0 0.823347 0.02662 0.827479 0.039352 0.789773 0.05787
0 0.854339 0.024306 0.857955 0.035108 0.823864 0.054398
0 0.868802 0.028164 0.873967 0.043596 0.830579 0.065972
0 0.849174 0.116512 0.851756 0.133488 0.809917 0.154321
0 0.861054 0.132716 0.865702 0.145062 0.827996 0.167438
0 0.822314 0.183642 0.822831 0.20216 0.782025 0.199846
0 0.753099 0.263889 0.756198 0.277778 0.789773 0.246914
0 0.803719 0.263117 0.792355 0.252315 0.817665 0.215278
0 0.838843 0.25463 0.828512 0.263117 0.822831 0.214506
0 0.815083 0.249228 0.82593 0.257716 0.841426 0.199074
0 0.815083 0.272762 0.822314 0.260417 0.849174 0.289352
0 0.80062 0.296296 0.81095 0.283179 0.831612 0.337963
0 0.808884 0.359568 0.810434 0.338735 0.763946 0.345679
0 0.860021 0.293981 0.870351 0.290123 0.850723 0.233796
0 0.877066 0.263117 0.886364 0.253086 0.854339 0.209105
0 0.900826 0.061343 0.903409 0.051698 0.87655 0.042824
0 0.909091 0.062114 0.908058 0.078318 0.86157 0.051698
0 0.906508 0.087577 0.905475 0.072917 0.875 0.069059
0 0.916322 0.118056 0.909091 0.130401 0.887913 0.090664
0 0.907541 0.140432 0.914773 0.131944 0.885331 0.098765
0 0.895145 0.169753 0.887397 0.177469 0.865702 0.137346
0 0.921488 0.239198 0.917355 0.253086 0.884814 0.222222
0 0.915289 0.265432 0.920971 0.254244 0.88843 0.225309
0 0.915289 0.282407 0.920455 0.271605 0.88688 0.242284
0 0.908058 0.166667 0.914773 0.160494 0.885331 0.123457
0 0.904959 0.197531 0.903409 0.207562 0.860021 0.185957
0 0.907025 0.19213 0.915806 0.184414 0.883781 0.143519
0 0.916322 0.192901 0.910124 0.20679 0.870351 0.164352
0 0.917872 0.209105 0.909607 0.193673 0.880165 0.217593
0 0.922521 0.196759 0.910124 0.20679 0.905475 0.147377
0 0.920971 0.28858 0.919938 0.301698 0.875517 0.279321
0 0.909607 0.314815 0.917872 0.305556 0.885331 0.267747
0 0.915806 0.324846 0.909607 0.337963 0.878616 0.294753
0 0.794938 0.509259 0.791839 0.493441 0.75 0.51196
0 0.831612 0.529321 0.822314 0.512346 0.780475 0.561343
0 0.85124 0.622299 0.860537 0.62037 0.850723 0.564815
0 0.902376 0.58912 0.91064 0.589506 0.911157 0.535494
0 0.820764 0.48534 0.824897 0.472222 0.792355 0.462963
0 0.864153 0.475309 0.858988 0.462577 0.831095 0.494599
0 0.846074 0.357253 0.857955 0.35571 0.853822 0.427083
0 0.881198 0.357253 0.872417 0.357253 0.871901 0.30787
0 0.871901 0.368827 0.860021 0.376543 0.849174 0.314043
0 0.923554 0.357253 0.917355 0.368827 0.88843 0.321759
0 0.922521 0.371914 0.918905 0.386574 0.886364 0.35108
0 0.918905 0.396219 0.922521 0.383488 0.884298 0.381944
0 0.916839 0.433256 0.916322 0.413966 0.87345 0.416667
0 0.927169 0.427083 0.916839 0.433256 0.908574 0.385802
0 0.907025 0.462577 0.916839 0.456404 0.892562 0.408179
0 0.923554 0.456404 0.913223 0.462577 0.905992 0.425154
0 0.921488 0.484568 0.918905 0.504244 0.883264 0.475309
0 0.928719 0.483796 0.923554 0.495756 0.90186 0.452932
0 0.310434 0.319444 0.322831 0.321759 0.323347 0.266975
0 0.325671 0.262731 0.321798 0.27392 0.286157 0.253086 0.327479 0.26466
0 0.266529 0.24537 0.277376 0.239198 0.291322 0.281636
0 0.333161 0.126543 0.344008 0.135031 0.317665 0.183642
0 0.338843 0.057485 0.342459 0.072531 0.299587 0.079861
0 0.28719 0.043596 0.293388 0.030478 0.328512 0.059028
0 0.264463 0.06983 0.268079 0.05517 0.3125 0.06983
0 0.302169 0.112654 0.313533 0.115741 0.294421 0.162037
0 0.260072 0.154321 0.274277 0.156636 0.259814 0.219907
0 0.287707 0.121142 0.292355 0.135802 0.248967 0.158179
0 0.29907 0.096065 0.302169 0.112654 0.261105 0.119599
0 0.241219 0.09838 0.25155 0.106481 0.225207 0.14429
0 0.235021 0.05517 0.238636 0.071373 0.272727 0.048225
0 0.211777 0.042052 0.225723 0.040509 0.230372 0.099151
0 0.213843 0.065201 0.223657 0.07446 0.190599 0.111111
0 0.180785 0.072145 0.194731 0.06983 0.191632 0.13966
0 0.180269 0.155864 0.188533 0.169753 0.208161 0.117284
0 0.184401 0.034336 0.193182 0.040509 0.171488 0.082948
0 0.165806 0.033565 0.177169 0.037423 0.164256 0.086806
0 0.126033 0.078704 0.133264 0.066358 0.158316 0.108025
0 0.093492 0.069059 0.100207 0.054012 0.120868 0.100694
0 0.086002 0.082176 0.097107 0.073688 0.106405 0.115741
0 0.120868 0.09838 0.112603 0.104938 0.138946 0.156636
0 0.102789 0.119599 0.112603 0.104938 0.133264 0.162809
0 0.096333 0.131173 0.109246 0.125772 0.111054 0.1875
0 0.081612 0.135802 0.091942 0.128086 0.105888 0.184414
0 0.118802 0.160494 0.110021 0.174383 0.145403 0.202932
0 0.154959 0.185185 0.145145 0.192901 0.165289 0.240741
0 0.141529 0.147377 0.15186 0.149691 0.156508 0.109568
0 0.146694 0.16821 0.145403 0.147377 0.184917 0.151235
0 0.22314 0.28125 0.236054 0.280093 0.235537 0.329475
0 0.158058 0.35571 0.166064 0.346451 0.189566 0.393519
0 0.124742 0.359568 0.128099 0.344136 0.169938 0.343364
0 0.135847 0.31713 0.144112 0.304784 0.16064 0.346451
0 0.088585 0.236883 0.096333 0.226852 0.122159 0.266975
0 0.084194 0.249228 0.090909 0.261574 0.120351 0.217593
0 0.093492 0.263117 0.09375 0.277778 0.134298 0.265432
0 0.105888 0.359568 0.098657 0.347994 0.142045 0.307099
0 0.078254 0.330633 0.088326 0.325617 0.098657 0.380401
0 0.080579 0.308642 0.08936 0.300926 0.101498 0.347994
0 0.090909 0.273148 0.090909 0.294753 0.141529 0.294753
0 0.084711 0.287809 0.095041 0.283179 0.102789 0.340278
0 0.261622 0.4375 0.270145 0.425926 0.243285 0.38966
0 0.209194 0.373457 0.215909 0.363426 0.236829 0.411265
0 0.19938 0.417438 0.21126 0.414352 0.197314 0.358025
0 0.235021 0.56713 0.239411 0.584105 0.195248 0.607639
0 0.079804 0.408179 0.084194 0.419753 0.114153 0.378858
0 0.088326 0.437114 0.084194 0.423611 0.121901 0.40625
0 0.137397 0.526235 0.136364 0.510802 0.17562 0.506173
0 0.116736 0.483796 0.122159 0.498457 0.157025 0.46412
0 0.079545 0.470679 0.085744 0.483025 0.116994 0.437114
0 0.084711 0.496914 0.080837 0.482639 0.131715 0.469136
0 0.104855 0.501157 0.107438 0.518519 0.147986 0.491512
0 0.108988 0.527778 0.116994 0.512346 0.154442 0.565586
0 0.075671 0.53858 0.084711 0.553241 0.105888 0.506173
0 0.111054 0.638503 0.124483 0.643133 0.120868 0.58179
0 0.076963 0.60841 0.08936 0.617284 0.107955 0.548225
0 0.084194 0.573302 0.09375 0.579475 0.105372 0.526235
0 0.079029 0.579475 0.091942 0.585648 0.090134 0.535494
0 0.337293 0.701389 0.342975 0.685185 0.381715 0.727238
0 0.466942 0.71412 0.467717 0.69946 0.514463 0.717207
0 0.469525 0.728009 0.476756 0.71412 0.506198 0.76659
0 0.410124 0.86304 0.423037 0.86304 0.411157 0.808256
0 0.401343 0.875386 0.405992 0.864583 0.381715 0.845293
0 0.308884 0.841435 0.305785 0.81983 0.351756 0.815972
0 0.275826 0.888503 0.272727 0.870756 0.311983 0.864583 0.276343 0.887731
0 0.258781 0.876157 0.24845 0.862269 0.283574 0.808256
0 0.209711 0.830633 0.222107 0.82446 0.203512 0.778164
0 0.165289 0.782022 0.168647 0.762731 0.208678 0.787423
0 0.124742 0.849923 0.116219 0.835262 0.14876 0.795139 0.125 0.849537
0 0.115186 0.799769 0.127324 0.801312 0.121384 0.741898
0 0.271178 0.930941 0.27686 0.942515 0.311467 0.909336
0 0.249483 0.94483 0.244576 0.930941 0.271178 0.892361
0 0.222624 0.935571 0.231921 0.933256 0.216426 0.878472
0 0.233988 0.929398 0.241219 0.936343 0.254907 0.877701
0 0.260072 0.939429 0.22469 0.923225 0.254649 0.94946
0 0.233471 0.918596 0.22314 0.910108 0.249483 0.86767
0 0.189566 0.838349 0.197831 0.836034 0.205062 0.886188
0 0.184917 0.877701 0.180785 0.863812 0.221074 0.862269
0 0.18905 0.897762 0.195248 0.911651 0.222624 0.872299
0 0.19938 0.942515 0.190083 0.932485 0.216426 0.889275
0 0.184401 0.939429 0.198864 0.937886 0.186467 0.88233
0 0.333678 0.942515 0.339876 0.927083 0.297521 0.900077
0 0.351756 0.940972 0.346591 0.950231 0.326963 0.907793
0 0.096074 0.67091 0.104855 0.67554 0.110537 0.61767
0 0.073864 0.677083 0.079545 0.688657 0.106663 0.643519
0 0.080837 0.652392 0.089876 0.658565 0.106405 0.596836
0 0.073864 0.648534 0.081612 0.658565 0.111054 0.609954
0 0.083419 0.690201 0.075671 0.701775 0.111829 0.721836
0 0.083161 0.716435 0.075671 0.706404 0.11157 0.665509
0 0.07438 0.736497 0.082128 0.748071 0.107438 0.687886
0 0.075413 0.747299 0.081612 0.764275 0.116994 0.715664
0 0.092459 0.789738 0.095041 0.777392 0.118802 0.799769
0 0.082386 0.78588 0.091942 0.792824 0.107438 0.738812
0 0.073089 0.782022 0.082386 0.78588 0.092459 0.748843
0 0.074638 0.767361 0.082386 0.755787 0.117769 0.808256
0 0.078254 0.802083 0.079545 0.790509 0.116736 0.813657
0 0.086002 0.818287 0.082128 0.832948 0.118802 0.857639
0 0.077996 0.804398 0.076963 0.818287 0.124483 0.826775
0 0.073864 0.836034 0.079804 0.821373 0.118802 0.868441
0 0.122934 0.89159 0.11312 0.900077 0.096074 0.844522
0 0.076446 0.871528 0.076963 0.853009 0.125517 0.876929
0 0.460486 0.869985 0.467459 0.865355 0.448864 0.837963
0 0.478564 0.869213 0.479855 0.851466 0.433368 0.854552
0 0.168388 0.907793 0.174845 0.906636 0.163998 0.847994
0 0.164773 0.92091 0.173037 0.917052 0.15186 0.85571
0 0.168647 0.932485 0.156767 0.934799 0.167097 0.89429
0 0.161415 0.929784 0.168388 0.936343 0.186467 0.88233
0 0.163223 0.951775 0.158058 0.938657 0.187758 0.923997
0 0.145919 0.934414 0.154184 0.936343 0.155733 0.873071
0 0.133006 0.940201 0.138946 0.930941 0.10124 0.888117
0 0.14282 0.947917 0.133006 0.940201 0.157541 0.895833
0 0.134298 0.950231 0.129132 0.938657 0.150568 0.89892
0 0.125775 0.944059 0.119318 0.93287 0.15186 0.890046
0 0.096849 0.921296 0.102014 0.932485 0.133264 0.914352
0 0.086777 0.925154 0.091167 0.917052 0.110537 0.940201
0 0.108729 0.913194 0.102789 0.92284 0.083936 0.880401
0 0.084194 0.903935 0.086002 0.919367 0.129132 0.906636
0 0.080837 0.888117 0.089101 0.87963 0.113895 0.942515
0 0.504907 0.829475 0.504907 0.841049 0.554494 0.833333
0 0.509039 0.851466 0.516012 0.838349 0.477789 0.807485
0 0.652634 0.865355 0.664256 0.859568 0.642562 0.805556
0 0.673554 0.933642 0.662448 0.924769 0.690341 0.887346
0 0.658574 0.936343 0.651343 0.92091 0.696023 0.888503
0 0.641787 0.912423 0.649019 0.903549 0.614669 0.857253
0 0.636105 0.916281 0.632231 0.898148 0.678719 0.886188
0 0.600465 0.940586 0.593233 0.932485 0.62061 0.900849
0 0.584969 0.940201 0.572314 0.934414 0.594008 0.890046
0 0.545713 0.942515 0.53874 0.929012 0.573347 0.90162
0 0.511622 0.941358 0.506198 0.927855 0.541064 0.907407
0 0.502583 0.938657 0.499742 0.922068 0.548295 0.909722
0 0.481921 0.896991 0.481921 0.881559 0.521952 0.880787
0 0.472882 0.944444 0.469525 0.930556 0.510331 0.911265
0 0.467717 0.944444 0.463843 0.927855 0.510331 0.905864
0 0.437758 0.917052 0.44499 0.927083 0.46875 0.885417
0 0.405733 0.943287 0.416064 0.940201 0.40186 0.881559
0 0.444473 0.94213 0.442407 0.927855 0.475981 0.896991 0.444215 0.944444
0 0.432593 0.943287 0.43001 0.927855 0.469008 0.923225
0 0.427428 0.939429 0.419938 0.927855 0.446281 0.880787
0 0.424329 0.94213 0.414514 0.938272 0.422521 0.880787
0 0.361829 0.932485 0.354081 0.926698 0.375775 0.870756
0 0.346074 0.927855 0.353822 0.932485 0.349432 0.872685
0 0.358988 0.943287 0.347624 0.941358 0.358988 0.876543
0 0.373967 0.925154 0.381198 0.925926 0.373192 0.880787
0 0.363636 0.944059 0.375775 0.94213 0.375517 0.932485 0.373967 0.892361
0 0.371901 0.934414 0.379649 0.936728 0.39282 0.880401
0 0.383781 0.944059 0.375775 0.94213 0.399019 0.886188
0 0.387397 0.950231 0.377324 0.940201 0.415806 0.896991
0 0.517304 0.693287 0.526343 0.698302 0.536415 0.63966
0 0.687758 0.758873 0.695248 0.743827 0.657283 0.704861
0 0.772211 0.703318 0.771436 0.718364 0.815341 0.722608
0 0.772727 0.725309 0.778151 0.709105 0.739411 0.675926
0 0.784349 0.728009 0.788223 0.741512 0.752324 0.758873
0 0.81999 0.698302 0.829029 0.684028 0.791064 0.653935
0 0.739153 0.81983 0.740702 0.802469 0.783058 0.819059
0 0.711519 0.825617 0.713585 0.808256 0.750775 0.830633
0 0.72624 0.859568 0.728822 0.845679 0.762397 0.877701
0 0.720558 0.898148 0.733471 0.895833 0.71875 0.834491
0 0.832128 0.83912 0.834969 0.828318 0.801136 0.805556
0 0.73218 0.932485 0.727273 0.92284 0.761364 0.90162
0 0.717975 0.931713 0.728306 0.929012 0.708936 0.885417
0 0.747159 0.922068 0.760589 0.92091 0.744576 0.857639
0 0.766529 0.915509 0.775052 0.925926 0.796229 0.871914
0 0.789256 0.91821 0.796746 0.927855 0.818182 0.880401
0 0.808368 0.93287 0.816116 0.923225 0.790289 0.87963
0 0.826446 0.896991 0.825155 0.911651 0.865961 0.903549
0 0.829287 0.925926 0.838068 0.915509 0.800103 0.880401
0 0.837552 0.884645 0.844008 0.874614 0.874225 0.911265
0 0.826446 0.892361 0.822056 0.876543 0.871126 0.862269
0 0.875775 0.917438 0.885847 0.917438 0.887397 0.857639
0 0.832903 0.854552 0.827738 0.841821 0.869318 0.820602
0 0.831095 0.771605 0.843492 0.772377 0.83936 0.832562
0 0.834452 0.737654 0.836777 0.72338 0.866477 0.74267
0 0.918388 0.801312 0.919421 0.786265 0.881457 0.785108
0 0.936467 0.844907 0.925362 0.847994 0.91813 0.795525
0 0.935176 0.86304 0.926136 0.869213 0.911932 0.81713
0 0.934401 0.780478 0.927169 0.78588 0.915548 0.72338
0 0.93905 0.803241 0.931302 0.811343 0.911674 0.749228
0 0.884814 0.714892 0.896436 0.714892 0.891012 0.646991
0 0.926136 0.712577 0.922262 0.726466 0.879649 0.707948
0 0.940083 0.730324 0.93311 0.74537 0.903409 0.694444
0 0.922004 0.696373 0.933884 0.686728 0.907283 0.631559
0 0.931818 0.700231 0.923295 0.708719 0.902118 0.653164
0 0.915806 0.904707 0.905992 0.904707 0.911674 0.83912
0 0.892562 0.907407 0.903926 0.914352 0.920713 0.864198
0 0.891787 0.91358 0.903926 0.914352 0.899019 0.86034