0 0.514205 0.578704 0.520919 0.569444 0.540289 0.609568
0 0.560176 0.491898 0.566116 0.48341 0.590651 0.507716
0 0.668647 0.456404 0.676395 0.445602 0.63843 0.415895
0 0.447056 0.457562 0.445248 0.444059 0.403409 0.467207
0 0.402634 0.496142 0.39437 0.491127 0.381457 0.542438
0 0.369835 0.511188 0.365961 0.497685 0.338843 0.52662
0 0.360021 0.558642 0.358213 0.574846 0.325671 0.55787
0 0.333419 0.611497 0.327738 0.597994 0.367769 0.57716
0 0.430269 0.649306 0.431043 0.634645 0.393079 0.635031
0 0.353564 0.395833 0.355372 0.408179 0.318698 0.410108 0.352531 0.396219
0 0.682851 0.176698 0.692665 0.177469 0.688791 0.228781
0 0.653667 0.140046 0.662707 0.142747 0.666839 0.097608
0 0.683368 0.081404 0.688791 0.071759 0.718233 0.10841
0 0.712552 0.095679 0.719783 0.08912 0.697572 0.044753
0 0.696539 0.13696 0.692407 0.126543 0.710486 0.102238
0 0.68156 0.131173 0.683626 0.11767 0.718492 0.135031
0 0.76937 0.141204 0.777118 0.137346 0.783574 0.177469
0 0.73063 0.137346 0.741477 0.142747 0.752066 0.101466
0 0.734504 0.162037 0.740444 0.154321 0.761105 0.195216
0 0.712035 0.163966 0.704029 0.152392 0.73063 0.119599
0 0.699122 0.177469 0.69189 0.167824 0.719525 0.129244
0 0.683626 0.160494 0.691116 0.17284 0.712035 0.126543
0 0.751291 0.159336 0.753099 0.141204 0.704029 0.142747
0 0.723399 0.106481 0.731405 0.100694 0.713068 0.059799
0 0.753099 0.071759 0.758264 0.08912 0.72469 0.112269
0 0.773244 0.080247 0.766012 0.070602 0.741736 0.109182
0 0.804752 0.130401 0.8125 0.119599 0.833936 0.163194
0 0.835227 0.190972 0.846333 0.194059 0.839618 0.150463
0 0.84375 0.137346 0.854597 0.131559 0.855114 0.179784
0 0.868802 0.181713 0.87061 0.199074 0.83187 0.203704
0 0.870093 0.212191 0.875775 0.202546 0.848657 0.17284
0 0.861054 0.210262 0.848657 0.208333 0.845558 0.258873
0 0.87655 0.227623 0.870093 0.215278 0.847624 0.246914
0 0.827996 0.209491 0.838585 0.204861 0.8422 0.26929
0 0.873967 0.266204 0.870093 0.253858 0.838585 0.278935
0 0.87061 0.121528 0.861829 0.121528 0.862862 0.170139
0 0.837293 0.152392 0.826705 0.149691 0.830062 0.104552
0 0.818957 0.08912 0.824122 0.076389 0.845041 0.121528 0.819473 0.089892
0 0.81405 0.052083 0.825413 0.055941 0.812758 0.115741
0 0.837035 0.094522 0.846333 0.095679 0.840909 0.047454
0 0.870868 0.09838 0.870868 0.082176 0.84375 0.087963
0 0.851498 0.062114 0.859762 0.060957 0.860537 0.114969 0.850207 0.060185
0 0.865702 0.077546 0.869318 0.070602 0.855372 0.048225
0 0.827996 0.03125 0.832128 0.021219 0.858988 0.047454
0 0.804236 0.032022 0.803461 0.021219 0.774535 0.033179
0 0.809917 0.033179 0.806818 0.020448 0.779184 0.043596
0 0.737862 0.029321 0.740961 0.01659 0.779184 0.043596
0 0.698864 0.01196 0.705579 0.004244 0.730114 0.048611
0 0.679494 0.008873 0.686725 0.018519 0.65625 0.059028
0 0.613636 0.048225 0.622676 0.046682 0.619576 0.097608
0 0.635847 0.032793 0.633006 0.017747 0.599432 0.039738
0 0.597107 0.05054 0.59969 0.032793 0.561983 0.030093
0 0.592459 0.075617 0.59969 0.065586 0.580837 0.037037
0 0.585486 0.089892 0.591167 0.077546 0.559401 0.042438
0 0.58781 0.128472 0.590393 0.114969 0.557076 0.106096
0 0.836002 0.004244 0.824122 0.001929 0.825671 0.069444
0 0.812758 0.0 0.824122 0.001929 0.795713 0.021605
0 0.75 0.008102 0.744318 0.000386 0.724174 0.052469
0 0.7203 0.01929 0.718233 0.003858 0.744318 0.000386
0 0.751808 0.006944 0.75594 0.000386 0.779184 0.015432
0 0.681043 0.007716 0.674329 0.0 0.645403 0.017747
0 0.616477 0.004244 0.60718 0.003086 0.602789 0.037809
0 0.571023 0.005787 0.582128 0.001157 0.59969 0.032793
0 0.5297 0.067901 0.5297 0.048225 0.571023 0.058256
0 0.540806 0.002315 0.528667 0.0 0.511622 0.029321
0 0.520919 0.222222 0.51188 0.212577 0.54468 0.178627
0 0.480888 0.295139 0.472366 0.289352 0.485795 0.25463
0 0.821539 0.313657 0.83187 0.311728 0.837293 0.365741
0 0.832128 0.548997 0.840393 0.54784 0.839101 0.589506
0 0.864411 0.395448 0.855888 0.385802 0.840909 0.442901
0 0.850207 0.370756 0.860537 0.376157 0.863636 0.315586
0 0.874742 0.388117 0.877324 0.372685 0.844783 0.359182
0 0.87655 0.29321 0.87061 0.285494 0.850207 0.329861
0 0.518337 0.822917 0.512913 0.8125 0.542097 0.778549
0 0.546746 0.649306 0.542614 0.636574 0.509039 0.663966
0 0.698347 0.749614 0.70687 0.746914 0.70687 0.782407
0 0.731147 0.75463 0.738378 0.755401 0.731921 0.785108
0 0.753099 0.789352 0.763688 0.796682 0.740961 0.847222
0 0.768595 0.825617 0.776343 0.815972 0.797779 0.856867
0 0.696539 0.856481 0.693182 0.869213 0.649793 0.849923
0 0.79468 0.689043 0.786674 0.679398 0.766012 0.71875
0 0.811467 0.726466 0.815341 0.711806 0.778409 0.698302
0 0.85718 0.706404 0.852014 0.689815 0.811983 0.719907
0 0.861829 0.722608 0.874483 0.727623 0.871901 0.670525
0 0.885072 0.664738 0.876033 0.672454 0.86157 0.619599
0 0.854597 0.619213 0.847624 0.631173 0.870868 0.665509 0.855114 0.620756
0 0.83781 0.623071 0.847366 0.627315 0.846074 0.673611
0 0.864928 0.779707 0.875258 0.783179 0.874483 0.727623
0 0.853306 0.791281 0.847624 0.777778 0.875258 0.73534
0 0.821023 0.787423 0.83187 0.787037 0.821023 0.844136
0 0.833936 0.770833 0.83187 0.787037 0.866736 0.806713
0 0.856405 0.816358 0.860279 0.831404 0.815857 0.839506
0 0.865702 0.839506 0.870093 0.829861 0.834711 0.792052
0 0.876033 0.834491 0.864411 0.829861 0.875258 0.783179
0 0.878357 0.843364 0.870868 0.840278 0.878357 0.787423
0 0.864411 0.852623 0.870868 0.840278 0.835744 0.804784
0 0.578254 0.842207 0.576188 0.854938 0.53564 0.83912
0 0.590651 0.866512 0.591942 0.85108 0.549329 0.849923
0 0.586002 0.881559 0.588068 0.869985 0.549845 0.856867
0 0.534349 0.876929 0.541322 0.866127 0.50594 0.841435
0 0.472366 0.87963 0.461519 0.869985 0.489153 0.828704
0 0.488378 0.806713 0.487862 0.825617 0.4375 0.816358
0 0.448605 0.842207 0.440599 0.858796 0.402118 0.8125
0 0.429236 0.739969 0.425878 0.726466 0.395403 0.745756
0 0.347882 0.736883 0.348399 0.719522 0.392304 0.723765
0 0.34375 0.681327 0.354339 0.680941 0.345816 0.739969
0 0.391012 0.69946 0.394886 0.684799 0.356147 0.670525
0 0.446023 0.679398 0.444731 0.689043 0.415031 0.67554
0 0.435434 0.665509 0.449638 0.677083 0.458678 0.612654
0 0.346333 0.653935 0.343233 0.644676 0.307851 0.673225
0 0.350207 0.642361 0.341942 0.655093 0.31999 0.602238
0 0.295971 0.727623 0.301911 0.717593 0.275568 0.690972
0 0.269112 0.748843 0.269628 0.731481 0.31095 0.740741
0 0.33626 0.755401 0.325671 0.746914 0.310176 0.787037
0 0.299845 0.794753 0.307851 0.79321 0.300103 0.76196
0 0.294163 0.808642 0.294163 0.792824 0.259298 0.795139
0 0.318698 0.793981 0.310176 0.787037 0.293388 0.829475
0 0.356921 0.768133 0.350465 0.751543 0.31405 0.791281
0 0.367769 0.788966 0.361829 0.774691 0.329029 0.803627
0 0.340651 0.81983 0.330837 0.826775 0.350207 0.875
0 0.298554 0.831404 0.30501 0.815201 0.339876 0.843364
0 0.330837 0.888503 0.338068 0.875772 0.302686 0.846065
0 0.301136 0.876929 0.298037 0.862654 0.337552 0.850694
0 0.298037 0.847994 0.30062 0.866127 0.253616 0.866127
0 0.254132 0.886574 0.258006 0.873843 0.220041 0.854938
0 0.241736 0.833719 0.240702 0.816358 0.285124 0.824846
0 0.210227 0.845293 0.207128 0.830633 0.241736 0.826775
0 0.209452 0.871142 0.197314 0.87037 0.203254 0.803627
0 0.183884 0.885802 0.187758 0.868056 0.229081 0.869985
0 0.190857 0.873071 0.185692 0.885417 0.166322 0.853781
0 0.165031 0.878858 0.176136 0.87963 0.172779 0.820216
0 0.157283 0.876157 0.164256 0.868056 0.142562 0.827932
0 0.176653 0.843364 0.188791 0.840278 0.173295 0.788966
0 0.162965 0.829475 0.167614 0.817901 0.141787 0.79321
0 0.193957 0.793981 0.18905 0.777392 0.152893 0.804784
0 0.21281 0.8125 0.211002 0.79591 0.251033 0.792052
0 0.282541 0.775463 0.280733 0.760417 0.239928 0.775849
0 0.223657 0.778549 0.219267 0.768904 0.193957 0.793981
0 0.227789 0.766975 0.223657 0.752701 0.189566 0.782407
0 0.239153 0.763117 0.240702 0.748843 0.214618 0.751543
0 0.263688 0.748457 0.259298 0.73341 0.235537 0.755401
0 0.228822 0.727238 0.23218 0.714892 0.210744 0.700617
0 0.244318 0.729167 0.246901 0.71875 0.224948 0.707948
0 0.265754 0.73341 0.270403 0.717593 0.224948 0.70409
0 0.245093 0.734182 0.244318 0.744599 0.204287 0.73341
0 0.207645 0.743056 0.214618 0.751543 0.186209 0.778549
0 0.201705 0.73534 0.212293 0.744985 0.176653 0.775463
0 0.183884 0.748457 0.195506 0.744985 0.186983 0.69483 0.184143 0.746528
0 0.181302 0.700231 0.16813 0.70216 0.172262 0.63696
0 0.154184 0.701389 0.16374 0.690972 0.186983 0.745756
0 0.285124 0.66088 0.273502 0.652392 0.258781 0.694444
0 0.267045 0.658179 0.274277 0.649306 0.245093 0.62037
0 0.277893 0.631944 0.276601 0.647377 0.241736 0.635802
0 0.290806 0.616512 0.278151 0.626157 0.299845 0.676312 0.290806 0.616898
0 0.269112 0.615355 0.267562 0.627315 0.240444 0.613812
0 0.238636 0.633102 0.243027 0.618441 0.213585 0.615741
0 0.246901 0.675154 0.244318 0.662037 0.206353 0.694444
0 0.257231 0.657793 0.247159 0.654321 0.238636 0.701389
0 0.25155 0.647377 0.241736 0.640818 0.225207 0.693673
0 0.225723 0.658179 0.227789 0.64159 0.183626 0.637731
0 0.202996 0.659722 0.197314 0.646219 0.165031 0.671682
0 0.211002 0.606096 0.203771 0.597222 0.185176 0.636574
0 0.15031 0.648148 0.161674 0.643519 0.150826 0.590278
0 0.161157 0.615741 0.155992 0.600309 0.189566 0.584877
0 0.142562 0.70216 0.153926 0.696759 0.135847 0.640432
0 0.123709 0.604938 0.135847 0.599151 0.142562 0.658179
0 0.131457 0.696373 0.121126 0.696759 0.125517 0.651235
0 0.116477 0.723765 0.112862 0.707176 0.145661 0.698302
0 0.114669 0.744599 0.124483 0.745756 0.131457 0.696373
0 0.128874 0.753472 0.136622 0.759259 0.153409 0.711806
0 0.113378 0.779321 0.125775 0.783565 0.13094 0.726466
0 0.149019 0.782407 0.146952 0.766204 0.186467 0.758102
0 0.140496 0.768133 0.134814 0.75733 0.177428 0.736883
0 0.147727 0.797068 0.141012 0.779321 0.18001 0.741127
0 0.141271 0.815972 0.128874 0.814429 0.140496 0.756559
0 0.13843 0.874228 0.13094 0.863426 0.16064 0.820988
0 0.136105 0.884645 0.142562 0.876929 0.115186 0.834491
0 0.130165 0.83912 0.121901 0.846065 0.114153 0.802469
0 0.095816 0.630787 0.082386 0.635802 0.101756 0.690972
0 0.076705 0.668596 0.082903 0.658179 0.102531 0.687114
0 0.051911 0.666667 0.060434 0.681327 0.090651 0.640818
0 0.053202 0.608025 0.059917 0.601852 0.079804 0.640818
0 0.053461 0.597994 0.059143 0.589506 0.078512 0.634645
0 0.048295 0.684799 0.051395 0.670525 0.084194 0.695602
0 0.081095 0.75463 0.08936 0.758488 0.0922 0.702546
0 0.06689 0.751543 0.059917 0.73804 0.094525 0.716049
0 0.057851 0.722608 0.058626 0.707176 0.100981 0.711034
0 0.053461 0.700231 0.060434 0.687886 0.091426 0.743827
0 0.059659 0.779321 0.06095 0.766204 0.10124 0.744985
0 0.055785 0.798997 0.064308 0.808642 0.097366 0.751543
0 0.048295 0.75733 0.054494 0.746914 0.081095 0.792052
0 0.086777 0.823688 0.0922 0.810571 0.125775 0.842978
0 0.080579 0.813272 0.079029 0.794753 0.119835 0.792824
0 0.079804 0.826775 0.091426 0.822917 0.073347 0.769676
0 0.053461 0.819059 0.052686 0.805556 0.093233 0.792052
0 0.067407 0.854552 0.058368 0.844907 0.075413 0.79591
0 0.049329 0.829861 0.056043 0.8125 0.073864 0.85841
0 0.312758 0.570988 0.30062 0.570988 0.307076 0.625386
0 0.290806 0.575231 0.296229 0.590278 0.266271 0.615355
0 0.183626 0.57909 0.188791 0.569444 0.215909 0.606867
0 0.179752 0.571373 0.183884 0.55787 0.2172 0.592207
0 0.151343 0.572145 0.158058 0.579861 0.137138 0.606096
0 0.168905 0.564429 0.158058 0.55787 0.155992 0.600309
0 0.122934 0.596065 0.135331 0.594522 0.126808 0.549769
0 0.235537 0.553627 0.23657 0.537423 0.19938 0.547068
0 0.31095 0.555941 0.315341 0.542052 0.292355 0.527778
0 0.183626 0.536651 0.174587 0.522762 0.153409 0.55787
0 0.071539 0.57716 0.074638 0.568287 0.103048 0.590664
0 0.062242 0.575231 0.062242 0.561728 0.101756 0.572917
0 0.055269 0.582948 0.062242 0.575231 0.090909 0.61767 0.053977 0.585648
0 0.055269 0.55787 0.058626 0.566358 0.084969 0.536651
0 0.045713 0.564429 0.052686 0.550926 0.083161 0.60108
0 0.052169 0.517361 0.057335 0.505401 0.08936 0.548997
0 0.059143 0.541281 0.050878 0.530478 0.079804 0.488426
0 0.099174 0.520062 0.110795 0.515432 0.115961 0.574846
0 0.146178 0.554784 0.152634 0.540509 0.115444 0.510417
0 0.139205 0.525849 0.128874 0.516204 0.152118 0.476852
0 0.146436 0.469136 0.152118 0.484568 0.115186 0.502701
0 0.17407 0.517361 0.18001 0.50463 0.162965 0.489198
0 0.150052 0.500772 0.158574 0.503858 0.164256 0.459491
0 0.187758 0.5 0.197831 0.506559 0.203254 0.469907
0 0.212035 0.505401 0.204287 0.489969 0.177428 0.525849
0 0.229597 0.529707 0.227014 0.515046 0.194731 0.530864
0 0.21875 0.505787 0.227014 0.496914 0.208161 0.459105
0 0.241994 0.534336 0.247159 0.521219 0.217459 0.5
0 0.271694 0.512346 0.280475 0.505401 0.261105 0.466821
0 0.313533 0.482253 0.307851 0.470679 0.280733 0.499614
0 0.283316 0.436343 0.290806 0.429398 0.309143 0.474923
0 0.243027 0.390046 0.252324 0.398534 0.23218 0.437886
0 0.228306 0.424383 0.234762 0.413194 0.212293 0.397762
0 0.205062 0.397377 0.217459 0.397377 0.208936 0.346451
0 0.191632 0.376543 0.201705 0.387731 0.177169 0.427469
0 0.181818 0.432485 0.18001 0.44483 0.155475 0.432099
0 0.199122 0.418981 0.187758 0.413194 0.185176 0.46142
0 0.205579 0.455247 0.213585 0.445602 0.195248 0.40162
0 0.234762 0.459491 0.240444 0.445988 0.20687 0.432485
0 0.236054 0.476466 0.239153 0.463349 0.218492 0.455633
0 0.248967 0.484182 0.258523 0.478781 0.243802 0.439043
0 0.258523 0.493056 0.250258 0.500772 0.23812 0.453318
0 0.260589 0.501929 0.247676 0.50463 0.234762 0.464892
0 0.059659 0.46142 0.057076 0.44483 0.08626 0.445988
0 0.062242 0.40625 0.074638 0.407407 0.076705 0.357253
0 0.078512 0.343364 0.072572 0.354938 0.104339 0.381173
0 0.075155 0.32909 0.080579 0.340664 0.106405 0.309028
0 0.094525 0.337963 0.100981 0.353009 0.127583 0.325231
0 0.102273 0.366898 0.094783 0.350309 0.128874 0.32716
0 0.110795 0.397377 0.123192 0.393519 0.125775 0.447531
0 0.107438 0.465278 0.103048 0.450617 0.135331 0.452546
0 0.103564 0.469136 0.104855 0.453704 0.143595 0.469907
0 0.087035 0.474537 0.0922 0.488426 0.125517 0.455247 0.085744 0.472608
0 0.08187 0.484568 0.093233 0.491898 0.106405 0.440201
0 0.136105 0.434028 0.127066 0.418596 0.155475 0.400463
0 0.150052 0.381173 0.161157 0.38233 0.151601 0.438272
0 0.172262 0.38966 0.181818 0.395833 0.166322 0.434414
0 0.298037 0.393904 0.296746 0.376543 0.259298 0.387731
0 0.26782 0.377315 0.259298 0.387731 0.246384 0.349537
0 0.253357 0.338735 0.248967 0.354938 0.225207 0.327932
0 0.228822 0.319444 0.224948 0.336034 0.196023 0.310571
0 0.268853 0.346451 0.277376 0.345293 0.27686 0.385802
0 0.280733 0.331019 0.28125 0.345293 0.254907 0.341435
0 0.304494 0.354167 0.307593 0.338735 0.274277 0.32446
0 0.33936 0.355324 0.349174 0.35108 0.328512 0.312886
0 0.132748 0.374228 0.14437 0.377315 0.142562 0.332948
0 0.165548 0.336806 0.155475 0.328318 0.146952 0.373457
0 0.190341 0.36767 0.181818 0.375386 0.165548 0.336806
0 0.162448 0.374614 0.174587 0.380401 0.183626 0.320602
0 0.447056 0.30787 0.438791 0.299383 0.420713 0.339892
0 0.36312 0.320602 0.351756 0.320602 0.358213 0.275077
0 0.377324 0.260802 0.373709 0.243056 0.336002 0.26466
0 0.397469 0.225694 0.39282 0.21142 0.362603 0.24537
0 0.395661 0.19213 0.406508 0.190201 0.409607 0.246142
0 0.439308 0.220293 0.450413 0.213349 0.429752 0.172068
0 0.436209 0.17091 0.435692 0.156636 0.399277 0.16821
0 0.497417 0.125386 0.499483 0.109954 0.460227 0.11304
0 0.472366 0.064815 0.461519 0.062886 0.4672 0.114969
0 0.40186 0.11767 0.400052 0.100694 0.365186 0.120756
0 0.381198 0.138889 0.371643 0.131173 0.352273 0.185571
0 0.31405 0.126543 0.316116 0.109954 0.358213 0.123457
0 0.333678 0.173997 0.33936 0.162037 0.312758 0.141975
0 0.295971 0.173997 0.295455 0.158179 0.332386 0.163966
0 0.280475 0.197917 0.293388 0.195216 0.283833 0.146991
0 0.266271 0.212191 0.265754 0.199074 0.297262 0.202546
0 0.30501 0.241512 0.304752 0.240741 0.304494 0.22608 0.342459 0.227623
0 0.286932 0.251929 0.298037 0.255015 0.303977 0.208719
0 0.308884 0.255015 0.298037 0.255015 0.298037 0.298997
0 0.320506 0.299383 0.315599 0.285494 0.288223 0.313657
0 0.254907 0.320602 0.267562 0.332176 0.289514 0.278164
0 0.292355 0.261574 0.289514 0.278164 0.24845 0.260802
0 0.258781 0.253086 0.25594 0.237269 0.292355 0.222222
0 0.240444 0.241127 0.25155 0.242284 0.243285 0.195216
0 0.241736 0.264275 0.235537 0.250772 0.214618 0.289738
0 0.265754 0.158565 0.259814 0.148534 0.23657 0.185571
0 0.274019 0.160108 0.276601 0.142747 0.237862 0.145062
0 0.227014 0.127315 0.216684 0.128472 0.22624 0.187114
0 0.210227 0.150463 0.214876 0.139275 0.190857 0.125772
0 0.196798 0.141204 0.207645 0.150849 0.18001 0.197917
0 0.164256 0.216435 0.159349 0.199074 0.200413 0.176698
0 0.16064 0.182485 0.147727 0.17554 0.170196 0.120756
0 0.177944 0.124614 0.177944 0.124614 0.181043 0.109182 0.223657 0.125386
0 0.186983 0.082176 0.191632 0.095679 0.161932 0.113812
0 0.224948 0.082176 0.218492 0.071373 0.192665 0.104167
0 0.240702 0.071759 0.228306 0.073302 0.233471 0.138117 0.240702 0.072145
0 0.194215 0.214506 0.194731 0.201003 0.235279 0.213349
0 0.225723 0.221065 0.222624 0.204475 0.183884 0.243441
0 0.2172 0.234568 0.212035 0.222222 0.189566 0.25463
0 0.222366 0.253858 0.213585 0.248071 0.198089 0.290509
0 0.22624 0.244985 0.221074 0.228781 0.192665 0.266204
0 0.18001 0.272377 0.18905 0.258488 0.158574 0.215278
0 0.175878 0.229938 0.175878 0.229938 0.186983 0.241512 0.208419 0.187114
0 0.307851 0.089892 0.311467 0.073688 0.274793 0.059799
0 0.328512 0.073688 0.336777 0.062114 0.365186 0.116127
0 0.362087 0.102623 0.358729 0.087963 0.383781 0.081404
0 0.414773 0.090664 0.41374 0.073688 0.372159 0.084877
0 0.144886 0.328318 0.155475 0.328318 0.146178 0.279707
0 0.124483 0.3125 0.137138 0.314815 0.143079 0.268133
0 0.179236 0.296296 0.190857 0.280093 0.152893 0.244213
0 0.149535 0.248843 0.155992 0.238426 0.127583 0.209491
0 0.129649 0.243441 0.134039 0.228781 0.10124 0.216435
0 0.110795 0.268519 0.11157 0.251157 0.155217 0.263503
0 0.09969 0.259645 0.096591 0.241512 0.139205 0.247299
0 0.063791 0.282793 0.063533 0.270448 0.104339 0.275849
0 0.057851 0.277006 0.066374 0.283565 0.068698 0.229552
0 0.05656 0.314815 0.049587 0.301312 0.082386 0.266204
0 0.057335 0.251157 0.058368 0.240355 0.091942 0.253858
0 0.051911 0.217207 0.057335 0.203704 0.091942 0.253858
0 0.068957 0.213349 0.061209 0.200617 0.097882 0.167052
0 0.495093 0.071759 0.500775 0.058256 0.473657 0.029321
0 0.466426 0.043596 0.456095 0.041667 0.455062 0.084877
0 0.445248 0.08912 0.431043 0.092978 0.433626 0.051312
0 0.448605 0.052469 0.447314 0.036651 0.405733 0.052469
0 0.4703 0.035108 0.469783 0.017361 0.425878 0.024306
0 0.463843 0.010802 0.46126 0.001157 0.428461 0.015818
0 0.392304 0.030864 0.389205 0.018519 0.356921 0.043596
0 0.352273 0.077546 0.347107 0.065586 0.376291 0.053241
0 0.391012 0.063657 0.395661 0.069444 0.416064 0.033179
0 0.386364 0.065972 0.386364 0.065972 0.39437 0.075617 0.423812 0.048611
0 0.396694 0.046682 0.396178 0.062114 0.362603 0.049383
0 0.318698 0.079475 0.324638 0.062114 0.283833 0.040895
0 0.292097 0.018519 0.301911 0.006173 0.331095 0.064043
0 0.263946 0.020448 0.253357 0.027392 0.269112 0.07446
0 0.244318 0.028935 0.254132 0.032793 0.244576 0.069444
0 0.229081 0.06983 0.238636 0.071759 0.236829 0.01466
0 0.225723 0.076389 0.230372 0.059028 0.189566 0.057099
0 0.383264 0.003086 0.391012 0.0 0.412965 0.03125
0 0.293388 0.002315 0.284349 0.0 0.267562 0.026235
0 0.278151 0.002315 0.26782 0.0 0.243027 0.025077
0 0.174587 0.025463 0.161674 0.028935 0.16813 0.086806
0 0.16374 0.065972 0.159349 0.049383 0.130165 0.07909
0 0.14437 0.116127 0.136105 0.102238 0.161157 0.071373
0 0.139721 0.116898 0.12939 0.114198 0.125775 0.173997
0 0.119835 0.143133 0.130682 0.143133 0.125 0.104167
0 0.158058 0.01929 0.162965 0.033179 0.132748 0.054012
0 0.113895 0.052083 0.123709 0.044367 0.134556 0.099537
0 0.102273 0.078318 0.104855 0.061728 0.13843 0.07716
0 0.085486 0.078318 0.094525 0.067901 0.113378 0.114969
0 0.118543 0.036651 0.128099 0.028164 0.141012 0.082948