0 0.271436 0.202546 0.278151 0.19213 0.30062 0.229552
0 0.30062 0.212577 0.300103 0.193287 0.346333 0.202546
0 0.31095 0.25463 0.316116 0.271219 0.356921 0.233796
0 0.367252 0.19483 0.364411 0.181327 0.39876 0.16821
0 0.34375 0.171682 0.342459 0.15625 0.386622 0.150463
0 0.380165 0.096836 0.371126 0.091821 0.358729 0.143133
0 0.269112 0.160108 0.263171 0.144676 0.299845 0.124614
0 0.296746 0.100694 0.292872 0.115741 0.254907 0.081404
0 0.224948 0.113812 0.233988 0.105324 0.250775 0.15625
0 0.204287 0.197917 0.204287 0.179784 0.244576 0.189043
0 0.150052 0.199074 0.149535 0.1875 0.181043 0.184414
0 0.121643 0.203704 0.129649 0.195216 0.148244 0.252701
0 0.118027 0.239583 0.126808 0.236497 0.132231 0.291281
0 0.125 0.161265 0.125517 0.145062 0.169421 0.159336
0 0.141271 0.129244 0.137138 0.111111 0.184401 0.094907
0 0.134556 0.145062 0.121643 0.136188 0.145661 0.089892
0 0.121126 0.122685 0.128099 0.133488 0.141271 0.088735
0 0.202996 0.071759 0.19344 0.065972 0.180527 0.114198
0 0.178719 0.082176 0.190083 0.084877 0.194731 0.034722
0 0.298812 0.071373 0.301136 0.060185 0.337293 0.068673
0 0.423812 0.210648 0.414773 0.197145 0.452221 0.154707
0 0.393595 0.280864 0.391529 0.26466 0.436209 0.26466
0 0.410899 0.334877 0.412965 0.318673 0.373709 0.310571
0 0.258006 0.323302 0.265238 0.3125 0.23218 0.280864
0 0.477014 0.118056 0.47624 0.100694 0.439308 0.11034
0 0.459969 0.158179 0.458678 0.142747 0.488636 0.143133
0 0.494318 0.152392 0.484762 0.152778 0.492252 0.208333
0 0.509298 0.135417 0.506715 0.11767 0.545971 0.116898
0 0.53125 0.239583 0.525826 0.224923 0.488636 0.248843
0 0.512913 0.210262 0.521436 0.224151 0.545971 0.185571
0 0.477531 0.082948 0.483213 0.067901 0.519628 0.104552
0 0.504132 0.033179 0.491219 0.040895 0.517045 0.092593
0 0.479339 0.03125 0.472882 0.03858 0.504132 0.076389
0 0.468492 0.036651 0.475465 0.045525 0.444731 0.069444
0 0.453512 0.040509 0.458936 0.027392 0.490444 0.060957
0 0.438275 0.042824 0.445764 0.032022 0.476756 0.079475
0 0.385847 0.032793 0.394112 0.027392 0.409607 0.067901 0.38688 0.034336
0 0.352789 0.037037 0.361829 0.028164 0.390496 0.078318
0 0.332903 0.036651 0.339876 0.027006 0.36312 0.067901
0 0.31689 0.03588 0.325671 0.029321 0.345816 0.075617
0 0.311725 0.025077 0.30501 0.030093 0.323347 0.071759
0 0.292872 0.029321 0.30062 0.027392 0.313017 0.077546
0 0.265754 0.042824 0.272727 0.033951 0.305785 0.083333
0 0.254649 0.03858 0.262397 0.028935 0.281767 0.072531 0.252841 0.03588
0 0.26782 0.03125 0.272727 0.019676 0.309659 0.060957
0 0.221849 0.036651 0.229081 0.027392 0.253357 0.082176
0 0.228306 0.01929 0.221849 0.030864 0.264979 0.056327
0 0.61906 0.149691 0.616219 0.135031 0.656508 0.133488
0 0.56999 0.152778 0.567149 0.138117 0.604597 0.128472
0 0.551911 0.138889 0.545196 0.125772 0.522211 0.17091
0 0.518079 0.040509 0.527893 0.029321 0.552944 0.077546
0 0.547779 0.033951 0.547779 0.033951 0.537707 0.044753 0.573605 0.082176
0 0.582903 0.042824 0.58032 0.053241 0.622159 0.057099
0 0.567407 0.042824 0.575671 0.032793 0.596849 0.070602
0 0.600981 0.109954 0.603564 0.089892 0.649277 0.123843
0 0.618802 0.081404 0.620351 0.06983 0.656508 0.08912
0 0.642304 0.063657 0.647469 0.048611 0.678461 0.082948
0 0.635072 0.042438 0.644628 0.046682 0.628616 0.090664
0 0.633781 0.165123 0.633264 0.149691 0.666581 0.150463
0 0.610537 0.183256 0.606663 0.165895 0.638946 0.160494
0 0.671746 0.140046 0.671229 0.123843 0.709452 0.123843
0 0.778409 0.116127 0.774535 0.09838 0.731405 0.125386
0 0.717717 0.141975 0.720816 0.126543 0.753099 0.140818
0 0.707903 0.164352 0.700413 0.150463 0.725465 0.123843
0 0.702738 0.187114 0.697831 0.173611 0.726756 0.156636
0 0.742252 0.183642 0.735795 0.172068 0.766012 0.142747
0 0.700413 0.196759 0.701446 0.207562 0.737862 0.191358
0 0.715134 0.221065 0.708161 0.208333 0.67562 0.258488
0 0.673037 0.17091 0.660899 0.173611 0.668647 0.231481
0 0.635589 0.193287 0.631973 0.174769 0.674587 0.163966
0 0.666581 0.247299 0.668647 0.231481 0.626033 0.23071
0 0.583936 0.238426 0.580062 0.222222 0.61906 0.208719
0 0.564824 0.240355 0.554236 0.235725 0.573864 0.19483
0 0.542097 0.267361 0.552944 0.256559 0.569731 0.301312
0 0.571798 0.278935 0.562242 0.278935 0.573864 0.237269
0 0.581612 0.271991 0.577479 0.256559 0.612345 0.237654
0 0.590393 0.309799 0.581612 0.299383 0.606663 0.262346
0 0.607955 0.309799 0.602014 0.297068 0.634298 0.26659
0 0.698864 0.30517 0.697831 0.289738 0.73657 0.297068
0 0.694473 0.334877 0.682076 0.332176 0.691116 0.280864
0 0.77531 0.311728 0.768595 0.297454 0.738378 0.335648
0 0.808626 0.237269 0.797004 0.234568 0.792097 0.300926
0 0.783058 0.224923 0.772469 0.227623 0.787965 0.270448
0 0.738895 0.242284 0.731147 0.228781 0.753874 0.205633
0 0.738378 0.204475 0.743543 0.216049 0.766012 0.174769
0 0.801136 0.210262 0.798554 0.193287 0.758264 0.201775
0 0.793388 0.187114 0.802428 0.197145 0.817924 0.157407
0 0.819215 0.197145 0.806043 0.201775 0.821539 0.258488
0 0.847366 0.167052 0.836002 0.16821 0.838326 0.221836
0 0.826705 0.139275 0.836002 0.143133 0.823605 0.19483
0 0.855372 0.096451 0.845041 0.096451 0.851498 0.15162
0 0.698347 0.060185 0.690083 0.064043 0.712035 0.113812
0 0.676911 0.064043 0.684917 0.054398 0.70687 0.107253
0 0.720816 0.043596 0.71126 0.053241 0.746126 0.095679
0 0.696539 0.042438 0.690083 0.055941 0.731405 0.079475
0 0.676395 0.040509 0.673812 0.055941 0.724948 0.07446
0 0.764205 0.052083 0.75594 0.058256 0.785382 0.102623
0 0.742769 0.044753 0.737087 0.05517 0.769886 0.086806
0 0.73063 0.057099 0.738378 0.050154 0.755165 0.109182
0 0.790031 0.087963 0.789514 0.073302 0.822831 0.086806
0 0.787448 0.052083 0.778926 0.056327 0.797779 0.094907
0 0.77531 0.046296 0.766271 0.052083 0.792614 0.095679
0 0.886364 0.152392 0.875775 0.148534 0.869318 0.206404
0 0.881715 0.134259 0.872676 0.130401 0.870868 0.177469
0 0.864411 0.114198 0.852789 0.116898 0.866736 0.174769
0 0.885589 0.128472 0.882231 0.114969 0.859246 0.127701
0 0.902893 0.184414 0.895145 0.176698 0.878357 0.210648
0 0.891529 0.231481 0.885589 0.217207 0.853822 0.253858
0 0.926911 0.197917 0.919163 0.185185 0.895403 0.234568
0 0.922262 0.161265 0.913223 0.154707 0.901601 0.200617
0 0.907541 0.25 0.913998 0.260417 0.895145 0.296296
0 0.926136 0.244213 0.919163 0.237269 0.896694 0.280864
0 0.915289 0.228781 0.904959 0.223765 0.895403 0.275849
0 0.917097 0.270448 0.919938 0.283565 0.895403 0.306713
0 0.72624 0.488426 0.739153 0.480324 0.75 0.532793
0 0.688017 0.444059 0.697572 0.440972 0.697056 0.498071
0 0.671229 0.419753 0.681043 0.417824 0.670713 0.359182
0 0.699122 0.374614 0.709969 0.366898 0.684143 0.328318
0 0.633006 0.386188 0.640238 0.373457 0.608729 0.347222
0 0.58032 0.353009 0.581353 0.335648 0.626808 0.354938
0 0.63249 0.437114 0.622934 0.43017 0.645919 0.393519
0 0.790806 0.318673 0.795971 0.329861 0.762913 0.358025
0 0.789514 0.510417 0.797779 0.499614 0.766271 0.465278
0 0.759814 0.489969 0.768853 0.484182 0.780217 0.536265
0 0.808884 0.532793 0.803461 0.521991 0.825671 0.500772
0 0.856663 0.477623 0.846849 0.471065 0.832128 0.536651
0 0.874742 0.383873 0.866219 0.376543 0.853822 0.42554
0 0.887655 0.305941 0.877841 0.299383 0.86312 0.352238
0 0.906767 0.36304 0.895145 0.361883 0.890754 0.424383
0 0.926395 0.390818 0.925103 0.376157 0.889463 0.391975
0 0.922521 0.458333 0.917872 0.471065 0.883006 0.432099
0 0.90186 0.491127 0.90625 0.474923 0.86312 0.462963
0 0.884298 0.505401 0.891529 0.515046 0.865444 0.552855
0 0.918647 0.514275 0.928719 0.509645 0.911932 0.464892
0 0.905733 0.302855 0.909607 0.312886 0.884814 0.339892
0 0.926911 0.349151 0.923554 0.337963 0.901085 0.363812
0 0.923812 0.326389 0.918647 0.316358 0.890754 0.358025
0 0.93001 0.290509 0.919163 0.279707 0.902893 0.334105
0 0.580837 0.309799 0.571281 0.304784 0.558884 0.361111
0 0.551911 0.345679 0.551653 0.327932 0.518079 0.331019
0 0.694473 0.769676 0.697831 0.756173 0.727531 0.770062
0 0.641529 0.58642 0.645919 0.572145 0.679494 0.599151
0 0.770145 0.722608 0.763688 0.706404 0.801653 0.677469
0 0.839618 0.652392 0.834711 0.638889 0.802428 0.680941
0 0.841167 0.623457 0.834711 0.609954 0.805527 0.655093
0 0.864153 0.615741 0.87345 0.61767 0.862345 0.669753
0 0.863636 0.685957 0.864928 0.702546 0.823089 0.706404
0 0.882231 0.642747 0.889463 0.655093 0.856663 0.689043
0 0.896694 0.637731 0.888688 0.648534 0.870093 0.592207
0 0.923812 0.546296 0.91968 0.536265 0.889979 0.561343
0 0.928977 0.525077 0.92562 0.540509 0.891529 0.515046
0 0.917872 0.570988 0.924329 0.576003 0.904184 0.626929
0 0.928719 0.585648 0.927428 0.56713 0.879907 0.592207
0 0.887655 0.723765 0.885072 0.704475 0.84375 0.724537
0 0.811209 0.77392 0.819731 0.765046 0.836002 0.808642
0 0.819731 0.808256 0.821023 0.792052 0.789256 0.790895
0 0.866219 0.789352 0.857955 0.77662 0.8422 0.806327
0 0.389463 0.466435 0.399793 0.463735 0.395919 0.523534
0 0.376033 0.47608 0.380424 0.458719 0.344267 0.45216
0 0.376033 0.572531 0.369576 0.556327 0.333419 0.597608
0 0.376033 0.572531 0.369576 0.556327 0.333419 0.597608
0 0.424329 0.699074 0.423812 0.680556 0.465651 0.685571
0 0.424329 0.699074 0.423812 0.680556 0.465651 0.685571
0 0.369576 0.724151 0.379132 0.71142 0.34814 0.672068
0 0.297262 0.724923 0.28564 0.735725 0.264979 0.684414
0 0.341684 0.365355 0.344267 0.37963 0.388946 0.361497
0 0.495351 0.352623 0.497934 0.338349 0.533574 0.350694
0 0.238378 0.373071 0.248709 0.363426 0.223657 0.321759
0 0.227531 0.665123 0.221074 0.65162 0.194473 0.694059
0 0.214618 0.579475 0.202221 0.579475 0.210744 0.546682
0 0.183626 0.549383 0.199122 0.55054 0.190599 0.489583
0 0.181043 0.539738 0.183626 0.522377 0.137655 0.510031
0 0.117769 0.572531 0.12939 0.573688 0.126808 0.517747
0 0.137655 0.466435 0.128099 0.45409 0.153926 0.414352
0 0.186209 0.383488 0.195764 0.369985 0.162965 0.321759
0 0.208678 0.497299 0.195764 0.500386 0.196539 0.439429
0 0.115186 0.620756 0.107438 0.609182 0.139721 0.571759
0 0.130682 0.679784 0.124742 0.67284 0.139721 0.641975
0 0.309401 0.90162 0.324897 0.897762 0.301136 0.82446
0 0.252583 0.849537 0.240961 0.859182 0.221591 0.800154
0 0.212552 0.852238 0.215134 0.836806 0.248709 0.864969 0.21126 0.856096
0 0.201705 0.872685 0.201705 0.872685 0.202996 0.858025 0.244835 0.877315
0 0.226756 0.890818 0.221074 0.905478 0.176395 0.873457
0 0.178461 0.861883 0.186725 0.874614 0.215909 0.822531
0 0.098915 0.782022 0.111829 0.774306 0.116477 0.840664
0 0.112603 0.753858 0.103564 0.76929 0.14282 0.811728
0 0.12345 0.866898 0.127324 0.883102 0.166839 0.853395
0 0.112603 0.875386 0.115702 0.891975 0.16219 0.880401
0 0.404442 0.904321 0.417355 0.894676 0.388946 0.841821
0 0.375258 0.822531 0.381198 0.804012 0.344267 0.786651
0 0.405733 0.805941 0.416581 0.798225 0.394628 0.746142
0 0.503099 0.792438 0.498709 0.777006 0.465651 0.80517
0 0.439824 0.899691 0.447572 0.915123 0.486312 0.879244
0 0.576188 0.912037 0.588326 0.912037 0.583161 0.855324
0 0.656767 0.912037 0.667097 0.911265 0.657541 0.857253
0 0.686467 0.912037 0.696798 0.915123 0.698089 0.859182
0 0.727789 0.909336 0.735021 0.924769 0.768595 0.88696
0 0.782025 0.804012 0.784091 0.82446 0.735537 0.826389
0 0.820248 0.819444 0.818957 0.837963 0.784091 0.82446
0 0.837035 0.834877 0.822056 0.839892 0.825413 0.786651
0 0.829287 0.845679 0.828512 0.863812 0.780217 0.856096
0 0.75749 0.907407 0.764721 0.918981 0.786674 0.871528
0 0.769886 0.92554 0.763946 0.912037 0.78719 0.891975
0 0.780217 0.911265 0.788481 0.913966 0.795713 0.863812
0 0.78719 0.92091 0.780217 0.911265 0.803977 0.898534
0 0.811209 0.913194 0.799587 0.913966 0.807335 0.863812
0 0.81689 0.898534 0.826705 0.894676 0.822056 0.859182
0 0.824122 0.915123 0.835744 0.911265 0.825413 0.86304
0 0.865444 0.842593 0.873709 0.837963 0.847882 0.803241
0 0.867252 0.850309 0.864153 0.832176 0.828512 0.863812
0 0.880165 0.846451 0.87061 0.84838 0.862087 0.796296
0 0.883523 0.859182 0.880165 0.846451 0.846591 0.885031
0 0.886622 0.840664 0.895661 0.832948 0.868027 0.797454
0 0.856921 0.88696 0.869318 0.884259 0.849948 0.821373
0 0.85563 0.921682 0.847882 0.909336 0.871126 0.86767
0 0.844008 0.917824 0.846591 0.919753 0.859504 0.910108 0.838326 0.844522
0 0.932593 0.672068 0.92407 0.664352 0.906767 0.713349
0 0.912448 0.660494 0.926136 0.668981 0.907283 0.707562
0 0.915031 0.622685 0.917614 0.633488 0.888688 0.648534
0 0.924845 0.643133 0.914514 0.631559 0.895145 0.6875
0 0.92407 0.656636 0.925362 0.636188 0.889463 0.655093
0 0.920196 0.607253 0.927944 0.621914 0.903409 0.65162
0 0.915806 0.736497 0.909349 0.724151 0.878357 0.76929
0 0.916322 0.717207 0.918905 0.732639 0.868543 0.735725
0 0.91374 0.756944 0.903409 0.749228 0.887397 0.787809
0 0.925362 0.742284 0.91968 0.728781 0.893853 0.76929
0 0.91374 0.780093 0.907283 0.765432 0.889205 0.803241
0 0.925362 0.76659 0.927428 0.775077 0.889205 0.803241
0 0.924845 0.755015 0.929236 0.76929 0.886622 0.792438
0 0.904442 0.119985 0.907541 0.131559 0.888946 0.155478
0 0.918388 0.125386 0.908574 0.11767 0.884814 0.140046
0 0.922521 0.134645 0.914256 0.126157 0.892045 0.173997
0 0.921488 0.116898 0.924587 0.099537 0.885847 0.094907
0 0.857955 0.086034 0.865702 0.07716 0.882231 0.114969 0.858213 0.086806
0 0.805785 0.065586 0.801653 0.073688 0.831612 0.101852
0 0.807851 0.055556 0.805785 0.065586 0.832128 0.086034
0 0.801653 0.059414 0.811467 0.050154 0.83626 0.086034
0 0.793905 0.050926 0.78874 0.0625 0.822314 0.096451
0 0.817149 0.050926 0.827996 0.049383 0.834194 0.084877
0 0.83781 0.04784 0.827479 0.055556 0.851756 0.092207
0 0.868285 0.072531 0.873967 0.058642 0.894112 0.096451
0 0.847107 0.064815 0.850723 0.054012 0.879132 0.091821
0 0.914256 0.074846 0.905992 0.076389 0.91064 0.10841
0 0.905992 0.068673 0.898244 0.070988 0.904959 0.109182
0 0.887397 0.067515 0.897211 0.06713 0.90186 0.114583
0 0.866736 0.050154 0.865702 0.070216 0.896694 0.081019
0 0.894628 0.917438 0.897727 0.905093 0.862087 0.902778
0 0.885847 0.896605 0.879132 0.882716 0.857438 0.906636
0 0.889979 0.890432 0.879132 0.882716 0.886622 0.840664
0 0.896178 0.901235 0.896178 0.888117 0.86312 0.873457
0 0.911157 0.893519 0.909607 0.883488 0.877583 0.890432
0 0.905475 0.910494 0.915289 0.905093 0.889463 0.85108
0 0.921488 0.891975 0.919938 0.901235 0.884298 0.902006
0 0.917872 0.888117 0.908574 0.891204 0.899277 0.840278
0 0.921488 0.871914 0.920971 0.884259 0.879132 0.882716
0 0.923554 0.866512 0.919938 0.852623 0.87655 0.873457
0 0.916322 0.793981 0.920455 0.805556 0.889463 0.837191
0 0.929236 0.820216 0.927169 0.80787 0.893595 0.824846
0 0.926136 0.79784 0.929752 0.809414 0.885847 0.8125
0 0.928719 0.793981 0.926653 0.780093 0.893595 0.802469
0 0.925103 0.843364 0.917355 0.844136 0.912707 0.810957
0 0.923554 0.827932 0.923037 0.837963 0.892562 0.837191
0 0.928202 0.837963 0.923554 0.827932 0.888946 0.854938
0 0.927686 0.847994 0.923037 0.861883 0.904442 0.837191