0 0.397727 0.578704 0.405992 0.574846 0.391012 0.531636
0 0.448864 0.613812 0.45093 0.600309 0.417355 0.596836
0 0.584194 0.677855 0.582128 0.658951 0.538223 0.679398
0 0.71281 0.56713 0.706612 0.581404 0.679236 0.550926
0 0.528409 0.365741 0.538223 0.367284 0.530475 0.420525
0 0.496901 0.343364 0.504649 0.35108 0.482438 0.388889
0 0.592459 0.331019 0.588843 0.346451 0.556818 0.327932
0 0.411674 0.263117 0.41374 0.26929 0.38843 0.280093
0 0.424587 0.218364 0.417872 0.227623 0.39876 0.181327
0 0.425103 0.201389 0.413223 0.200617 0.424587 0.148148
0 0.452479 0.180556 0.453512 0.166667 0.491736 0.165123
0 0.429236 0.180556 0.428202 0.16358 0.469525 0.157407
0 0.428719 0.149691 0.421488 0.135802 0.45093 0.101466
0 0.398244 0.131173 0.392304 0.119599 0.367769 0.162809
0 0.373967 0.118056 0.377066 0.103781 0.421488 0.12037 0.373967 0.121914
0 0.390496 0.079861 0.391012 0.09838 0.350207 0.104938
0 0.338326 0.095293 0.345558 0.102238 0.32438 0.136574
0 0.398244 0.048225 0.400826 0.033565 0.434401 0.061343
0 0.36157 0.050926 0.366736 0.035108 0.396694 0.061343
0 0.333678 0.053627 0.338326 0.039738 0.371901 0.065972
0 0.460227 0.044753 0.466942 0.033565 0.491219 0.062886
0 0.503099 0.112654 0.507231 0.100309 0.529959 0.122685
0 0.50155 0.067515 0.495351 0.05517 0.520145 0.052855
0 0.52376 0.036651 0.517562 0.048997 0.553202 0.075231
0 0.534607 0.040509 0.543388 0.035108 0.565599 0.069059
0 0.551653 0.151235 0.547004 0.135802 0.580579 0.121142
0 0.551653 0.184414 0.553202 0.164352 0.594008 0.188272
0 0.643595 0.164352 0.641012 0.145833 0.594008 0.155864
0 0.682851 0.164352 0.688533 0.148148 0.652893 0.131173
0 0.739153 0.164352 0.732955 0.152778 0.705062 0.183642
0 0.669421 0.3125 0.682335 0.305556 0.693182 0.361883
0 0.742769 0.357253 0.749483 0.353395 0.739153 0.324074
0 0.622934 0.073688 0.625 0.086806 0.582645 0.100309
0 0.584194 0.083719 0.578512 0.065972 0.631198 0.062114
0 0.575413 0.040509 0.583678 0.02662 0.614669 0.069059
0 0.596074 0.033565 0.602789 0.023534 0.620868 0.065201
0 0.611054 0.021219 0.601756 0.032022 0.627066 0.065972
0 0.636364 0.038194 0.642562 0.02662 0.677169 0.062886
0 0.691632 0.078318 0.693182 0.092207 0.656508 0.096065
0 0.684917 0.040509 0.692665 0.025849 0.725723 0.069059
0 0.704545 0.063272 0.703512 0.075231 0.739669 0.069444
0 0.71281 0.083719 0.703512 0.075231 0.692665 0.118827
0 0.735537 0.090664 0.731405 0.07909 0.708678 0.101466
0 0.718492 0.032793 0.717459 0.048225 0.756198 0.049769
0 0.764463 0.043596 0.754132 0.038966 0.759298 0.082948
0 0.778409 0.138117 0.772211 0.151235 0.740702 0.121142
0 0.793388 0.153549 0.786157 0.164352 0.757231 0.13966
0 0.782025 0.167438 0.790289 0.17284 0.771694 0.209105
0 0.809917 0.233025 0.79907 0.23534 0.792355 0.189043
0 0.776343 0.078318 0.784607 0.075231 0.787707 0.126543
0 0.770661 0.065201 0.759298 0.071373 0.782025 0.127315
0 0.778409 0.028935 0.78719 0.032793 0.776343 0.078318
0 0.751033 0.032022 0.752066 0.018904 0.786157 0.046682
0 0.815083 0.290895 0.805269 0.283179 0.794938 0.33642
0 0.830579 0.276235 0.821281 0.273148 0.818698 0.324846
0 0.818182 0.334877 0.808884 0.334105 0.819731 0.376929
0 0.844008 0.31713 0.834194 0.313272 0.833678 0.357253
0 0.865702 0.356481 0.867769 0.344136 0.835744 0.33179
0 0.850723 0.320988 0.854339 0.3125 0.829545 0.290509
0 0.865186 0.30517 0.858471 0.298997 0.83936 0.349537
0 0.864153 0.326389 0.864669 0.311728 0.836777 0.326389
0 0.861054 0.292824 0.862603 0.302469 0.827996 0.309028
0 0.859504 0.277006 0.861054 0.292824 0.833161 0.290895
0 0.846591 0.266975 0.844525 0.25463 0.805785 0.272377
0 0.851756 0.229167 0.858471 0.234568 0.842459 0.272377
0 0.861054 0.251543 0.858471 0.237654 0.819731 0.262346
0 0.844525 0.233025 0.845558 0.248457 0.801136 0.25
0 0.808884 0.201389 0.818182 0.193673 0.842459 0.233796
0 0.797521 0.158179 0.798812 0.157407 0.806302 0.152778 0.803719 0.215278
0 0.794938 0.166667 0.786157 0.157407 0.813533 0.127315
0 0.80062 0.132716 0.81095 0.125772 0.819731 0.175926
0 0.830062 0.162809 0.827996 0.147377 0.798812 0.157407
0 0.762913 0.433642 0.766012 0.418981 0.725207 0.407407
0 0.760847 0.451389 0.758264 0.464506 0.720041 0.445216
0 0.784091 0.346451 0.791839 0.350309 0.777376 0.397762
0 0.79907 0.408179 0.808884 0.405093 0.794421 0.358025 0.798554 0.405478
0 0.803719 0.490741 0.794421 0.484182 0.788223 0.534722
0 0.808368 0.473765 0.807851 0.457562 0.770661 0.465664
0 0.801653 0.441358 0.807851 0.457562 0.768595 0.478395
0 0.798037 0.416667 0.806302 0.416667 0.81095 0.469136
0 0.813533 0.392747 0.822831 0.390432 0.827479 0.44213
0 0.836777 0.36034 0.840393 0.375772 0.822831 0.39429 0.835486 0.363426
0 0.867769 0.358025 0.869318 0.369599 0.823864 0.374228
0 0.858471 0.404321 0.856921 0.38966 0.818182 0.392747
0 0.830062 0.493056 0.818698 0.49267 0.830062 0.429012
0 0.84814 0.457562 0.853822 0.467593 0.829545 0.489198
0 0.871384 0.487654 0.867769 0.499228 0.845558 0.470679
0 0.870351 0.473765 0.864153 0.484182 0.847107 0.444444
0 0.855888 0.414352 0.869318 0.412037 0.866736 0.466049
0 0.861054 0.404321 0.865186 0.421296 0.848657 0.451389
0 0.869318 0.376543 0.860021 0.369599 0.857955 0.411265
0 0.875517 0.529707 0.866219 0.540895 0.845558 0.496528
0 0.841942 0.531636 0.839876 0.546296 0.804236 0.527778
0 0.772727 0.584105 0.782541 0.583333 0.77376 0.527778
0 0.806818 0.616127 0.805785 0.600694 0.762397 0.62037
0 0.822831 0.602238 0.823864 0.614969 0.858988 0.606867
0 0.818182 0.622299 0.830062 0.619213 0.815599 0.570988
0 0.852789 0.529321 0.861054 0.535494 0.83936 0.587191
0 0.879649 0.564815 0.872417 0.568673 0.862603 0.532407
0 0.87655 0.570216 0.869835 0.573302 0.856405 0.546296
0 0.877583 0.553241 0.881715 0.564043 0.847107 0.566358
0 0.865186 0.585262 0.869835 0.573302 0.847107 0.566358
0 0.877583 0.583333 0.869835 0.573302 0.856921 0.622685
0 0.874483 0.624228 0.867252 0.611111 0.830579 0.667052
0 0.873967 0.631944 0.878099 0.643133 0.842459 0.661265
0 0.878099 0.677855 0.871901 0.678241 0.864153 0.649691
0 0.878616 0.648534 0.872934 0.635417 0.850723 0.677855
0 0.863636 0.660108 0.871901 0.665123 0.85124 0.707562
0 0.882748 0.671682 0.874483 0.66088 0.85124 0.707562
0 0.883781 0.706404 0.877066 0.695216 0.855888 0.728781
0 0.883264 0.722994 0.878616 0.71142 0.846074 0.738426
0 0.88843 0.723765 0.880165 0.721451 0.875517 0.768133
0 0.772211 0.72608 0.771178 0.712577 0.733471 0.724923
0 0.791322 0.773148 0.779959 0.778549 0.767562 0.727623
0 0.785124 0.792052 0.785124 0.781636 0.75 0.789352
0 0.854339 0.743827 0.854339 0.759645 0.813533 0.758488
0 0.850207 0.768519 0.850207 0.768519 0.850207 0.781636 0.807335 0.787423
0 0.86157 0.760417 0.867252 0.766204 0.840393 0.802083
0 0.869835 0.80054 0.858988 0.798225 0.867769 0.752701
0 0.890496 0.774691 0.883264 0.789352 0.853822 0.75463
0 0.878099 0.802855 0.883264 0.795139 0.851756 0.76466
0 0.872417 0.820602 0.875 0.811343 0.835227 0.807485
0 0.874483 0.826003 0.879649 0.810571 0.850207 0.781636
0 0.611054 0.798225 0.608988 0.784336 0.650826 0.783565
0 0.581095 0.792824 0.585227 0.780864 0.558884 0.765818
0 0.590909 0.798225 0.58626 0.811343 0.552169 0.778164
0 0.553719 0.808256 0.553719 0.793596 0.51343 0.787423
0 0.602789 0.830633 0.612603 0.822145 0.58626 0.76929
0 0.817665 0.811343 0.816632 0.795139 0.777893 0.807485
0 0.865702 0.836034 0.865702 0.817515 0.824897 0.825231
0 0.874483 0.829861 0.860537 0.829861 0.851756 0.784336
0 0.860021 0.845293 0.863636 0.830633 0.817665 0.816744
0 0.797521 0.852238 0.802686 0.842207 0.771694 0.813657
0 0.808368 0.844522 0.815599 0.844522 0.81095 0.809028
0 0.8125 0.83912 0.809401 0.826003 0.781508 0.839892
0 0.819731 0.851466 0.829545 0.83912 0.806302 0.816744
0 0.733988 0.834491 0.727789 0.845293 0.706095 0.809028
0 0.720558 0.84838 0.710744 0.85841 0.6875 0.801312
0 0.696798 0.859954 0.705062 0.854552 0.67407 0.816744
0 0.670971 0.861497 0.681302 0.852238 0.650826 0.816744
0 0.647211 0.829861 0.646178 0.841435 0.610537 0.826775
0 0.649277 0.853009 0.639979 0.849923 0.65031 0.804398
0 0.650826 0.861497 0.653409 0.846836 0.614153 0.836034
0 0.636364 0.857639 0.625517 0.863812 0.619835 0.818287
0 0.617769 0.865355 0.627066 0.853009 0.590909 0.830633
0 0.59814 0.861497 0.597107 0.84838 0.579029 0.862269
0 0.579545 0.868441 0.584711 0.853781 0.546488 0.832176
0 0.591942 0.846836 0.590393 0.834491 0.563533 0.844522
0 0.548554 0.86304 0.536674 0.863812 0.538223 0.803627
0 0.532541 0.869213 0.524277 0.869213 0.529959 0.814429
0 0.522211 0.874614 0.528409 0.866898 0.49845 0.82909
0 0.506198 0.852238 0.502583 0.859954 0.471074 0.830633
0 0.502583 0.874614 0.508264 0.865355 0.471074 0.839892
0 0.258006 0.694059 0.257231 0.707948 0.221591 0.695602
0 0.335744 0.805941 0.325413 0.805941 0.330579 0.754244
0 0.456095 0.815972 0.456095 0.831404 0.411674 0.825231
0 0.485021 0.866127 0.485537 0.853781 0.446281 0.85841
0 0.426653 0.878472 0.431818 0.866898 0.390496 0.839892
0 0.416322 0.884645 0.41064 0.873843 0.448864 0.844522
0 0.436467 0.880015 0.443698 0.870756 0.402376 0.839892
0 0.363636 0.88233 0.366736 0.870756 0.331095 0.86304
0 0.368802 0.888503 0.372934 0.876157 0.336519 0.849923
0 0.375517 0.881559 0.384298 0.871528 0.343492 0.826775
0 0.394628 0.866898 0.397211 0.861497 0.364153 0.842207
0 0.396694 0.884645 0.404442 0.873071 0.374483 0.842207
0 0.41064 0.869985 0.403409 0.880015 0.375517 0.836034
0 0.302944 0.889275 0.311983 0.876929 0.280992 0.847608
0 0.280992 0.88696 0.286157 0.872299 0.246384 0.850694
0 0.246384 0.886188 0.246901 0.869213 0.209194 0.869213
0 0.214876 0.886188 0.225723 0.88233 0.200413 0.82909
0 0.197831 0.875386 0.191116 0.887731 0.153926 0.850694
0 0.142045 0.845293 0.153926 0.84375 0.145403 0.77662
0 0.129907 0.805941 0.13843 0.796682 0.115702 0.756559
0 0.115702 0.817515 0.106405 0.806713 0.135847 0.755015
0 0.102789 0.827546 0.090134 0.822145 0.108471 0.767361
0 0.168647 0.588349 0.180785 0.581404 0.182851 0.654707
0 0.118285 0.621528 0.128099 0.606096 0.097882 0.569059
0 0.091942 0.659336 0.104081 0.657793 0.098657 0.597608
0 0.083419 0.710262 0.09375 0.71412 0.110537 0.653935
0 0.088326 0.719522 0.0953 0.730324 0.119318 0.674769
0 0.083161 0.749614 0.091167 0.75733 0.111829 0.705633
0 0.105372 0.76196 0.095041 0.748843 0.129907 0.697145
0 0.090134 0.833719 0.0953 0.84375 0.133781 0.809028
0 0.13843 0.853781 0.139979 0.837577 0.09969 0.839892
0 0.164256 0.88696 0.15186 0.887731 0.160124 0.832176
0 0.116994 0.85841 0.11157 0.866127 0.098915 0.834491
0 0.142045 0.897762 0.149277 0.887731 0.11312 0.846836
0 0.123967 0.884645 0.128616 0.893904 0.163481 0.837577
0 0.118285 0.885417 0.111054 0.869985 0.149793 0.849923
0 0.120351 0.876929 0.111829 0.88696 0.097107 0.838349
0 0.105888 0.892361 0.115702 0.88233 0.090134 0.833719
0 0.238636 0.47608 0.229855 0.470679 0.216426 0.51196
0 0.230372 0.464506 0.233471 0.472994 0.199897 0.483796
0 0.207645 0.44213 0.211777 0.424383 0.17562 0.400077
0 0.274277 0.401235 0.264463 0.393519 0.286674 0.347222
0 0.251033 0.381173 0.243285 0.371914 0.266012 0.342593
0 0.232438 0.316358 0.24251 0.31713 0.23657 0.373457
0 0.146694 0.324074 0.156508 0.32716 0.140238 0.375
0 0.097882 0.330247 0.086777 0.326389 0.102789 0.270062
0 0.079545 0.367284 0.089876 0.367284 0.084969 0.317901
0 0.100465 0.373457 0.089876 0.367284 0.109246 0.314043
0 0.124483 0.410494 0.114411 0.418596 0.100465 0.373457
0 0.082386 0.422068 0.082386 0.408951 0.122934 0.418981
0 0.092459 0.416667 0.082128 0.418981 0.091167 0.358796
0 0.101498 0.551698 0.10124 0.564043 0.147727 0.560185
0 0.088326 0.548997 0.09969 0.55517 0.111829 0.483796
0 0.082386 0.530864 0.090909 0.535494 0.100465 0.489198
0 0.311983 0.248457 0.308368 0.232253 0.346849 0.217593
0 0.282541 0.181327 0.289256 0.16821 0.319215 0.212191
0 0.306302 0.138117 0.311467 0.14429 0.32593 0.117284
0 0.28719 0.101466 0.289773 0.11034 0.254132 0.121914
0 0.315599 0.039738 0.309917 0.052083 0.346849 0.06983
0 0.295455 0.038966 0.289773 0.051312 0.321281 0.082948
0 0.279959 0.05054 0.28564 0.038966 0.3125 0.084105
0 0.266529 0.045139 0.274793 0.039738 0.284607 0.083719
0 0.24251 0.070602 0.247159 0.057485 0.284607 0.083719
0 0.239153 0.04591 0.251033 0.042824 0.264463 0.091049
0 0.188533 0.118827 0.180269 0.114969 0.195248 0.083719
0 0.196798 0.042824 0.191116 0.052855 0.225723 0.085262
0 0.180269 0.079861 0.1875 0.064429 0.226756 0.102238
0 0.176653 0.059028 0.182335 0.04591 0.214876 0.085262
0 0.152376 0.128086 0.163223 0.133488 0.180269 0.079861
0 0.153151 0.151235 0.153151 0.132716 0.192665 0.134259
0 0.097624 0.189043 0.110021 0.189043 0.100465 0.255787
0 0.095041 0.171296 0.090909 0.184414 0.124742 0.198302
0 0.111054 0.169753 0.121901 0.160494 0.142045 0.227623
0 0.134298 0.142747 0.144112 0.133488 0.115702 0.082948
0 0.109246 0.155864 0.120868 0.170525 0.147211 0.12963
0 0.08936 0.136574 0.084194 0.12037 0.114153 0.104938
0 0.082128 0.104938 0.092717 0.09838 0.097107 0.171296
0 0.144628 0.061343 0.138688 0.066744 0.164256 0.098765
0 0.135072 0.073302 0.140496 0.061728 0.172521 0.083333
0 0.139721 0.05517 0.137138 0.061728 0.174587 0.068673
0 0.134556 0.042438 0.133523 0.054012 0.17407 0.05517
0 0.12345 0.071759 0.120868 0.084105 0.163481 0.104938
0 0.105888 0.090664 0.112087 0.08179 0.125775 0.121528
0 0.106147 0.07716 0.110021 0.067901 0.140496 0.080633
0 0.086002 0.077932 0.092459 0.070216 0.118027 0.122685
0 0.098399 0.060957 0.092975 0.065201 0.111054 0.094522
0 0.109504 0.053627 0.104855 0.0625 0.138688 0.066744
0 0.098915 0.05517 0.107696 0.052083 0.114411 0.096451
0 0.794163 0.032022 0.796229 0.023534 0.823605 0.05517
0 0.807851 0.033179 0.816374 0.033951 0.81844 0.081019
0 0.788998 0.018133 0.797521 0.020448 0.78564 0.065972
0 0.838068 0.054398 0.833419 0.045139 0.8125 0.076389
0 0.83187 0.032022 0.822831 0.033565 0.834452 0.073302
0 0.822831 0.021219 0.816116 0.028935 0.844008 0.072531
0 0.809917 0.01929 0.802169 0.025463 0.827996 0.059028
0 0.835744 0.092978 0.833419 0.081019 0.807593 0.101852
0 0.826963 0.074846 0.83032 0.085262 0.798812 0.105324
0 0.795455 0.063657 0.802686 0.055556 0.824638 0.09838
0 0.839876 0.041667 0.847624 0.042052 0.835486 0.08642
0 0.850465 0.082948 0.844008 0.072531 0.822056 0.107253
0 0.84375 0.119599 0.8453 0.10841 0.812242 0.103781
0 0.852531 0.091049 0.846074 0.086806 0.841942 0.122299
0 0.85124 0.140046 0.854597 0.130401 0.822056 0.111111
0 0.834711 0.136188 0.832128 0.143519 0.796488 0.125
0 0.85563 0.145448 0.851498 0.155093 0.822314 0.119213
0 0.859504 0.165123 0.854081 0.17554 0.827996 0.128858
0 0.838585 0.17284 0.845041 0.163194 0.82593 0.130787
0 0.848915 0.180941 0.852531 0.171682 0.823347 0.143519
0 0.833161 0.18017 0.840134 0.187886 0.808884 0.201389
0 0.854081 0.202546 0.856921 0.189043 0.824122 0.161265
0 0.857696 0.205633 0.853822 0.215278 0.824897 0.183256
0 0.858471 0.221451 0.860279 0.209491 0.817924 0.200231
0 0.850723 0.227238 0.853822 0.215278 0.817665 0.216821