0 0.848657 0.086034 0.857438 0.099151 0.823347 0.118441
0 0.8453 0.05054 0.857955 0.053627 0.85124 0.100694
0 0.82438 0.05787 0.826188 0.042438 0.868027 0.06713
0 0.865444 0.060957 0.876033 0.051698 0.899019 0.111497
0 0.86157 0.105324 0.867769 0.125772 0.822572 0.143133
0 0.842975 0.167438 0.849948 0.185185 0.809917 0.202932
0 0.759298 0.183256 0.761105 0.167052 0.720558 0.16358
0 0.886105 0.150463 0.884298 0.133102 0.850465 0.150463
0 0.908833 0.18287 0.913998 0.165895 0.878874 0.14892
0 0.912707 0.178241 0.908833 0.190972 0.877841 0.169753
0 0.79907 0.084491 0.810176 0.099151 0.771694 0.135417
0 0.730888 0.099151 0.730114 0.11304 0.770661 0.102623
0 0.772469 0.215664 0.7828 0.21412 0.779184 0.27662
0 0.713068 0.263503 0.709969 0.284336 0.661415 0.258873
0 0.646436 0.338349 0.651601 0.354552 0.68001 0.332948
0 0.872159 0.290509 0.879907 0.278935 0.851498 0.250386
0 0.881973 0.177083 0.894886 0.179398 0.88249 0.244213
0 0.940341 0.241512 0.944731 0.256173 0.904959 0.276235
0 0.942149 0.265818 0.946281 0.28125 0.903667 0.302083
0 0.936467 0.282793 0.94499 0.292824 0.913223 0.322531
0 0.939824 0.301312 0.948864 0.312114 0.918905 0.362269
0 0.852014 0.354167 0.865444 0.351466 0.86751 0.40625
0 0.828771 0.336034 0.840134 0.334877 0.833678 0.388117
0 0.814566 0.400463 0.824122 0.391975 0.809917 0.354167
0 0.797521 0.431327 0.801395 0.415123 0.760847 0.400463 0.79907 0.433642
0 0.741477 0.452546 0.743285 0.434414 0.788481 0.46142
0 0.878874 0.423611 0.890496 0.420139 0.892562 0.46412
0 0.912707 0.383102 0.924329 0.385031 0.912707 0.437114
0 0.926136 0.364198 0.937758 0.375386 0.922262 0.428627
0 0.942924 0.359182 0.949897 0.373457 0.917872 0.406636
0 0.943698 0.487269 0.953254 0.496142 0.927428 0.537423
0 0.884039 0.057099 0.888171 0.046682 0.905992 0.078704
0 0.892045 0.059028 0.901085 0.046682 0.921746 0.082562
0 0.922262 0.062114 0.934401 0.068673 0.915289 0.118827
0 0.927428 0.11034 0.934659 0.120756 0.905475 0.149691
0 0.932593 0.092207 0.941632 0.099537 0.917097 0.157793
0 0.932593 0.112269 0.946798 0.125772 0.924329 0.167438
0 0.934659 0.159722 0.946023 0.163194 0.933368 0.204861
0 0.945506 0.213349 0.941632 0.227238 0.905992 0.188272
0 0.780217 0.054398 0.786157 0.042824 0.8125 0.082562
0 0.767304 0.058256 0.77376 0.044753 0.802686 0.086034
0 0.755165 0.070602 0.761364 0.051698 0.79907 0.084491
0 0.731663 0.053241 0.742252 0.042824 0.766012 0.096065
0 0.734504 0.080633 0.735537 0.097608 0.687242 0.083333
0 0.700671 0.092978 0.700671 0.111111 0.662707 0.098765
0 0.706612 0.06713 0.702738 0.04784 0.662707 0.071759
0 0.695764 0.047454 0.711002 0.040123 0.73812 0.083333 0.696281 0.04784
0 0.668388 0.034336 0.68001 0.051312 0.647727 0.07446
0 0.633781 0.063272 0.647469 0.065586 0.637913 0.126543
0 0.603306 0.055556 0.607955 0.073302 0.565599 0.079475
0 0.528667 0.052469 0.531767 0.037809 0.573089 0.063272
0 0.493027 0.048997 0.495868 0.033951 0.528409 0.056327
0 0.498709 0.057099 0.508781 0.050154 0.514979 0.103395
0 0.490444 0.075617 0.493543 0.058256 0.45687 0.05787
0 0.457903 0.06713 0.455579 0.052469 0.414256 0.068287
0 0.43905 0.061728 0.43905 0.045525 0.473657 0.045525
0 0.479339 0.100694 0.476756 0.115741 0.44344 0.095679
0 0.530217 0.125772 0.529442 0.142747 0.490444 0.127701
0 0.4703 0.167052 0.475207 0.152778 0.510589 0.181713
0 0.377324 0.197917 0.377066 0.179012 0.429752 0.186728
0 0.409866 0.094136 0.415806 0.109568 0.378099 0.128858
0 0.389205 0.032022 0.395403 0.045139 0.356663 0.062886
0 0.315857 0.041667 0.329029 0.047454 0.315857 0.109568
0 0.305785 0.045525 0.313533 0.060957 0.275568 0.084877
0 0.274535 0.078318 0.276085 0.094907 0.242769 0.084877
0 0.290289 0.037423 0.296746 0.053241 0.252324 0.074846
0 0.277118 0.03588 0.282541 0.04784 0.235279 0.06713
0 0.265238 0.208333 0.272211 0.221451 0.241994 0.260802
0 0.176395 0.181327 0.18595 0.168596 0.211519 0.211034
0 0.225723 0.237654 0.230888 0.226466 0.205837 0.204861 0.227014 0.241898
0 0.183626 0.159336 0.191116 0.172454 0.213326 0.13233
0 0.208419 0.120756 0.2172 0.111883 0.229855 0.17091
0 0.188533 0.226852 0.199122 0.226466 0.189308 0.288194
0 0.196539 0.046296 0.208419 0.042824 0.209969 0.102623
0 0.173295 0.040123 0.184401 0.03125 0.197056 0.095293
0 0.153926 0.067901 0.161674 0.05787 0.190857 0.094136
0 0.149793 0.20679 0.150568 0.189429 0.188275 0.213735
0 0.149793 0.133488 0.160382 0.125772 0.172004 0.198302
0 0.145661 0.099537 0.154184 0.092593 0.168905 0.146991
0 0.13843 0.065586 0.147469 0.052469 0.155217 0.10841
0 0.135072 0.066744 0.137913 0.046682 0.186209 0.05787
0 0.131715 0.085262 0.135072 0.066744 0.171488 0.087191
0 0.128357 0.079861 0.13843 0.065586 0.154184 0.126157
0 0.12655 0.095679 0.137655 0.090278 0.144886 0.141204
0 0.126808 0.112269 0.135847 0.100309 0.147469 0.152006
0 0.123967 0.118827 0.133264 0.10571 0.139463 0.156636
0 0.123967 0.15162 0.132748 0.138889 0.147986 0.191358
0 0.121643 0.162423 0.130682 0.152778 0.144886 0.197917
0 0.136622 0.202932 0.145403 0.191358 0.165031 0.234568
0 0.13094 0.218364 0.14282 0.205633 0.155217 0.253858
0 0.142045 0.25733 0.149535 0.241512 0.177169 0.282022
0 0.128874 0.253858 0.140238 0.252315 0.137655 0.20679
0 0.11906 0.21875 0.130165 0.210648 0.134039 0.26929
0 0.306302 0.394676 0.319473 0.384259 0.290031 0.340664
0 0.243802 0.303241 0.252324 0.319059 0.21436 0.358796
0 0.2172 0.383102 0.228306 0.374228 0.237603 0.419367
0 0.149535 0.317901 0.150052 0.302469 0.188275 0.316358
0 0.129907 0.265818 0.137138 0.258488 0.149535 0.307485
0 0.118802 0.271605 0.126291 0.261188 0.141787 0.316744
0 0.120351 0.306327 0.128874 0.29591 0.145403 0.362269
0 0.12061 0.342978 0.128099 0.332948 0.152634 0.38233
0 0.117769 0.35108 0.122934 0.336806 0.150052 0.385417
0 0.11906 0.369985 0.127324 0.359954 0.141787 0.415123
0 0.419938 0.423611 0.426136 0.441358 0.470558 0.412809
0 0.43311 0.415895 0.441632 0.424383 0.452221 0.388503
0 0.546229 0.400077 0.553202 0.41088 0.522986 0.438272
0 0.295196 0.474923 0.304236 0.462191 0.277376 0.422068
0 0.942407 0.44213 0.951705 0.447531 0.933884 0.502701
0 0.944731 0.420525 0.951705 0.435957 0.926136 0.448688
0 0.940857 0.409722 0.948864 0.422454 0.917355 0.461806
0 0.947314 0.406636 0.954287 0.418981 0.914256 0.442515
0 0.946798 0.384645 0.952996 0.398534 0.919421 0.431713
0 0.946023 0.530093 0.948089 0.54784 0.905475 0.553241
0 0.861054 0.5 0.874483 0.510417 0.845558 0.561343
0 0.950671 0.587577 0.948864 0.604552 0.910382 0.586034
0 0.951705 0.628472 0.947831 0.641204 0.911674 0.611111
0 0.315083 0.604167 0.324897 0.608796 0.335744 0.544753
0 0.401343 0.672454 0.408316 0.661651 0.431302 0.712963
0 0.45532 0.744985 0.467459 0.745756 0.459711 0.684028
0 0.392045 0.69946 0.392045 0.716821 0.352273 0.710648
0 0.293905 0.724923 0.303202 0.71412 0.276601 0.67554 0.295196 0.729552
0 0.230114 0.584877 0.241477 0.58642 0.236312 0.653935
0 0.227531 0.523148 0.237862 0.523148 0.225465 0.591049
0 0.183626 0.582176 0.192149 0.587577 0.201446 0.532407
0 0.156508 0.520833 0.1578 0.503858 0.201446 0.515046
0 0.159607 0.533565 0.159607 0.533565 0.171229 0.528164 0.18001 0.59375
0 0.171229 0.666667 0.183368 0.668596 0.18001 0.612654
0 0.221074 0.72608 0.219783 0.707176 0.260331 0.71875
0 0.250517 0.73534 0.254132 0.719522 0.293905 0.755401
0 0.34375 0.72338 0.347882 0.741898 0.305785 0.753472
0 0.176911 0.736497 0.178202 0.719522 0.223657 0.734182
0 0.116477 0.424383 0.116477 0.424383 0.122934 0.417052 0.138946 0.459105
0 0.128357 0.48071 0.133781 0.49267 0.161674 0.456404
0 0.114411 0.481096 0.12345 0.471836 0.141271 0.528549
0 0.131973 0.551698 0.134298 0.560571 0.158833 0.536265
0 0.121901 0.518904 0.128616 0.511574 0.143337 0.565972
0 0.137138 0.574846 0.140754 0.558642 0.173812 0.585262
0 0.113895 0.494985 0.124483 0.490355 0.125517 0.552083
0 0.111312 0.54784 0.11751 0.535494 0.145919 0.58912
0 0.116477 0.581019 0.122676 0.567515 0.144112 0.614198
0 0.110279 0.594136 0.120351 0.583333 0.135589 0.634645
0 0.147986 0.730324 0.138946 0.717207 0.180269 0.674769
0 0.152634 0.753086 0.163481 0.756944 0.165806 0.692515
0 0.1875 0.756944 0.188791 0.739969 0.236054 0.755401
0 0.166322 0.784336 0.158833 0.769676 0.197056 0.736883
0 0.140238 0.746914 0.139721 0.731096 0.184143 0.740741
0 0.121901 0.634259 0.131457 0.630787 0.135847 0.686728
0 0.110795 0.633873 0.121126 0.623071 0.139205 0.668596
0 0.107696 0.64159 0.113895 0.629244 0.134814 0.687114
0 0.107696 0.683642 0.107696 0.683642 0.114411 0.67091 0.142562 0.721836
0 0.107438 0.711806 0.112087 0.700617 0.141529 0.744985
0 0.107955 0.73071 0.11312 0.722608 0.138946 0.76196
0 0.110795 0.742284 0.115702 0.729938 0.139205 0.775463
0 0.256973 0.839506 0.267045 0.832562 0.240702 0.787037
0 0.225207 0.841049 0.225981 0.854167 0.269628 0.841821
0 0.182335 0.853781 0.184659 0.873071 0.230372 0.838349
0 0.445248 0.794753 0.449638 0.809414 0.414256 0.824846
0 0.344008 0.826003 0.351498 0.838735 0.380682 0.799383
0 0.373709 0.84838 0.37939 0.863812 0.414256 0.824846
0 0.332645 0.854167 0.336002 0.868056 0.374742 0.838349
0 0.302686 0.885417 0.311725 0.888503 0.319731 0.837577
0 0.315599 0.829861 0.326188 0.835262 0.337552 0.776235
0 0.341167 0.822531 0.345558 0.808642 0.311467 0.798997
0 0.34375 0.931327 0.353564 0.935185 0.359246 0.884645
0 0.336002 0.934414 0.346591 0.928241 0.332645 0.882716
0 0.355372 0.903164 0.360537 0.917438 0.393337 0.886574
0 0.362087 0.925154 0.369835 0.935571 0.398502 0.88696
0 0.381457 0.934799 0.391787 0.942901 0.409607 0.891204
0 0.395661 0.925154 0.403151 0.9375 0.433626 0.89429
0 0.418647 0.929398 0.428461 0.941744 0.458419 0.885031
0 0.468233 0.915509 0.478564 0.918596 0.477014 0.851852
0 0.487345 0.939815 0.497417 0.939815 0.496643 0.888889
0 0.485795 0.935571 0.496384 0.934028 0.486054 0.884645
0 0.464101 0.939429 0.472107 0.93017 0.455062 0.883102
0 0.451188 0.929398 0.463585 0.93017 0.466426 0.871142
0 0.307593 0.934799 0.319473 0.935957 0.316116 0.875772
0 0.277634 0.923611 0.289773 0.935185 0.321539 0.885802
0 0.269886 0.930556 0.280733 0.940972 0.309401 0.880015
0 0.53564 0.81713 0.538998 0.801698 0.491736 0.792052
0 0.573089 0.790509 0.574638 0.806327 0.533058 0.810571
0 0.571281 0.761188 0.582903 0.761574 0.577996 0.82716
0 0.591684 0.751543 0.604081 0.750386 0.597882 0.809414
0 0.578771 0.731096 0.587552 0.721836 0.555527 0.682485
0 0.672779 0.804784 0.67562 0.787809 0.720816 0.817515
0 0.685692 0.758488 0.694473 0.746528 0.71875 0.809799
0 0.730114 0.804398 0.736829 0.815586 0.76343 0.768904
0 0.709969 0.869985 0.7172 0.857253 0.678461 0.817901
0 0.651343 0.867284 0.6547 0.850309 0.701705 0.880015
0 0.805269 0.638889 0.811725 0.627315 0.826446 0.666281
0 0.831095 0.664738 0.8422 0.674383 0.81999 0.717978
0 0.841426 0.721451 0.8453 0.703318 0.88094 0.732253
0 0.896436 0.708719 0.906767 0.719136 0.873967 0.757716
0 0.887913 0.811728 0.900052 0.810571 0.892304 0.747299
0 0.940083 0.854167 0.952221 0.849151 0.931818 0.790123
0 0.948864 0.826003 0.958161 0.820988 0.93595 0.764275
0 0.869576 0.854938 0.88094 0.846451 0.852531 0.804012
0 0.797262 0.752315 0.797262 0.727623 0.850465 0.744599
0 0.78719 0.770833 0.788998 0.756559 0.752583 0.744985
0 0.738636 0.830633 0.738636 0.82909 0.739411 0.810571 0.791581 0.819059
0 0.818698 0.865741 0.826446 0.850309 0.788998 0.832176
0 0.834969 0.864198 0.832645 0.877315 0.799329 0.856867
0 0.929236 0.907793 0.922004 0.922068 0.905475 0.86034
0 0.927944 0.915895 0.941116 0.916667 0.934401 0.86034
0 0.883523 0.923611 0.896952 0.927469 0.909349 0.859568
0 0.889463 0.92091 0.884814 0.942515 0.846333 0.901235
0 0.84375 0.922454 0.851756 0.935957 0.883523 0.896605
0 0.842975 0.867284 0.853822 0.858025 0.862087 0.905478
0 0.883264 0.890046 0.889979 0.871914 0.854339 0.85108
0 0.83187 0.930941 0.8453 0.927469 0.838326 0.86304
0 0.834452 0.923611 0.829287 0.937886 0.797004 0.90162
0 0.821281 0.923611 0.816374 0.939043 0.7828 0.919753
0 0.768595 0.908951 0.780217 0.919367 0.805269 0.869213
0 0.751808 0.897377 0.766012 0.91088 0.784349 0.844907
0 0.748192 0.939043 0.759298 0.932099 0.743027 0.876157
0 0.707903 0.933642 0.716942 0.943673 0.735279 0.891204
0 0.68001 0.923611 0.685176 0.936343 0.711002 0.903164
0 0.67562 0.946759 0.682076 0.93287 0.650826 0.915895
0 0.651601 0.927469 0.661157 0.940586 0.691632 0.890046
0 0.51343 0.896219 0.517304 0.915895 0.560434 0.893519
0 0.532283 0.933642 0.543905 0.946759 0.565083 0.887346
0 0.633781 0.89892 0.630424 0.917438 0.590909 0.893519
0 0.616477 0.93287 0.62655 0.942515 0.658833 0.913194
0 0.624483 0.935957 0.613636 0.929784 0.656767 0.902006
0 0.603564 0.923611 0.61312 0.927469 0.627066 0.861883
0 0.582903 0.935185 0.598657 0.933642 0.563017 0.883488
0 0.579287 0.933642 0.591426 0.946759 0.620093 0.883873
0 0.555527 0.929012 0.559659 0.942901 0.605888 0.921296
0 0.256973 0.914738 0.257748 0.927083 0.298554 0.897762 0.256973 0.914738
0 0.260847 0.929784 0.273502 0.925926 0.262138 0.862654
0 0.238378 0.928627 0.246126 0.938657 0.276343 0.891975
0 0.259814 0.886574 0.270403 0.895833 0.236829 0.928241
0 0.223657 0.927469 0.231921 0.938657 0.259814 0.883102
0 0.213068 0.928627 0.220816 0.9375 0.251291 0.880015
0 0.203254 0.927469 0.211519 0.936728 0.24406 0.883873
0 0.196798 0.928627 0.210486 0.928627 0.228822 0.876157
0 0.18311 0.926698 0.191632 0.938272 0.223399 0.883873
0 0.184143 0.919753 0.193957 0.927083 0.214876 0.870756
0 0.163998 0.921296 0.167097 0.93287 0.210486 0.902778
0 0.178719 0.917824 0.188791 0.912809 0.179494 0.864198
0 0.154959 0.907022 0.155217 0.924383 0.208419 0.905093
0 0.143595 0.900077 0.14876 0.915895 0.192665 0.875772 0.144886 0.899691
0 0.153667 0.880015 0.156508 0.903935 0.115444 0.902392
0 0.129649 0.927083 0.135589 0.907793 0.18001 0.922068
0 0.110279 0.907407 0.113895 0.894676 0.164256 0.925926
0 0.109246 0.892361 0.114153 0.876929 0.155475 0.915509
0 0.1547 0.81713 0.165031 0.820216 0.167355 0.890818
0 0.16219 0.826389 0.16813 0.809028 0.184143 0.868441
0 0.144628 0.838349 0.154184 0.84375 0.138688 0.892361
0 0.125775 0.845293 0.130682 0.829475 0.170196 0.865741
0 0.109246 0.859954 0.115961 0.845679 0.154184 0.884645
0 0.107696 0.842593 0.113895 0.828704 0.142045 0.868827
0 0.108988 0.832948 0.121901 0.834491 0.122676 0.89429
0 0.109246 0.829861 0.107955 0.8125 0.15186 0.822917
0 0.146178 0.79784 0.146694 0.782793 0.187758 0.795525
0 0.109246 0.752315 0.12061 0.740355 0.141787 0.793981
0 0.106405 0.763889 0.114153 0.751929 0.143595 0.809799
0 0.107438 0.77662 0.107696 0.776235 0.114928 0.762731 0.146694 0.823302
0 0.108988 0.797068 0.116994 0.783179 0.128616 0.819059
0 0.104855 0.797454 0.111829 0.782793 0.130682 0.829475