0 0.252324 0.04321 0.26343 0.037423 0.274535 0.100694
0 0.256715 0.016204 0.267045 0.021605 0.249742 0.080247
0 0.246126 0.024306 0.239928 0.010417 0.19938 0.04321
0 0.206353 0.029321 0.213843 0.019676 0.239928 0.067901
0 0.196281 0.034722 0.208678 0.034722 0.193957 0.087577
0 0.195248 0.022762 0.183884 0.016975 0.171488 0.082948
0 0.186467 0.076389 0.18156 0.065201 0.161674 0.094136
0 0.175362 0.085648 0.183884 0.078318 0.197572 0.131173
0 0.17407 0.088349 0.17407 0.088349 0.162965 0.088349 0.167097 0.135031
0 0.179494 0.147762 0.176395 0.131173 0.220041 0.124614
0 0.170971 0.018133 0.161674 0.025463 0.188275 0.06713
0 0.160382 0.016204 0.151085 0.022762 0.17407 0.07446
0 0.147986 0.023534 0.1578 0.019676 0.160382 0.06983
0 0.166581 0.058642 0.170971 0.073688 0.134298 0.094136
0 0.139205 0.069059 0.139205 0.069059 0.15031 0.06713 0.147986 0.121914
0 0.134298 0.04784 0.133006 0.064429 0.173295 0.05787
0 0.123709 0.034722 0.123709 0.034722 0.126808 0.018904 0.165289 0.035494
0 0.110795 0.041281 0.112603 0.055941 0.147211 0.034722
0 0.126291 0.051312 0.12061 0.066358 0.156767 0.073688
0 0.139205 0.051312 0.102531 0.097608 0.095816 0.084877
0 0.100723 0.05054 0.099432 0.06713 0.144112 0.073688
0 0.143595 0.075617 0.102014 0.103395 0.09814 0.090278
0 0.144112 0.129244 0.097107 0.101466 0.104597 0.083719
0 0.124225 0.091435 0.111829 0.094907 0.131715 0.15162
0 0.095041 0.108796 0.106921 0.097608 0.131715 0.15162
0 0.148502 0.129244 0.13688 0.123843 0.131715 0.178627
0 0.166581 0.099537 0.149277 0.146991 0.138688 0.135802
0 0.155992 0.129244 0.165289 0.185957 0.175878 0.179398
0 0.201963 0.14892 0.177686 0.194059 0.16968 0.177469
0 0.185176 0.150463 0.196281 0.195988 0.207645 0.186728
0 0.109504 0.173997 0.109504 0.173997 0.106405 0.122685 0.097624 0.125772
0 0.128099 0.186728 0.128099 0.186728 0.110795 0.153549 0.096333 0.140432 0.102014 0.128472 0.114928 0.143133
0 0.122417 0.155093 0.119318 0.174769 0.170196 0.190586
0 0.146178 0.244213 0.146694 0.188657 0.13688 0.189429
0 0.12939 0.203318 0.129907 0.202546 0.106921 0.177469 0.102531 0.190586
0 0.097107 0.181327 0.093233 0.194059 0.123709 0.213735
0 0.09814 0.202546 0.09814 0.202546 0.104597 0.195988 0.118027 0.236883
0 0.146694 0.211034 0.146694 0.211034 0.099432 0.215664 0.100723 0.233025
0 0.11751 0.285108 0.11751 0.285108 0.09814 0.222994 0.089618 0.233025
0 0.151085 0.260802 0.15031 0.259259 0.116994 0.26466 0.102014 0.251543 0.108213 0.240741 0.12061 0.253472
0 0.12061 0.246142 0.12061 0.246142 0.114411 0.232253 0.149793 0.215664
0 0.163481 0.260802 0.163481 0.260802 0.131715 0.233025 0.138688 0.222994
0 0.141787 0.258102 0.100723 0.312114 0.093233 0.298225
0 0.334194 0.135802 0.337293 0.124614 0.297521 0.108025
0 0.336002 0.146991 0.335486 0.146991 0.334194 0.129244 0.29313 0.153549
0 0.301911 0.158951 0.346591 0.167438 0.3453 0.149691
0 0.45532 0.131173 0.45532 0.131173 0.434917 0.184799 0.426136 0.172068
0 0.446023 0.082948 0.447314 0.099537 0.403667 0.099537
0 0.453512 0.119213 0.419938 0.073688 0.426136 0.065201
0 0.408058 0.066744 0.408058 0.066744 0.416322 0.087963 0.366994 0.103781
0 0.335227 0.085262 0.335227 0.085262 0.371643 0.106096 0.373192 0.090278
0 0.377841 0.070988 0.389979 0.023148 0.400052 0.031636
0 0.382748 0.028164 0.372676 0.020062 0.353564 0.082948
0 0.358729 0.020833 0.350207 0.010031 0.329029 0.064429
0 0.352014 0.0625 0.317149 0.029321 0.325155 0.015818
0 0.303202 0.010802 0.303202 0.010802 0.292614 0.025077 0.323347 0.065972
0 0.245351 0.124614 0.255682 0.13233 0.234246 0.184028
0 0.232696 0.143904 0.243802 0.161265 0.205579 0.197531
0 0.347366 0.195602 0.346333 0.212577 0.307593 0.199846
0 0.298037 0.185571 0.27686 0.239969 0.266787 0.226852
0 0.327221 0.277778 0.332903 0.292824 0.29468 0.312114
0 0.287965 0.291281 0.287965 0.291281 0.283574 0.313657 0.245351 0.279321
0 0.259039 0.225694 0.259039 0.276235 0.269628 0.276235
0 0.214618 0.201775 0.227014 0.200617 0.225207 0.268519
0 0.208419 0.202546 0.207386 0.258488 0.195506 0.253472
0 0.143595 0.319444 0.163481 0.260802 0.150052 0.251929
0 0.20093 0.284336 0.206353 0.32909 0.217459 0.323302
0 0.281508 0.346065 0.281508 0.346065 0.327738 0.35108 0.327738 0.329475
0 0.372159 0.434799 0.390496 0.489583 0.402376 0.47608
0 0.317924 0.519676 0.305527 0.50733 0.285382 0.572531
0 0.308884 0.562886 0.297004 0.570602 0.318698 0.628086
0 0.270919 0.582176 0.270403 0.604938 0.222624 0.594907
0 0.253874 0.552083 0.253874 0.552083 0.220558 0.58912 0.214101 0.569444
0 0.278926 0.503086 0.25594 0.442515 0.242769 0.456404
0 0.263171 0.434028 0.263688 0.434028 0.233729 0.411651 0.240961 0.396991
0 0.232438 0.395062 0.258006 0.349923 0.247417 0.341049
0 0.235021 0.456404 0.230372 0.473765 0.178719 0.434799
0 0.153409 0.322531 0.173037 0.375386 0.157283 0.384259
0 0.134298 0.346065 0.122676 0.362654 0.1578 0.408565
0 0.177428 0.417438 0.140238 0.421296 0.141529 0.403549
0 0.131198 0.428241 0.141529 0.427083 0.135589 0.489583
0 0.145403 0.436728 0.16968 0.490355 0.178719 0.476852
0 0.188017 0.535494 0.189308 0.472994 0.203512 0.479938
0 0.242769 0.493441 0.242769 0.493441 0.205062 0.471065 0.202221 0.490355
0 0.16968 0.434799 0.16968 0.434799 0.185434 0.483796 0.174845 0.489583
0 0.177428 0.552083 0.177428 0.552083 0.170196 0.501157 0.160382 0.50733
0 0.174845 0.496528 0.13249 0.501157 0.133781 0.485725
0 0.112087 0.313657 0.103048 0.322531 0.123192 0.368441
0 0.114153 0.360725 0.086002 0.312886 0.093233 0.298225 0.096333 0.299383
0 0.083419 0.434799 0.085227 0.434028 0.096333 0.421296 0.113378 0.473765
0 0.130424 0.486497 0.130424 0.485725 0.088585 0.458333 0.094525 0.44483
0 0.113378 0.575617 0.086519 0.511188 0.097624 0.501157
0 0.125258 0.550154 0.125258 0.550154 0.108213 0.497299 0.092459 0.481867 0.087293 0.49537 0.10563 0.51196
0 0.103564 0.497299 0.104339 0.497299 0.115961 0.489583 0.130424 0.552855
0 0.103564 0.467207 0.092459 0.481867 0.134298 0.524691
0 0.170971 0.542438 0.12061 0.530478 0.125775 0.511188
0 0.135072 0.545139 0.147469 0.536265 0.155992 0.608796
0 0.205062 0.573688 0.159091 0.58912 0.1578 0.565586
0 0.208936 0.599923 0.208936 0.599923 0.171488 0.58912 0.170971 0.608796
0 0.142045 0.56983 0.089101 0.565972 0.090651 0.54591
0 0.137138 0.58179 0.087293 0.585262 0.089101 0.564815
0 0.146694 0.63696 0.104339 0.59838 0.117769 0.58179
0 0.11312 0.682485 0.142045 0.625 0.132231 0.61034
0 0.090651 0.604552 0.081095 0.614198 0.109762 0.665509
0 0.137913 0.608025 0.088068 0.638117 0.084194 0.615355
0 0.311983 0.731481 0.33781 0.675154 0.324897 0.667824
0 0.385072 0.753086 0.356147 0.701389 0.344267 0.718364
0 0.403667 0.751929 0.393853 0.766204 0.429236 0.809414
0 0.426136 0.711034 0.441374 0.70409 0.452479 0.768519
0 0.516012 0.689429 0.511105 0.707562 0.474174 0.670525
0 0.48218 0.627315 0.48218 0.627315 0.493543 0.627315 0.487087 0.670525
0 0.572056 0.654707 0.572056 0.651235 0.548037 0.599537 0.536674 0.615355
0 0.518337 0.731481 0.509556 0.749614 0.476498 0.708719
0 0.527893 0.756559 0.484762 0.757716 0.485537 0.737654
0 0.5 0.816744 0.511105 0.805941 0.479081 0.760417
0 0.526343 0.840664 0.479081 0.852623 0.478306 0.831019
0 0.458161 0.881173 0.458161 0.881173 0.440599 0.936343 0.426136 0.924383
0 0.488636 0.905478 0.516787 0.947145 0.524019 0.934028
0 0.542355 0.862269 0.540806 0.883873 0.498192 0.862269
0 0.592975 0.871914 0.579287 0.94483 0.56095 0.934028
0 0.363378 0.871914 0.361829 0.939043 0.375517 0.939043
0 0.352273 0.883873 0.338585 0.942515 0.326446 0.93287
0 0.331353 0.886188 0.309659 0.945988 0.301653 0.931713
0 0.304752 0.880015 0.287965 0.935185 0.300878 0.939043
0 0.329804 0.863426 0.328254 0.882716 0.279184 0.883873
0 0.325671 0.805941 0.297779 0.861111 0.284866 0.845293
0 0.322572 0.797454 0.282283 0.821373 0.27686 0.803627
0 0.303977 0.756559 0.267045 0.766204 0.265496 0.746914
0 0.278409 0.783179 0.241477 0.736497 0.233471 0.759259
0 0.235021 0.622299 0.247934 0.61304 0.261622 0.68017
0 0.25439 0.683642 0.201446 0.681327 0.202996 0.658565
0 0.214101 0.647762 0.186983 0.689429 0.181302 0.677469
0 0.168388 0.611497 0.186983 0.662037 0.17407 0.669367
0 0.137138 0.642747 0.137138 0.64159 0.146694 0.628472 0.181302 0.677469
0 0.271952 0.706404 0.223915 0.714892 0.225465 0.69213
0 0.199638 0.663194 0.200671 0.714892 0.213326 0.714892
0 0.219008 0.716049 0.211002 0.728009 0.25439 0.762731
0 0.255165 0.808256 0.263946 0.799769 0.23657 0.761574
0 0.234246 0.788966 0.202996 0.780478 0.209452 0.763889
0 0.227014 0.746914 0.227014 0.746914 0.182076 0.756559 0.182076 0.739969
0 0.209452 0.722994 0.169163 0.732639 0.170971 0.718364
0 0.169163 0.695988 0.158574 0.704861 0.176653 0.748071
0 0.184401 0.773534 0.215651 0.825617 0.223399 0.813272
0 0.209711 0.852238 0.208678 0.928627 0.19499 0.929398
0 0.160899 0.901235 0.192149 0.940201 0.199897 0.925926
0 0.255165 0.873071 0.21875 0.915509 0.211519 0.897762
0 0.265754 0.827546 0.276343 0.902392 0.288223 0.896219
0 0.296488 0.905093 0.256973 0.921682 0.255165 0.906636
0 0.242769 0.924383 0.246901 0.9375 0.28125 0.908565
0 0.199897 0.857253 0.182076 0.917438 0.173295 0.907407
0 0.159607 0.831019 0.150826 0.844907 0.193182 0.877701
0 0.152634 0.807099 0.152634 0.807099 0.120093 0.85108 0.113636 0.834491
0 0.150826 0.772762 0.127841 0.834491 0.119576 0.823688
0 0.118285 0.829861 0.082903 0.801698 0.088843 0.78858
0 0.114153 0.809799 0.101756 0.868056 0.092459 0.85841
0 0.12061 0.844907 0.08936 0.895062 0.081095 0.882716
0 0.091942 0.892747 0.099432 0.903164 0.117252 0.846836
0 0.119576 0.85571 0.104081 0.915509 0.094267 0.909336
0 0.127841 0.844136 0.141271 0.846836 0.124225 0.917438
0 0.177428 0.89159 0.177428 0.89159 0.125517 0.888889 0.124742 0.911265
0 0.163223 0.925926 0.155992 0.939429 0.122417 0.892747
0 0.150826 0.871528 0.150826 0.871528 0.111312 0.875 0.111829 0.857253
0 0.105372 0.931327 0.116477 0.930556 0.109504 0.877701
0 0.131457 0.931327 0.130682 0.930556 0.117769 0.934799 0.117252 0.878472
0 0.139721 0.871528 0.130165 0.925926 0.121901 0.92091
0 0.15186 0.778935 0.121901 0.74267 0.115961 0.758488
0 0.161932 0.695216 0.115961 0.716435 0.113636 0.695216
0 0.14437 0.729552 0.107696 0.711034 0.105888 0.729552
0 0.099948 0.686343 0.088843 0.748843 0.079545 0.74267
0 0.104855 0.70409 0.090651 0.760417 0.083678 0.754244
0 0.140754 0.741898 0.098399 0.75 0.097624 0.734954
0 0.128874 0.800926 0.128874 0.800154 0.099432 0.763889 0.106663 0.753472
0 0.123192 0.797454 0.084194 0.775463 0.087035 0.760417
0 0.121901 0.807099 0.080579 0.783179 0.08781 0.76929
0 0.428977 0.870756 0.431302 0.936728 0.419938 0.934028
0 0.599432 0.825617 0.56405 0.868827 0.55501 0.853009
0 0.537965 0.879244 0.547521 0.9375 0.56095 0.934028
0 0.56405 0.925154 0.55811 0.946373 0.513688 0.908565
0 0.573864 0.881173 0.606405 0.903935 0.610021 0.890818
0 0.621126 0.866898 0.614669 0.91358 0.619318 0.94213 0.606921 0.939429 0.608729 0.909336
0 0.622934 0.890818 0.637138 0.94213 0.625258 0.945602
0 0.641787 0.872299 0.641787 0.9375 0.628874 0.934028
0 0.666064 0.903164 0.644112 0.949846 0.637655 0.9375
0 0.75155 0.889275 0.753357 0.906636 0.700155 0.912809
0 0.772727 0.89892 0.75749 0.946373 0.746901 0.939429
0 0.68905 0.850309 0.6547 0.814043 0.650052 0.831019
0 0.709711 0.800926 0.669421 0.816744 0.669421 0.794753
0 0.631198 0.76929 0.622934 0.776235 0.644112 0.826389
0 0.625775 0.777392 0.588843 0.801698 0.584711 0.782407
0 0.659607 0.722608 0.609246 0.718364 0.614153 0.699846
0 0.809401 0.841435 0.842459 0.887346 0.834194 0.896219
0 0.902118 0.936728 0.891529 0.947145 0.870351 0.883873
0 0.930527 0.905864 0.933884 0.924383 0.879649 0.934799
0 0.887913 0.834491 0.893853 0.908565 0.879649 0.906636
0 0.941116 0.866127 0.942924 0.881173 0.897469 0.897762
0 0.902118 0.832562 0.941116 0.866127 0.934659 0.877701
0 0.939824 0.827546 0.939824 0.842207 0.887913 0.834491
0 0.908574 0.785108 0.909091 0.84838 0.918647 0.846836
0 0.879649 0.800154 0.887397 0.809799 0.850723 0.84838
0 0.897469 0.792824 0.893853 0.80787 0.860279 0.781636
0 0.897469 0.767361 0.934659 0.814043 0.941632 0.800154
0 0.939824 0.74267 0.939824 0.74267 0.941116 0.765818 0.892045 0.756944
0 0.897469 0.689815 0.904959 0.70679 0.85718 0.733025
0 0.938791 0.724151 0.93156 0.74267 0.885589 0.69946
0 0.896178 0.673225 0.938791 0.70409 0.929236 0.721836
0 0.938017 0.649306 0.926911 0.645062 0.91968 0.710262
0 0.938791 0.616898 0.942924 0.629244 0.904442 0.651235
0 0.854855 0.64159 0.882748 0.60108 0.870868 0.590278
0 0.833161 0.619599 0.820764 0.623071 0.833678 0.683642
0 0.819473 0.679398 0.819473 0.679398 0.826705 0.746142 0.836519 0.738426
0 0.804236 0.775463 0.787707 0.825617 0.777118 0.813272
0 0.813533 0.787809 0.823089 0.798997 0.790031 0.839892
0 0.772211 0.735725 0.738636 0.76929 0.731663 0.751543
0 0.740444 0.657407 0.767045 0.705633 0.755165 0.713735
0 0.71875 0.648534 0.731663 0.646605 0.731147 0.709491
0 0.698089 0.668596 0.688533 0.68287 0.728048 0.719907
0 0.779442 0.59838 0.754649 0.649306 0.746901 0.635417
0 0.785124 0.554012 0.785124 0.568673 0.742252 0.570602
0 0.816116 0.608796 0.824638 0.602238 0.798554 0.555941
0 0.828512 0.513889 0.813533 0.564043 0.803719 0.554784
0 0.831612 0.513889 0.796229 0.516975 0.795455 0.5
0 0.770145 0.496528 0.783833 0.490741 0.790031 0.554784
0 0.745351 0.515046 0.741477 0.529707 0.78125 0.538966
0 0.778667 0.501929 0.752841 0.529707 0.745351 0.515046
0 0.778151 0.412809 0.743285 0.433256 0.740186 0.418596
0 0.790031 0.37037 0.783058 0.361111 0.760072 0.400849
0 0.760072 0.345293 0.765238 0.35841 0.721591 0.390818
0 0.775052 0.325617 0.76937 0.340664 0.806818 0.361883
0 0.816116 0.363812 0.815341 0.375772 0.840909 0.373071
0 0.804752 0.37963 0.819731 0.440972 0.806043 0.444444
0 0.804752 0.366512 0.790548 0.361111 0.78874 0.421296
0 0.852014 0.385031 0.832128 0.439043 0.823605 0.429784
0 0.856921 0.441744 0.856921 0.441744 0.856921 0.462963 0.812242 0.453704
0 0.89437 0.461034 0.854597 0.478009 0.853306 0.462191
0 0.858988 0.496528 0.844525 0.490741 0.856921 0.428627
0 0.824638 0.490741 0.836519 0.48071 0.851498 0.537423
0 0.871901 0.550154 0.868285 0.563272 0.823605 0.542824
0 0.875775 0.558642 0.875775 0.557485 0.883006 0.576389 0.840393 0.609568
0 0.934143 0.609568 0.928461 0.622685 0.890496 0.588349
0 0.937758 0.570602 0.941374 0.588349 0.896694 0.585648
0 0.901085 0.534336 0.927944 0.583719 0.937758 0.570602
0 0.911674 0.57909 0.858213 0.535494 0.86751 0.518519
0 0.89437 0.48534 0.889979 0.555941 0.875775 0.544753
0 0.93595 0.525077 0.935176 0.538966 0.893595 0.527006
0 0.89876 0.499228 0.942665 0.515046 0.940341 0.534336
0 0.936467 0.481481 0.934143 0.5 0.89437 0.48534
0 0.903667 0.519676 0.93595 0.509259 0.930269 0.49537
0 0.860021 0.448302 0.873192 0.451003 0.871901 0.398148
0 0.88688 0.405478 0.879907 0.420525 0.848915 0.381559
0 0.879907 0.37963 0.866994 0.392747 0.852014 0.331404
0 0.932851 0.366512 0.935176 0.383488 0.890496 0.380401
0 0.940857 0.390818 0.938275 0.407407 0.897986 0.393519
0 0.93595 0.454861 0.946539 0.446373 0.922262 0.396219
0 0.922779 0.470293 0.943957 0.413966 0.930269 0.404707
0 0.941374 0.339892 0.942149 0.354552 0.910382 0.359954
0 0.794938 0.322145 0.833936 0.349151 0.839618 0.332176
0 0.650826 0.588349 0.611054 0.603009 0.608471 0.588349
0 0.627066 0.567901 0.58626 0.559414 0.591167 0.540895
0 0.661415 0.533565 0.615961 0.50463 0.62345 0.489969
0 0.66813 0.486111 0.640238 0.527006 0.634039 0.511188
0 0.61157 0.437886 0.612345 0.453704 0.571281 0.448302
0 0.7203 0.446373 0.681818 0.474151 0.675103 0.461034
0 0.69499 0.306327 0.706612 0.304398 0.70532 0.365741
0 0.721074 0.243056 0.731405 0.310957 0.719008 0.313657
0 0.709194 0.226466 0.698089 0.286651 0.688533 0.28125
0 0.590651 0.28858 0.590651 0.30517 0.542097 0.304398
0 0.508523 0.258102 0.545196 0.308256 0.552686 0.291281
0 0.600465 0.250772 0.597366 0.26929 0.640238 0.27662
0 0.648244 0.237654 0.604855 0.232253 0.606147 0.212577
0 0.772986 0.256944 0.737087 0.244213 0.741477 0.226466
0 0.806043 0.254244 0.81844 0.263503 0.787448 0.311728
0 0.397469 0.025077 0.410382 0.021219 0.417097 0.08642
0 0.451963 0.019676 0.463068 0.022377 0.440083 0.076003
0 0.450155 0.032407 0.417872 0.009259 0.413998 0.024306
0 0.445764 0.064043 0.4047 0.028935 0.413481 0.01659
0 0.531508 0.053627 0.478048 0.013117 0.47314 0.029707
0 0.520403 0.101852 0.5297 0.048225 0.51782 0.046296
0 0.479339 0.077932 0.474948 0.025077 0.48812 0.027778
0 0.470041 0.08179 0.474948 0.025077 0.463068 0.022377
0 0.543905 0.055556 0.577996 0.018519 0.584969 0.034336
0 0.627841 0.062114 0.591167 0.027006 0.586002 0.042824
0 0.577479 0.08912 0.591167 0.027006 0.581095 0.025849
0 0.594267 0.052855 0.588585 0.073302 0.635847 0.09838
0 0.61157 0.091049 0.600465 0.080633 0.587293 0.131559
0 0.578771 0.109568 0.536415 0.091049 0.542614 0.077932
0 0.554494 0.104938 0.559401 0.116898 0.51782 0.137346
0 0.524019 0.158565 0.52531 0.140818 0.478048 0.145448
0 0.586002 0.133488 0.592459 0.148534 0.548812 0.175154
0 0.602273 0.213349 0.598657 0.231867 0.561983 0.20216
0 0.638171 0.168981 0.638171 0.181713 0.598657 0.180941
0 0.654442 0.20409 0.650826 0.217207 0.619576 0.198302
0 0.66064 0.120756 0.666322 0.140046 0.615961 0.146605
0 0.697831 0.089892 0.661157 0.097222 0.663223 0.080633
0 0.64437 0.074074 0.614669 0.031636 0.623967 0.022377
0 0.671746 0.052083 0.640754 0.025849 0.633264 0.038966
0 0.709194 0.072531 0.672521 0.038966 0.681043 0.025077
0 0.709194 0.027778 0.715909 0.040895 0.677428 0.059414
0 0.714101 0.149306 0.688017 0.197531 0.68001 0.186343
0 0.791839 0.052855 0.752066 0.024306 0.747676 0.041667
0 0.77686 0.07716 0.727789 0.067901 0.730888 0.050154
0 0.745868 0.079861 0.757748 0.08179 0.742769 0.137346
0 0.775568 0.107639 0.780733 0.123457 0.737862 0.138117
0 0.756973 0.139275 0.74845 0.155093 0.77376 0.18287
0 0.799329 0.195602 0.773244 0.139275 0.783833 0.128086
0 0.802944 0.112269 0.808626 0.126929 0.765754 0.141975
0 0.840134 0.106867 0.796746 0.114969 0.798037 0.09838
0 0.81405 0.032407 0.821539 0.048997 0.777634 0.082562
0 0.81405 0.10571 0.833936 0.038194 0.817149 0.035108
0 0.847107 0.034336 0.833936 0.047454 0.875 0.09838
0 0.861312 0.034336 0.872417 0.045525 0.836519 0.107639
0 0.865186 0.103009 0.870093 0.116898 0.821539 0.139275
0 0.817924 0.1875 0.832128 0.136188 0.81844 0.133488
0 0.852789 0.168981 0.855114 0.1875 0.810434 0.1875
0 0.892304 0.140046 0.896694 0.155864 0.849432 0.167052
0 0.872417 0.140818 0.881973 0.135417 0.865186 0.094522
0 0.817924 0.100309 0.865186 0.103009 0.868802 0.08912
0 0.807335 0.076003 0.807851 0.074074 0.854597 0.083333 0.852789 0.059414
0 0.881973 0.031636 0.866994 0.037037 0.889979 0.091821
0 0.903667 0.121528 0.878874 0.068673 0.868285 0.085262
0 0.913481 0.099151 0.920971 0.114198 0.881198 0.151235
0 0.930785 0.091049 0.930785 0.091049 0.942149 0.094522 0.922262 0.146605
0 0.922262 0.061343 0.932851 0.069444 0.909866 0.118827
0 0.934659 0.08642 0.92407 0.080633 0.911157 0.135417
0 0.899793 0.047454 0.913481 0.048997 0.903667 0.118827
0 0.890496 0.039738 0.88249 0.050926 0.909866 0.100309
0 0.933368 0.156636 0.934659 0.172454 0.889979 0.169753
0 0.929752 0.190972 0.920971 0.20409 0.889979 0.161265
0 0.93905 0.21142 0.936467 0.193673 0.909091 0.21142
0 0.88249 0.174383 0.902893 0.241127 0.914773 0.231867
0 0.933368 0.238426 0.932076 0.255015 0.883781 0.250386
0 0.927169 0.30517 0.937758 0.290123 0.889205 0.240355
0 0.916581 0.295139 0.919163 0.316358 0.856405 0.313657
0 0.872417 0.197531 0.868285 0.213349 0.831612 0.177083
0 0.879907 0.241127 0.891271 0.231867 0.86751 0.185571
0 0.850207 0.274691 0.877583 0.216049 0.86751 0.20409
0 0.826705 0.229167 0.837035 0.283951 0.848915 0.278164
0 0.83032 0.30787 0.842717 0.309799 0.842717 0.243056
0 0.905992 0.346836 0.918388 0.354167 0.927169 0.290123
0 0.937242 0.337577 0.945248 0.32909 0.923554 0.275463
0 0.823605 0.114198 0.83032 0.116127 0.81844 0.150463
0 0.318957 0.369599 0.318957 0.369599 0.327996 0.380787 0.303461 0.407793