0 0.451705 0.435957 0.447056 0.422454 0.479339 0.405478
0 0.519628 0.41088 0.527893 0.40162 0.500775 0.365741
0 0.532541 0.38696 0.540806 0.385802 0.537448 0.429398
0 0.660124 0.361883 0.662707 0.375386 0.627324 0.38233
0 0.475723 0.503858 0.485279 0.506559 0.476756 0.550154
0 0.38843 0.530864 0.384039 0.513503 0.426395 0.502701
0 0.409866 0.569444 0.41219 0.555556 0.448605 0.576775
0 0.351756 0.582948 0.354081 0.568287 0.390238 0.585648 0.352273 0.582948
0 0.324638 0.441744 0.332903 0.429398 0.358213 0.481481
0 0.338585 0.626157 0.342717 0.611497 0.377324 0.64159
0 0.5 0.603781 0.487862 0.602238 0.489669 0.655093
0 0.509039 0.597222 0.517562 0.590664 0.500258 0.548997
0 0.545971 0.513503 0.535124 0.506559 0.519628 0.55787
0 0.540289 0.646219 0.55062 0.646219 0.541581 0.58642
0 0.564566 0.570988 0.575671 0.574846 0.565857 0.630015
0 0.62939 0.556713 0.631198 0.54321 0.598915 0.540123
0 0.582903 0.640818 0.584711 0.657022 0.627324 0.633102
0 0.646694 0.54321 0.6578 0.550154 0.633781 0.602238 0.646694 0.54321
0 0.670713 0.325231 0.674587 0.338735 0.637138 0.345293
0 0.718233 0.199074 0.709194 0.200617 0.715909 0.152778
0 0.822314 0.309028 0.830062 0.322145 0.79907 0.356867
0 0.891529 0.339506 0.889463 0.352238 0.848657 0.336034
0 0.72469 0.573302 0.728822 0.560571 0.692665 0.54321
0 0.692407 0.576003 0.697831 0.586806 0.666839 0.622299
0 0.701446 0.596065 0.690083 0.597994 0.698864 0.645448
0 0.772469 0.612654 0.767562 0.594136 0.72624 0.623071
0 0.866994 0.559414 0.861829 0.543981 0.821023 0.572145
0 0.864928 0.521991 0.860537 0.506559 0.822831 0.542052
0 0.902376 0.489969 0.889979 0.494985 0.90186 0.559799
0 0.830837 0.457176 0.828771 0.438272 0.873192 0.431327
0 0.906767 0.435185 0.917097 0.443673 0.910124 0.491127
0 0.938017 0.435957 0.947572 0.432099 0.932851 0.372685
0 0.930269 0.462963 0.941632 0.46412 0.932851 0.508488
0 0.942924 0.521991 0.95093 0.530864 0.926136 0.574074
0 0.952738 0.549769 0.943698 0.543981 0.936467 0.595293
0 0.930269 0.646605 0.921746 0.646219 0.921229 0.606096
0 0.869576 0.624228 0.866994 0.608796 0.903667 0.603781
0 0.859762 0.631944 0.858471 0.617284 0.816632 0.635031
0 0.854597 0.597222 0.86157 0.592593 0.862345 0.633102
0 0.779184 0.646219 0.784091 0.631944 0.811467 0.659722
0 0.76343 0.630787 0.770145 0.640818 0.738895 0.663966
0 0.709194 0.625 0.697572 0.634645 0.721591 0.677083
0 0.881198 0.685185 0.891529 0.684028 0.883523 0.64429
0 0.936467 0.693673 0.943698 0.69483 0.936725 0.739969
0 0.865702 0.692515 0.865444 0.707176 0.829287 0.69946
0 0.866736 0.764275 0.855888 0.768133 0.855114 0.712963
0 0.884814 0.802855 0.891271 0.788966 0.858471 0.766204
0 0.903151 0.817901 0.917355 0.815972 0.898502 0.744599
0 0.932851 0.849923 0.928719 0.863426 0.888946 0.842978
0 0.877066 0.861497 0.886364 0.867284 0.901085 0.800926
0 0.889463 0.814429 0.888688 0.827546 0.85124 0.815201
0 0.861054 0.787423 0.861829 0.800926 0.827479 0.802855
0 0.828771 0.792052 0.82438 0.800926 0.802944 0.770833
0 0.806043 0.808256 0.795971 0.810185 0.799845 0.751543
0 0.800362 0.730324 0.803719 0.743056 0.766787 0.763889
0 0.793388 0.753472 0.79907 0.763117 0.767304 0.79321
0 0.770145 0.717593 0.770661 0.701389 0.805527 0.709105
0 0.733988 0.749614 0.731405 0.733025 0.771952 0.732253
0 0.722107 0.701389 0.710486 0.698688 0.703512 0.751543
0 0.699122 0.731096 0.701705 0.744985 0.666581 0.749614
0 0.707386 0.678241 0.697831 0.671296 0.684659 0.707948
0 0.704029 0.810571 0.701705 0.796682 0.738895 0.79591
0 0.848915 0.841049 0.852014 0.825617 0.817924 0.807485
0 0.856405 0.85571 0.848915 0.841049 0.88688 0.828704
0 0.858988 0.868056 0.862862 0.856481 0.827996 0.835262
0 0.826188 0.857639 0.81844 0.856481 0.826188 0.805556
0 0.837293 0.864198 0.844267 0.85571 0.810692 0.822145
0 0.813791 0.868056 0.815857 0.858796 0.78564 0.837191
0 0.827996 0.871914 0.830837 0.859568 0.795196 0.840278
0 0.799587 0.871142 0.802428 0.861497 0.77376 0.841049
0 0.804752 0.871142 0.810176 0.86034 0.774019 0.844136
0 0.776343 0.868441 0.783058 0.85841 0.744318 0.823688 0.777893 0.869985
0 0.749483 0.863426 0.753357 0.847994 0.715134 0.841049
0 0.759814 0.871914 0.766787 0.862269 0.733729 0.827546
0 0.7172 0.826775 0.709452 0.832562 0.690083 0.788966
0 0.70687 0.835648 0.708161 0.822145 0.664256 0.827546
0 0.709969 0.871142 0.699638 0.867284 0.708161 0.822145
0 0.689824 0.87037 0.699122 0.86034 0.666064 0.818287
0 0.64876 0.822917 0.646178 0.808642 0.679752 0.807485
0 0.690083 0.771991 0.690083 0.788966 0.649793 0.779321
0 0.678202 0.864198 0.682335 0.850694 0.644112 0.83642
0 0.666064 0.864198 0.657025 0.863426 0.660899 0.808256
0 0.650052 0.872299 0.657025 0.863426 0.625517 0.827546
0 0.621643 0.869985 0.610537 0.869985 0.615186 0.81983
0 0.604597 0.872299 0.612345 0.865355 0.578771 0.83179
0 0.592459 0.829475 0.588068 0.812114 0.629907 0.796682
0 0.61312 0.759259 0.615186 0.773534 0.575155 0.79321
0 0.627324 0.746914 0.633781 0.759259 0.596333 0.79321
0 0.598915 0.715664 0.605888 0.698302 0.635847 0.75463
0 0.604597 0.736111 0.608729 0.748843 0.575155 0.764275
0 0.755165 0.688657 0.764979 0.687886 0.762138 0.732253
0 0.595816 0.686728 0.603306 0.696373 0.573864 0.743827
0 0.55062 0.672454 0.552944 0.68287 0.519628 0.694444
0 0.53125 0.648148 0.536157 0.658179 0.506715 0.674383
0 0.501291 0.628086 0.512913 0.630787 0.499483 0.690586
0 0.493802 0.677469 0.49251 0.692901 0.462035 0.676312
0 0.466684 0.65625 0.471074 0.671682 0.429752 0.69483
0 0.469783 0.626157 0.474174 0.642747 0.441374 0.66088
0 0.379907 0.63966 0.389205 0.630015 0.400568 0.682099
0 0.509814 0.732253 0.508523 0.713735 0.468492 0.728395
0 0.514463 0.716049 0.512397 0.731481 0.55062 0.739969
0 0.520145 0.741898 0.521436 0.755401 0.48218 0.753472
0 0.531767 0.748457 0.534866 0.760417 0.501291 0.777392
0 0.46281 0.790895 0.458678 0.77662 0.506715 0.771605
0 0.491219 0.797068 0.497676 0.785108 0.466426 0.758102
0 0.494318 0.835648 0.493543 0.85108 0.460744 0.837191
0 0.51188 0.841435 0.518337 0.830633 0.483988 0.802469
0 0.5297 0.822917 0.534349 0.812114 0.505424 0.783565
0 0.536415 0.803627 0.536157 0.816358 0.574897 0.811343
0 0.562242 0.849151 0.565857 0.834491 0.5297 0.822917
0 0.551653 0.854938 0.55811 0.849923 0.533574 0.807485
0 0.532283 0.864198 0.522211 0.863426 0.526601 0.816358
0 0.542872 0.856867 0.536932 0.864583 0.509814 0.846836
0 0.530475 0.869213 0.523502 0.876929 0.497676 0.841435 0.53125 0.871914
0 0.55062 0.868441 0.557593 0.860725 0.538223 0.833333
0 0.543905 0.873843 0.550362 0.86034 0.518079 0.83642
0 0.552428 0.877701 0.545196 0.866512 0.585227 0.843364
0 0.392304 0.750772 0.397469 0.765046 0.432335 0.726466
0 0.413481 0.76196 0.418647 0.77392 0.449638 0.746914 0.41374 0.761574
0 0.438017 0.783179 0.431043 0.79784 0.394112 0.766975
0 0.376033 0.819059 0.372934 0.802855 0.419938 0.79321
0 0.400568 0.822145 0.405733 0.808642 0.368543 0.793981
0 0.378874 0.781636 0.377583 0.770062 0.347882 0.783565
0 0.360021 0.8125 0.372159 0.814043 0.373709 0.754244
0 0.343233 0.809414 0.347624 0.793981 0.314308 0.773534
0 0.419421 0.837577 0.427944 0.842978 0.439566 0.792824
0 0.452996 0.843364 0.454804 0.856481 0.422004 0.851852
0 0.459452 0.864198 0.449122 0.868441 0.435434 0.826003
0 0.435692 0.872299 0.428977 0.867284 0.448605 0.826003
0 0.466426 0.862269 0.463326 0.875772 0.427686 0.856481
0 0.416839 0.868441 0.427686 0.864583 0.409607 0.815972
0 0.377324 0.858796 0.384556 0.869213 0.408316 0.819059 0.377583 0.85841
0 0.357955 0.858796 0.369835 0.85841 0.36312 0.812114
0 0.340651 0.86034 0.349174 0.854552 0.328512 0.8125
0 0.318182 0.818287 0.31095 0.830633 0.283833 0.786265
0 0.310434 0.779321 0.309143 0.763117 0.347107 0.758488
0 0.332128 0.689043 0.337552 0.679398 0.367769 0.713735
0 0.32438 0.658951 0.326446 0.643519 0.356663 0.665895
0 0.324638 0.711034 0.332128 0.719907 0.36312 0.678241
0 0.318182 0.725694 0.323864 0.737269 0.290289 0.765046
0 0.27531 0.750386 0.285124 0.759259 0.302428 0.69946
0 0.260072 0.75463 0.254132 0.741898 0.285899 0.717978
0 0.221333 0.716821 0.222624 0.70216 0.258006 0.72338
0 0.282025 0.700231 0.283316 0.684799 0.243027 0.683256
0 0.277376 0.647377 0.27686 0.659722 0.245868 0.657022
0 0.26782 0.619599 0.27686 0.612654 0.294938 0.66358
0 0.241994 0.625 0.24561 0.635031 0.270145 0.606096
0 0.22624 0.649306 0.222366 0.63696 0.250258 0.628086
0 0.282025 0.856867 0.288998 0.865355 0.314308 0.829475
0 0.307851 0.869985 0.30062 0.876157 0.279959 0.839506
0 0.286415 0.878086 0.294163 0.868056 0.26188 0.849923
0 0.268337 0.841435 0.256198 0.845293 0.248192 0.786265
0 0.241994 0.773534 0.24561 0.763117 0.270403 0.783179
0 0.253616 0.755401 0.243802 0.766975 0.217459 0.71412
0 0.211519 0.786265 0.209452 0.773534 0.243802 0.766975
0 0.212035 0.810571 0.209452 0.794753 0.245093 0.777778
0 0.188791 0.734954 0.190083 0.719522 0.223915 0.731481 0.18905 0.734954
0 0.193957 0.707948 0.191374 0.690972 0.234762 0.687886
0 0.254132 0.872299 0.260072 0.862269 0.225723 0.826775
0 0.239153 0.874228 0.235279 0.862269 0.270145 0.844136
0 0.232955 0.876157 0.243027 0.869213 0.216167 0.837191
0 0.222624 0.867284 0.227014 0.854938 0.188275 0.835648
0 0.205837 0.862654 0.216684 0.865355 0.2172 0.805556
0 0.178461 0.865355 0.185176 0.868441 0.182335 0.83179
0 0.193957 0.869213 0.185176 0.868441 0.19344 0.816358
0 0.190857 0.875772 0.198089 0.865355 0.170713 0.829861
0 0.146436 0.834491 0.156508 0.841049 0.16813 0.787423
0 0.153926 0.851852 0.161157 0.854552 0.169421 0.803627
0 0.165548 0.862269 0.174587 0.864583 0.16968 0.818287
0 0.166322 0.868056 0.177428 0.862654 0.177428 0.809414
0 0.18905 0.638889 0.18001 0.642361 0.170971 0.588349
0 0.192665 0.635802 0.186467 0.623071 0.209711 0.594136
0 0.166322 0.675154 0.173554 0.680941 0.186209 0.638889
0 0.1578 0.667824 0.153926 0.655864 0.185176 0.633873
0 0.157283 0.650077 0.154184 0.640818 0.175878 0.619213
0 0.15031 0.648534 0.149019 0.631173 0.185176 0.633873
0 0.148244 0.623457 0.149019 0.607639 0.184917 0.623457
0 0.161674 0.715664 0.155992 0.707176 0.185176 0.684028
0 0.155475 0.715664 0.162448 0.702546 0.186209 0.73804
0 0.147727 0.703318 0.153926 0.714892 0.180527 0.667438
0 0.179752 0.774691 0.179236 0.764275 0.215909 0.766975
0 0.177944 0.797068 0.172004 0.785108 0.210227 0.756173
0 0.161157 0.748457 0.156767 0.73804 0.188275 0.715664
0 0.14876 0.736883 0.152118 0.722608 0.190083 0.741127
0 0.152893 0.744985 0.1578 0.754244 0.18001 0.73804
0 0.153409 0.753472 0.158574 0.764275 0.199897 0.748843
0 0.170196 0.783179 0.164256 0.77392 0.192665 0.744985
0 0.155475 0.775463 0.158574 0.764275 0.190083 0.775849
0 0.153926 0.792052 0.153926 0.790895 0.153926 0.775849 0.196539 0.783179
0 0.142562 0.762346 0.147727 0.746914 0.16813 0.787423
0 0.270919 0.585648 0.269628 0.570988 0.310434 0.561343
0 0.25749 0.548997 0.263946 0.535494 0.297521 0.572145
0 0.293647 0.479552 0.303461 0.478395 0.308368 0.538194
0 0.298812 0.448688 0.298812 0.439815 0.322572 0.446759
0 0.258006 0.447917 0.247676 0.447531 0.253616 0.509645
0 0.192924 0.503472 0.196281 0.489198 0.23218 0.512346
0 0.187758 0.518904 0.19938 0.512346 0.206612 0.576775
0 0.186467 0.589506 0.18595 0.573302 0.226498 0.576775
0 0.15625 0.55787 0.150826 0.548997 0.180527 0.517361
0 0.15625 0.582948 0.149793 0.573302 0.170196 0.534336
0 0.14437 0.558642 0.149019 0.543981 0.178719 0.584877
0 0.445248 0.306713 0.454287 0.318287 0.426653 0.366898
0 0.411157 0.330247 0.415031 0.313657 0.377583 0.309799
0 0.233729 0.403549 0.244576 0.405478 0.243802 0.457562
0 0.154959 0.467978 0.155992 0.480324 0.18905 0.471065
0 0.152376 0.48534 0.1547 0.470679 0.19344 0.48534
0 0.152376 0.417824 0.155992 0.404321 0.192149 0.432099
0 0.156767 0.380401 0.158058 0.369599 0.19344 0.379244
0 0.150826 0.34375 0.159349 0.337577 0.165806 0.391975
0 0.420971 0.278935 0.410382 0.27392 0.41968 0.222994
0 0.38843 0.243056 0.385331 0.229938 0.420713 0.217978
0 0.371901 0.219136 0.378874 0.213349 0.393595 0.25463
0 0.352273 0.201003 0.34969 0.185571 0.385331 0.185571
0 0.437758 0.157407 0.445506 0.163966 0.431043 0.205633 0.437758 0.158179
0 0.446798 0.108025 0.452996 0.116127 0.428461 0.155478
0 0.50155 0.135417 0.495868 0.146605 0.463326 0.122685
0 0.466684 0.161265 0.470558 0.146991 0.50155 0.179398
0 0.416839 0.073302 0.41064 0.059799 0.384039 0.090664
0 0.376291 0.102238 0.380165 0.087191 0.33936 0.07716
0 0.345816 0.091821 0.340909 0.081019 0.3125 0.102623
0 0.306043 0.102238 0.30656 0.090664 0.278151 0.087963
0 0.438791 0.013889 0.436209 0.005015 0.405992 0.034722
0 0.452479 0.020448 0.446798 0.008873 0.416322 0.041667
0 0.50155 0.015432 0.495868 0.005015 0.463326 0.032022
0 0.282541 0.259645 0.278151 0.248843 0.302428 0.221836
0 0.24845 0.246914 0.238636 0.25 0.256198 0.300154
0 0.208936 0.271991 0.202479 0.280093 0.229081 0.313657
0 0.196798 0.242284 0.186983 0.243441 0.198089 0.292438
0 0.182335 0.235725 0.172779 0.23341 0.171488 0.291667
0 0.155992 0.23534 0.15031 0.239583 0.160382 0.272377
0 0.150052 0.203704 0.156508 0.203704 0.155475 0.231481
0 0.157283 0.196759 0.153409 0.203704 0.168388 0.237654
0 0.168388 0.196759 0.176653 0.195216 0.172004 0.244213
0 0.190341 0.1875 0.180527 0.1875 0.179236 0.235725
0 0.197314 0.222994 0.205062 0.216435 0.21875 0.265432
0 0.213585 0.201775 0.223915 0.201775 0.225207 0.258488
0 0.226498 0.217207 0.236054 0.214506 0.241994 0.270448
0 0.292097 0.180556 0.293647 0.171682 0.270919 0.162037
0 0.200671 0.140818 0.207128 0.138889 0.20687 0.179398
0 0.222624 0.094522 0.23218 0.092978 0.232696 0.149691
0 0.240702 0.07716 0.250258 0.065972 0.271694 0.122685
0 0.188791 0.139275 0.181818 0.131173 0.202996 0.090664
0 0.177428 0.108025 0.185176 0.106096 0.18905 0.156636
0 0.149535 0.119985 0.153409 0.108025 0.185692 0.146605
0 0.175362 0.061728 0.166839 0.064043 0.173554 0.106481
0 0.162965 0.071759 0.155992 0.080247 0.168388 0.11767
0 0.160382 0.062114 0.153926 0.071759 0.17407 0.102238
0 0.153926 0.175926 0.153409 0.185571 0.185692 0.181327
0 0.149019 0.174769 0.147469 0.188272 0.18001 0.194059
0 0.158574 0.161265 0.152893 0.17091 0.18001 0.190972
0 0.151601 0.150849 0.151601 0.165895 0.186983 0.154707
0 0.323864 0.052083 0.316116 0.040509 0.296229 0.075231
0 0.296746 0.062886 0.296746 0.049383 0.337552 0.054398
0 0.327738 0.015432 0.334711 0.008102 0.360795 0.047454
0 0.320506 0.021605 0.314824 0.009645 0.280733 0.040509
0 0.241736 0.030093 0.24561 0.01929 0.275568 0.033179
0 0.261105 0.005787 0.268853 0.01466 0.23657 0.048611
0 0.241994 0.010802 0.249483 0.021605 0.223915 0.036651
0 0.166322 0.035108 0.173554 0.028935 0.184917 0.075617
0 0.176136 0.023534 0.185692 0.021605 0.187758 0.067515
0 0.194731 0.028935 0.203771 0.032022 0.19344 0.081019
0 0.201188 0.023148 0.208161 0.029321 0.185176 0.080247
0 0.191374 0.041667 0.197831 0.028164 0.23218 0.038966
0 0.207128 0.01466 0.209452 0.025077 0.177169 0.035108
0 0.212035 0.017747 0.201188 0.023148 0.225207 0.071759