0 0.397211 0.544367 0.408574 0.547068 0.399277 0.602238
0 0.356405 0.494985 0.365186 0.482639 0.331095 0.447917
0 0.359504 0.438272 0.369835 0.44213 0.370351 0.391975
0 0.332128 0.347222 0.326963 0.333333 0.294938 0.374228
0 0.412707 0.32716 0.409607 0.306327 0.452479 0.304012
0 0.467459 0.362654 0.465393 0.344136 0.429752 0.364969
0 0.460744 0.333333 0.465909 0.319444 0.492769 0.365741
0 0.492252 0.334877 0.483988 0.320988 0.515496 0.286265
0 0.552169 0.346451 0.55062 0.331019 0.581095 0.326389
0 0.616736 0.337963 0.625 0.32716 0.592975 0.290123
0 0.585227 0.273148 0.58626 0.289352 0.618802 0.282407
0 0.630165 0.33642 0.642045 0.340278 0.641529 0.283951
0 0.605372 0.434414 0.610021 0.418981 0.64876 0.445602
0 0.673037 0.388117 0.684917 0.388117 0.678719 0.340278
0 0.689566 0.325617 0.682851 0.309414 0.646694 0.335648
0 0.670455 0.285494 0.682851 0.295525 0.690083 0.243056
0 0.330579 0.256944 0.32438 0.237654 0.37345 0.216821
0 0.311467 0.192901 0.300103 0.189815 0.296488 0.237654
0 0.228306 0.253086 0.235537 0.244599 0.206095 0.20679
0 0.251033 0.36034 0.259298 0.350309 0.235537 0.309414
0 0.271178 0.150463 0.275826 0.134259 0.308368 0.166667
0 0.278409 0.121142 0.275826 0.134259 0.306302 0.140432
0 0.228822 0.132716 0.22624 0.116512 0.271436 0.108796
0 0.375 0.178241 0.371384 0.155093 0.416839 0.152006
0 0.433884 0.152778 0.444731 0.148148 0.456612 0.210648
0 0.423037 0.122685 0.429752 0.108796 0.461777 0.152778
0 0.452996 0.134259 0.451446 0.117284 0.487603 0.125772
0 0.502583 0.145062 0.514979 0.13966 0.52686 0.199074
0 0.376033 0.079861 0.38688 0.088349 0.358988 0.135031
0 0.38843 0.048225 0.394628 0.057485 0.369318 0.086806
0 0.469525 0.07446 0.480888 0.072145 0.492252 0.12963
0 0.501033 0.112654 0.5 0.091049 0.541839 0.103395
0 0.541322 0.085262 0.542872 0.096836 0.582645 0.084491
0 0.511364 0.068287 0.51343 0.051312 0.556302 0.067515
0 0.481405 0.031636 0.485537 0.01659 0.530992 0.050154
0 0.539256 0.028164 0.534607 0.04591 0.581095 0.067515
0 0.576963 0.043596 0.58781 0.03125 0.616219 0.073688
0 0.580579 0.02662 0.591942 0.037423 0.5625 0.077546 0.579804 0.028164
0 0.59814 0.025077 0.591942 0.037423 0.633781 0.0625
0 0.612087 0.018133 0.606405 0.034336 0.65186 0.050154
0 0.615186 0.095293 0.616219 0.073688 0.655992 0.082948
0 0.556818 0.118056 0.565083 0.132716 0.528926 0.153549
0 0.537707 0.196759 0.530992 0.180556 0.567149 0.158179
0 0.556818 0.223765 0.554236 0.206019 0.510847 0.223765
0 0.566116 0.217593 0.554236 0.21142 0.573864 0.162809
0 0.588326 0.20679 0.583678 0.192901 0.609504 0.182099
0 0.623967 0.191358 0.618802 0.175926 0.654959 0.165895
0 0.615186 0.228395 0.61312 0.209105 0.652376 0.208333
0 0.467459 0.01659 0.458161 0.025849 0.48657 0.073688
0 0.451446 0.024306 0.458161 0.018133 0.469525 0.043596
0 0.435434 0.037809 0.444215 0.027392 0.475207 0.056327
0 0.431302 0.028164 0.440083 0.020448 0.46281 0.071373
0 0.425103 0.01659 0.414773 0.019676 0.438017 0.067515
0 0.397211 0.021991 0.402893 0.010417 0.439566 0.058256
0 0.383781 0.013503 0.375 0.020448 0.40031 0.072917
0 0.365702 0.013503 0.362603 0.022762 0.409091 0.041281
0 0.355888 0.027392 0.366219 0.018133 0.379649 0.076003
0 0.335227 0.013503 0.323347 0.024306 0.364669 0.076775
0 0.318698 0.011188 0.31095 0.019676 0.33626 0.056327
0 0.306818 0.011188 0.313017 0.028164 0.281767 0.049769
0 0.279442 0.019676 0.270145 0.009645 0.24845 0.051312
0 0.259814 0.004244 0.264463 0.017361 0.225723 0.030478
0 0.186983 0.011188 0.177686 0.018133 0.21126 0.066744
0 0.15186 0.108025 0.147727 0.089506 0.201446 0.080247
0 0.14282 0.038966 0.153926 0.041281 0.145145 0.099923
0 0.152893 0.028935 0.159607 0.022762 0.180785 0.071373 0.152893 0.028935
0 0.158058 0.012731 0.151343 0.023534 0.18905 0.051698
0 0.17407 0.26659 0.177686 0.25463 0.210744 0.28125
0 0.14282 0.295525 0.155475 0.291667 0.138946 0.227623
0 0.245868 0.667824 0.241736 0.653164 0.195764 0.674383
0 0.220041 0.641204 0.226756 0.622685 0.188533 0.602238
0 0.186467 0.627701 0.179236 0.615355 0.146178 0.666667
0 0.129649 0.560185 0.139979 0.560957 0.134814 0.626543
0 0.149277 0.569059 0.153151 0.555941 0.128099 0.544753
0 0.19938 0.558642 0.213843 0.552083 0.190083 0.48534
0 0.227273 0.436728 0.233471 0.41821 0.28125 0.456404
0 0.199897 0.431327 0.186983 0.42554 0.210227 0.37963 0.202479 0.43287
0 0.173037 0.44213 0.178202 0.43287 0.16064 0.404321
0 0.178719 0.378858 0.165806 0.368827 0.184917 0.325617
0 0.13249 0.392747 0.122934 0.382716 0.145145 0.341821
0 0.149793 0.462963 0.13688 0.456404 0.151343 0.402006
0 0.122934 0.466049 0.131715 0.471836 0.142562 0.416667
0 0.12345 0.483025 0.131715 0.471836 0.153926 0.526235
0 0.280475 0.734954 0.283574 0.717978 0.244576 0.707948
0 0.11312 0.809028 0.122159 0.804398 0.125517 0.866127
0 0.144112 0.82909 0.136364 0.815972 0.17562 0.780478
0 0.181302 0.841435 0.195764 0.836806 0.180269 0.773534
0 0.152893 0.853781 0.153926 0.835262 0.20093 0.857639
0 0.188017 0.875386 0.195248 0.886188 0.22314 0.846836
0 0.220041 0.877701 0.226756 0.890046 0.262655 0.849151
0 0.306818 0.896219 0.294938 0.878472 0.338843 0.842978
0 0.261364 0.866898 0.266012 0.880787 0.293388 0.846836
0 0.246901 0.876929 0.249483 0.887731 0.287707 0.861497
0 0.299587 0.826775 0.29907 0.808256 0.345041 0.82446
0 0.322314 0.782793 0.316116 0.764275 0.278926 0.801312
0 0.507748 0.779707 0.504132 0.765818 0.477273 0.795139
0 0.444215 0.680941 0.442665 0.663194 0.491736 0.674769
0 0.563017 0.894676 0.563533 0.877701 0.518079 0.879244
0 0.672004 0.807485 0.668388 0.792824 0.700413 0.778935
0 0.572831 0.904707 0.580062 0.895448 0.548037 0.856867
0 0.596591 0.770448 0.58781 0.755787 0.622417 0.721836
0 0.705579 0.752701 0.704545 0.736497 0.743285 0.755787 0.704545 0.755787
0 0.785124 0.703318 0.77686 0.687886 0.81405 0.665509
0 0.747417 0.603781 0.754649 0.590664 0.784091 0.633102
0 0.841942 0.643133 0.835227 0.623071 0.798554 0.659336
0 0.780475 0.811343 0.769628 0.804398 0.780992 0.76196
0 0.766012 0.826003 0.762913 0.810571 0.735021 0.844522
0 0.774277 0.896991 0.760847 0.895448 0.767562 0.834491
0 0.730888 0.908565 0.721074 0.898534 0.751033 0.86304
0 0.742769 0.863812 0.745351 0.88233 0.708161 0.877701
0 0.715393 0.900849 0.720041 0.875386 0.672004 0.880787
0 0.888946 0.691744 0.878099 0.701003 0.858471 0.640046
0 0.893595 0.73341 0.887913 0.748843 0.851756 0.704861
0 0.858471 0.765818 0.844008 0.764275 0.854855 0.71412
0 0.820764 0.762731 0.828512 0.749614 0.852789 0.786651
0 0.839876 0.792052 0.831612 0.774306 0.797004 0.811343
0 0.857438 0.804398 0.856921 0.790509 0.822831 0.798997
0 0.808884 0.842207 0.804236 0.826775 0.844525 0.816744
0 0.827479 0.890818 0.839876 0.893904 0.844525 0.829861
0 0.844525 0.907022 0.84814 0.89159 0.804236 0.873843
0 0.853306 0.903935 0.864669 0.898534 0.845558 0.851466
0 0.881715 0.846836 0.881715 0.862269 0.843492 0.845293
0 0.70093 0.506173 0.711777 0.502315 0.71281 0.560185
0 0.735021 0.444444 0.742769 0.458333 0.707128 0.487269
0 0.739153 0.469136 0.749483 0.464506 0.758781 0.522377
0 0.778926 0.491127 0.789773 0.488426 0.784607 0.535494
0 0.805785 0.489969 0.811983 0.479167 0.779442 0.450617
0 0.863636 0.466435 0.85124 0.460262 0.843492 0.533179
0 0.86312 0.433642 0.854339 0.426698 0.869318 0.397377
0 0.896694 0.380401 0.886364 0.376543 0.880165 0.4375
0 0.933884 0.428241 0.930785 0.409722 0.892045 0.44213
0 0.928719 0.464506 0.92407 0.450617 0.884814 0.481481
0 0.9375 0.487269 0.931818 0.469907 0.895661 0.51196
0 0.720558 0.263117 0.730372 0.25463 0.752066 0.307099
0 0.695764 0.226852 0.695764 0.226852 0.702479 0.240741 0.739153 0.214506
0 0.72314 0.240741 0.727273 0.251543 0.756198 0.219907
0 0.802169 0.225309 0.8125 0.232253 0.787707 0.270833
0 0.820764 0.260031 0.825413 0.277006 0.776343 0.289352
0 0.809401 0.202932 0.822831 0.199074 0.831095 0.262346
0 0.853822 0.282407 0.862603 0.292438 0.839876 0.327932
0 0.902376 0.227623 0.889463 0.226852 0.891012 0.291667
0 0.936983 0.369599 0.927169 0.363426 0.908058 0.415123
0 0.93595 0.347222 0.927686 0.347222 0.929752 0.391975
0 0.92562 0.342593 0.930785 0.350309 0.899277 0.381944
0 0.811983 0.181327 0.805269 0.172068 0.827996 0.143519
0 0.784607 0.195988 0.783574 0.174383 0.744318 0.18287
0 0.738636 0.192901 0.729855 0.182099 0.75 0.155864
0 0.753099 0.141975 0.75 0.155864 0.787707 0.162037
0 0.68595 0.161265 0.683368 0.146605 0.729855 0.14429
0 0.684401 0.183642 0.686467 0.192901 0.721591 0.16821
0 0.671488 0.201389 0.672004 0.186728 0.71436 0.198302
0 0.672521 0.167438 0.684917 0.169753 0.674587 0.23071
0 0.63843 0.131944 0.647727 0.117284 0.68595 0.161265
0 0.656508 0.119599 0.657541 0.10571 0.698347 0.122685
0 0.66374 0.079861 0.657541 0.094136 0.708678 0.118827
0 0.72624 0.096065 0.730372 0.08179 0.763946 0.115741
0 0.777376 0.080633 0.77376 0.066744 0.738636 0.082948
0 0.806818 0.104167 0.809917 0.087963 0.842459 0.096065
0 0.795971 0.096065 0.799587 0.081404 0.832645 0.111111
0 0.672004 0.042824 0.676136 0.03125 0.698347 0.065972
0 0.683368 0.035108 0.686467 0.023534 0.720558 0.065972
0 0.696798 0.030478 0.688533 0.018133 0.666839 0.077546
0 0.715909 0.032022 0.72469 0.042824 0.693182 0.08179
0 0.726756 0.023534 0.720041 0.03588 0.754132 0.056713
0 0.866219 0.155093 0.858988 0.14429 0.833678 0.181327
0 0.898244 0.190586 0.893079 0.175926 0.86157 0.205247
0 0.883264 0.149691 0.871901 0.149691 0.885331 0.199846
0 0.858471 0.12963 0.867252 0.121142 0.882231 0.179784
0 0.592975 0.327932 0.604339 0.328704 0.606921 0.407407
0 0.90186 0.186728 0.910124 0.195216 0.882748 0.246914
0 0.924587 0.219907 0.930785 0.23071 0.913223 0.271605
0 0.930785 0.213735 0.936983 0.23071 0.901343 0.252315
0 0.914773 0.176698 0.92407 0.180556 0.913223 0.231481
0 0.936983 0.184414 0.928202 0.173611 0.908574 0.222994
0 0.931302 0.515432 0.935434 0.528549 0.899277 0.555556
0 0.944731 0.55054 0.935434 0.557099 0.918905 0.502315
0 0.928719 0.544753 0.935434 0.557099 0.904959 0.587191
0 0.929752 0.599151 0.938533 0.584105 0.907541 0.531636
0 0.926653 0.602623 0.932335 0.61767 0.91064 0.636188
0 0.943182 0.61767 0.938017 0.600309 0.903409 0.629244
0 0.940083 0.624228 0.930269 0.607253 0.910124 0.67554
0 0.920971 0.698688 0.91064 0.692515 0.898244 0.722222
0 0.916839 0.684028 0.911157 0.701003 0.880682 0.650849
0 0.935434 0.658951 0.928719 0.642361 0.892562 0.661265
0 0.942665 0.650849 0.933884 0.637346 0.910124 0.684028
0 0.9375 0.68017 0.933368 0.666281 0.896178 0.697145
0 0.893595 0.765818 0.895145 0.774306 0.866736 0.783565
0 0.898244 0.791281 0.90031 0.775849 0.863636 0.76196
0 0.878616 0.801312 0.874483 0.811343 0.845041 0.771991
0 0.92407 0.137731 0.929236 0.143904 0.906767 0.189815
0 0.936725 0.135802 0.927944 0.12963 0.918388 0.183642
0 0.911674 0.109568 0.915806 0.120756 0.880682 0.138503
0 0.869318 0.095293 0.864669 0.107639 0.885331 0.150077
0 0.856405 0.106481 0.865961 0.096065 0.889463 0.128472
0 0.849948 0.08642 0.858471 0.078318 0.878357 0.133488
0 0.881457 0.042438 0.872934 0.047454 0.892045 0.084491
0 0.878099 0.034722 0.868027 0.043981 0.891012 0.091435
0 0.85124 0.037423 0.848657 0.047068 0.884298 0.057485
0 0.862862 0.03588 0.85124 0.037423 0.872934 0.098765
0 0.83626 0.035494 0.831612 0.047454 0.863378 0.067901
0 0.827479 0.048225 0.824122 0.056713 0.863378 0.067901
0 0.823089 0.04321 0.816374 0.048997 0.846591 0.082176
0 0.801395 0.02662 0.79468 0.034722 0.832386 0.07446
0 0.789256 0.050926 0.795713 0.041281 0.827221 0.072145
0 0.783574 0.037037 0.79313 0.029707 0.823089 0.072917
0 0.748967 0.033179 0.755682 0.042052 0.71875 0.087963
0 0.748967 0.046682 0.752324 0.039738 0.783574 0.073688
0 0.756457 0.030093 0.748192 0.039352 0.786932 0.06983
0 0.778926 0.048225 0.772211 0.053241 0.815083 0.086034
0 0.776601 0.031636 0.771952 0.041667 0.813275 0.077932
0 0.905475 0.080247 0.90031 0.070988 0.878099 0.101852
0 0.93595 0.101852 0.925103 0.096451 0.91374 0.160494
0 0.93905 0.087963 0.929752 0.07716 0.916322 0.131173
0 0.909091 0.092593 0.917355 0.090278 0.920971 0.132716
0 0.928719 0.072531 0.915289 0.070216 0.920971 0.132716
0 0.912707 0.047068 0.905475 0.056327 0.922004 0.098765
0 0.892562 0.064043 0.901343 0.059414 0.912707 0.090278
0 0.904442 0.037809 0.895661 0.047068 0.913223 0.080247
0 0.887913 0.039352 0.899793 0.03858 0.896178 0.085648
0 0.922521 0.314815 0.919938 0.329475 0.883264 0.320216
0 0.923554 0.322531 0.928202 0.337191 0.897211 0.361883
0 0.933368 0.32716 0.933368 0.339506 0.885847 0.332562
0 0.943182 0.332562 0.933884 0.321759 0.915806 0.371914
0 0.936983 0.3125 0.931302 0.299383 0.897727 0.337963
0 0.930269 0.283179 0.933884 0.295525 0.897211 0.300926
0 0.918388 0.265432 0.927169 0.273148 0.914773 0.311728
0 0.931818 0.263117 0.936983 0.274691 0.899793 0.29784
0 0.941116 0.296296 0.931302 0.299383 0.928202 0.246914
0 0.866736 0.877315 0.871384 0.884259 0.889979 0.853395
0 0.899793 0.847222 0.889463 0.850309 0.872934 0.80787
0 0.881198 0.789352 0.876033 0.804784 0.916839 0.8125
0 0.897727 0.816358 0.900826 0.802469 0.860021 0.808642
0 0.905475 0.83179 0.903926 0.814815 0.857955 0.834105
0 0.892562 0.807099 0.903926 0.814815 0.909091 0.777006
0 0.878616 0.904321 0.887397 0.902778 0.877583 0.858796
0 0.898244 0.908951 0.898244 0.89892 0.858988 0.881173
0 0.889979 0.891204 0.897727 0.885031 0.871384 0.83642
0 0.903926 0.895833 0.911157 0.891975 0.900826 0.850309
0 0.903409 0.908179 0.909091 0.899691 0.877583 0.858796
0 0.915289 0.891204 0.911674 0.901235 0.873967 0.841821
0 0.919938 0.885802 0.912707 0.88966 0.899793 0.840278
0 0.923554 0.880401 0.918905 0.891975 0.90031 0.833333
0 0.932335 0.864969 0.927169 0.875772 0.90031 0.833333
0 0.929752 0.886574 0.919938 0.885802 0.91374 0.821759
0 0.928719 0.856481 0.931818 0.850309 0.907541 0.8125 0.928719 0.859568
0 0.936983 0.86034 0.942149 0.847222 0.903926 0.814815
0 0.938017 0.834877 0.933884 0.849537 0.907541 0.8125
0 0.929752 0.815586 0.929236 0.83179 0.889979 0.804784
0 0.919938 0.807099 0.909091 0.804012 0.919421 0.760031
0 0.919938 0.75 0.919421 0.760031 0.883781 0.759259
0 0.934917 0.782407 0.933368 0.793981 0.899793 0.781636
0 0.938017 0.802469 0.93905 0.78858 0.904959 0.79321
0 0.926136 0.748457 0.928202 0.739198 0.897727 0.72608
0 0.928202 0.732253 0.931302 0.743827 0.893079 0.753858
0 0.9375 0.739969 0.930269 0.731481 0.928202 0.779321
0 0.941632 0.75 0.936467 0.731481 0.904959 0.777006
0 0.932851 0.716049 0.933368 0.731481 0.887913 0.722222
0 0.945248 0.706019 0.940083 0.694444 0.917872 0.736111
0 0.932335 0.685185 0.940083 0.694444 0.914256 0.72608