0 0.175103 0.048611 0.185176 0.048997 0.182851 0.106096
0 0.207645 0.044367 0.213843 0.053241 0.186467 0.096451
0 0.152893 0.054012 0.160899 0.048611 0.179752 0.101466
0 0.140238 0.054784 0.145145 0.048611 0.165548 0.086034
0 0.133781 0.065972 0.138946 0.05787 0.163481 0.089892
0 0.126033 0.07716 0.129907 0.067515 0.159607 0.095679
0 0.127066 0.084105 0.136105 0.084877 0.128099 0.131944
0 0.139979 0.099537 0.146178 0.089506 0.178461 0.139275
0 0.135331 0.11304 0.136364 0.102238 0.174587 0.116898
0 0.162965 0.102623 0.167614 0.093364 0.189308 0.133102
0 0.13094 0.126543 0.138688 0.118056 0.160382 0.166281
0 0.120868 0.150849 0.126291 0.13696 0.172004 0.17554
0 0.119576 0.16821 0.126808 0.161265 0.145661 0.209105
0 0.116994 0.181327 0.124483 0.174769 0.14437 0.220293
0 0.228822 0.048611 0.235279 0.060957 0.196798 0.099537
0 0.250258 0.064043 0.251033 0.075617 0.219008 0.072145
0 0.267562 0.049383 0.274535 0.061728 0.239669 0.096451
0 0.332645 0.039738 0.338585 0.052855 0.299845 0.068673
0 0.207386 0.100694 0.218492 0.099151 0.213326 0.154707
0 0.190599 0.163966 0.200413 0.162809 0.188791 0.11034
0 0.206095 0.165123 0.216167 0.162809 0.219267 0.219907
0 0.344008 0.119985 0.340134 0.133873 0.306818 0.104938
0 0.306818 0.183642 0.317149 0.189043 0.296229 0.248843
0 0.139205 0.174769 0.147727 0.169753 0.153151 0.19213 0.153667 0.19213 0.16219 0.222608
0 0.384298 0.042824 0.387655 0.055941 0.353306 0.072531
0 0.392045 0.059799 0.396694 0.071759 0.364411 0.094522
0 0.423554 0.091821 0.428719 0.104552 0.392045 0.12963
0 0.376033 0.207562 0.375775 0.185185 0.431302 0.190972
0 0.512913 0.112269 0.514721 0.130401 0.471591 0.135031
0 0.439824 0.057099 0.444215 0.044367 0.472882 0.065586
0 0.516012 0.046296 0.520661 0.05787 0.494576 0.071373
0 0.493285 0.065586 0.494576 0.07909 0.459194 0.064043
0 0.5297 0.05787 0.534607 0.043596 0.567665 0.075231
0 0.534091 0.153549 0.525826 0.139275 0.55811 0.107253
0 0.621126 0.159336 0.633523 0.163966 0.61751 0.228781
0 0.61751 0.081019 0.619318 0.095679 0.58187 0.107253
0 0.612087 0.060957 0.613378 0.077546 0.571539 0.073688
0 0.636622 0.077546 0.643337 0.09375 0.610795 0.11304
0 0.607696 0.057099 0.613895 0.045525 0.646178 0.081019
0 0.685434 0.047068 0.694215 0.059414 0.654184 0.096451
0 0.713843 0.061728 0.722624 0.054012 0.742252 0.101466
0 0.731405 0.057485 0.740444 0.049769 0.758781 0.105324
0 0.770661 0.057485 0.780992 0.053241 0.791064 0.110725
0 0.788998 0.064429 0.797262 0.048225 0.832903 0.101852
0 0.722882 0.135802 0.721333 0.155864 0.684401 0.133873
0 0.771694 0.109954 0.778151 0.128472 0.728306 0.148534
0 0.808368 0.09838 0.812758 0.114583 0.777376 0.119599
0 0.813275 0.059414 0.823605 0.051698 0.841942 0.105324
0 0.819215 0.061728 0.825671 0.049383 0.856663 0.092593
0 0.853564 0.0625 0.863895 0.052855 0.883264 0.107253
0 0.794938 0.14429 0.798037 0.163966 0.748967 0.175154
0 0.822572 0.111497 0.827221 0.126929 0.791064 0.140046
0 0.858471 0.131944 0.854081 0.147762 0.822572 0.114969
0 0.826963 0.147762 0.829545 0.163194 0.792872 0.167824
0 0.812242 0.205247 0.813017 0.223765 0.769112 0.216049
0 0.883264 0.064429 0.895919 0.064429 0.893337 0.126543
0 0.905217 0.065201 0.912707 0.067515 0.900826 0.101466
0 0.909607 0.069444 0.919421 0.064429 0.928461 0.122299
0 0.907541 0.099537 0.917355 0.104938 0.903409 0.150077
0 0.932076 0.124614 0.938275 0.136574 0.901343 0.167824
0 0.932335 0.138503 0.941116 0.150463 0.895403 0.19213
0 0.935434 0.186343 0.94344 0.195602 0.915548 0.224537
0 0.927686 0.18287 0.934401 0.190972 0.902376 0.197917
0 0.932335 0.153935 0.944731 0.161265 0.923037 0.198688
0 0.880165 0.207948 0.894628 0.211034 0.880682 0.279707
0 0.885847 0.190586 0.887138 0.208333 0.849432 0.207176
0 0.871643 0.287037 0.877324 0.272762 0.841426 0.252701
0 0.930269 0.285108 0.925878 0.299383 0.888171 0.271991
0 0.764979 0.258873 0.780217 0.26196 0.770919 0.330633
0 0.710486 0.270448 0.706095 0.293981 0.648502 0.260417
0 0.884298 0.326775 0.887913 0.307099 0.830062 0.283951
0 0.93905 0.294753 0.942665 0.313272 0.899535 0.325231
0 0.80062 0.42091 0.79468 0.439429 0.757748 0.405093
0 0.769886 0.469136 0.772727 0.449074 0.813533 0.470293
0 0.643595 0.347222 0.648244 0.362654 0.681302 0.335262
0 0.80811 0.370756 0.817149 0.364969 0.803719 0.333719
0 0.82438 0.346065 0.836519 0.346451 0.829029 0.400077
0 0.862862 0.402778 0.875517 0.39892 0.875258 0.459491
0 0.862087 0.506173 0.87345 0.517361 0.842975 0.565972
0 0.938791 0.34375 0.947831 0.35841 0.912448 0.406636
0 0.942665 0.537809 0.945764 0.556713 0.908316 0.562114
0 0.906508 0.438272 0.917355 0.435957 0.917097 0.481481
0 0.942407 0.427083 0.951188 0.423225 0.93311 0.379244
0 0.944473 0.42284 0.947314 0.433256 0.911932 0.434414
0 0.939824 0.439815 0.94344 0.430941 0.919421 0.417438
0 0.928977 0.436728 0.936725 0.440972 0.918647 0.480324
0 0.945764 0.457562 0.948864 0.466821 0.917614 0.480324
0 0.94189 0.441744 0.948089 0.450617 0.923554 0.503472
0 0.944215 0.430556 0.944731 0.43017 0.950413 0.439815 0.923812 0.472608
0 0.938533 0.467978 0.948347 0.475694 0.932076 0.511188
0 0.938533 0.582176 0.938791 0.581404 0.943698 0.570602 0.909607 0.546682
0 0.946281 0.565972 0.954287 0.574846 0.919938 0.610725
0 0.942407 0.619213 0.948089 0.631559 0.910124 0.652392
0 0.943698 0.819059 0.952221 0.810185 0.93001 0.76196
0 0.947056 0.783565 0.95532 0.777392 0.934659 0.725694
0 0.882748 0.811728 0.894886 0.8125 0.887138 0.751929
0 0.858988 0.753472 0.866994 0.765818 0.833161 0.799769
0 0.844525 0.73804 0.845041 0.721451 0.878616 0.733025
0 0.936209 0.920525 0.945506 0.91821 0.940083 0.863426
0 0.91813 0.93287 0.928977 0.929784 0.931302 0.865741
0 0.9078 0.925154 0.897986 0.920139 0.917355 0.857253
0 0.866994 0.89159 0.87345 0.881173 0.840393 0.849923
0 0.868027 0.864969 0.877324 0.855324 0.846849 0.809028
0 0.865186 0.94213 0.87655 0.945602 0.873192 0.887731 0.864153 0.94213
0 0.830062 0.945988 0.824897 0.93287 0.859504 0.917824
0 0.810176 0.95409 0.81689 0.944059 0.77531 0.908565
0 0.808368 0.934799 0.81689 0.945988 0.837552 0.898148
0 0.831612 0.88966 0.833936 0.877701 0.800878 0.867284
0 0.774277 0.900077 0.780475 0.912809 0.813791 0.882716
0 0.760847 0.866512 0.768595 0.881944 0.803461 0.842978
0 0.754907 0.863812 0.757231 0.846836 0.713585 0.84838
0 0.748967 0.84375 0.748192 0.826775 0.788481 0.834491
0 0.81095 0.79321 0.81095 0.79321 0.821539 0.796682 0.812242 0.845679
0 0.733988 0.813272 0.741219 0.826003 0.765496 0.788966
0 0.778667 0.777778 0.782025 0.765046 0.74845 0.755015
0 0.795455 0.758873 0.795455 0.740741 0.841426 0.75
0 0.809659 0.66088 0.81095 0.673611 0.841426 0.665509
0 0.672779 0.816358 0.677944 0.802083 0.712293 0.83642
0 0.709969 0.820216 0.71875 0.810571 0.685434 0.770448
0 0.74845 0.923611 0.754132 0.914738 0.727014 0.884645
0 0.725981 0.941358 0.732955 0.953318 0.751291 0.91821
0 0.716684 0.917824 0.722882 0.908179 0.748967 0.950617
0 0.695764 0.937114 0.698864 0.947917 0.731663 0.932099
0 0.706353 0.925926 0.718233 0.923225 0.706353 0.863426
0 0.691374 0.913966 0.69189 0.895833 0.733471 0.904707
0 0.676911 0.948302 0.671229 0.935957 0.702221 0.907022
0 0.658574 0.945602 0.666064 0.942515 0.647727 0.898148
0 0.659607 0.955633 0.653926 0.946759 0.685434 0.921682
0 0.603306 0.957562 0.597366 0.94946 0.62345 0.92091
0 0.635072 0.937114 0.639979 0.94483 0.674845 0.916281
0 0.64282 0.953704 0.649793 0.942901 0.620868 0.909722
0 0.650052 0.952546 0.637397 0.941744 0.677944 0.921296 0.650052 0.95409
0 0.541839 0.934799 0.541322 0.917052 0.586002 0.920139
0 0.58626 0.950231 0.594008 0.941744 0.562242 0.898148
0 0.588843 0.938272 0.596333 0.947531 0.614928 0.888117
0 0.598657 0.946373 0.589618 0.936343 0.626808 0.897762
0 0.567149 0.772377 0.58032 0.771219 0.575671 0.837191
0 0.58936 0.761574 0.599174 0.761574 0.594783 0.819059
0 0.56999 0.80054 0.572314 0.816358 0.5328 0.81983
0 0.575413 0.741512 0.585744 0.728781 0.545713 0.69213
0 0.519886 0.949846 0.530992 0.947145 0.512138 0.890818
0 0.480114 0.942515 0.489411 0.946759 0.496126 0.896219
0 0.469267 0.892747 0.477789 0.883488 0.498967 0.942515
0 0.458936 0.94483 0.469783 0.947145 0.470816 0.889275 0.458419 0.946373
0 0.452479 0.949846 0.464101 0.95216 0.469267 0.888889
0 0.442924 0.937886 0.450155 0.944059 0.458161 0.90162 0.442149 0.937114
0 0.429752 0.94213 0.441116 0.946759 0.45532 0.903549
0 0.423037 0.945216 0.431302 0.954475 0.457386 0.886188
0 0.409349 0.937886 0.415806 0.949074 0.440857 0.900463
0 0.402118 0.860725 0.405992 0.874228 0.364928 0.883488
0 0.403151 0.861497 0.396694 0.846451 0.4375 0.822531
0 0.374225 0.895833 0.381715 0.885417 0.399019 0.926698
0 0.340909 0.838349 0.346591 0.85108 0.374483 0.816358
0 0.335744 0.834877 0.340134 0.821759 0.303461 0.815586
0 0.329287 0.869213 0.33187 0.88233 0.369576 0.85841
0 0.382231 0.934414 0.388688 0.948302 0.419421 0.904321
0 0.356405 0.936728 0.362087 0.947917 0.391787 0.912037
0 0.33626 0.944059 0.344008 0.952546 0.365444 0.912037
0 0.326963 0.945216 0.335744 0.939429 0.3125 0.890818
0 0.305269 0.942901 0.298554 0.932485 0.335486 0.892361
0 0.295971 0.941358 0.30062 0.954861 0.341684 0.92284
0 0.262655 0.873843 0.259039 0.858796 0.301136 0.851852
0 0.281508 0.907022 0.291064 0.910494 0.29468 0.851852
0 0.277376 0.939815 0.287448 0.946373 0.304494 0.880787
0 0.263688 0.933256 0.27376 0.939429 0.280733 0.893904
0 0.251033 0.94213 0.255424 0.954861 0.289256 0.921296
0 0.2172 0.943673 0.227014 0.941744 0.206353 0.883488
0 0.24251 0.937886 0.239153 0.94946 0.203512 0.926312
0 0.239669 0.942901 0.248967 0.933642 0.221074 0.891204
0 0.241994 0.927855 0.246643 0.933642 0.269628 0.896605
0 0.238378 0.944059 0.246384 0.953704 0.272211 0.902778
0 0.222366 0.912809 0.230114 0.923611 0.258006 0.881173
0 0.241477 0.909722 0.24406 0.921682 0.270403 0.915509
0 0.172521 0.912809 0.183368 0.91358 0.179752 0.857253
0 0.186467 0.885417 0.186725 0.865741 0.239669 0.876157
0 0.179494 0.912037 0.190083 0.915509 0.198089 0.856867
0 0.171746 0.939429 0.177686 0.949846 0.209711 0.919367
0 0.187242 0.915895 0.190083 0.928627 0.221591 0.910494
0 0.150826 0.935957 0.153409 0.949074 0.197831 0.920525
0 0.133264 0.93017 0.136364 0.942515 0.186725 0.92091 0.133006 0.929012
0 0.124483 0.932485 0.131457 0.946373 0.172521 0.905478 0.12345 0.931713
0 0.118543 0.929398 0.119835 0.915123 0.140496 0.934799
0 0.127841 0.925154 0.123967 0.911265 0.153151 0.914738
0 0.130165 0.90162 0.128874 0.917052 0.16064 0.907407
0 0.10124 0.896991 0.108213 0.886574 0.129907 0.923611
0 0.100465 0.881559 0.104339 0.869985 0.136105 0.907407
0 0.209452 0.797068 0.216426 0.784722 0.252583 0.841049
0 0.196281 0.839892 0.207386 0.837577 0.194731 0.787423
0 0.154959 0.825231 0.158316 0.812114 0.195506 0.837963
0 0.151343 0.828318 0.164256 0.826775 0.151343 0.905093
0 0.134039 0.827546 0.138688 0.838735 0.175362 0.800154
0 0.10124 0.86767 0.106921 0.856096 0.123709 0.905093
0 0.128099 0.905478 0.141787 0.908179 0.137397 0.847994
0 0.11157 0.86034 0.120093 0.85108 0.132748 0.89892
0 0.110795 0.850309 0.11906 0.840278 0.136364 0.894676
0 0.09969 0.832948 0.107696 0.827546 0.120868 0.883102
0 0.182851 0.792052 0.18156 0.774691 0.229339 0.774306
0 0.105888 0.840278 0.106663 0.824846 0.138946 0.845293
0 0.100981 0.821759 0.107438 0.804784 0.136622 0.843364
0 0.100981 0.806713 0.106663 0.793981 0.138946 0.842593
0 0.104597 0.802469 0.112345 0.787423 0.133781 0.830633
0 0.098915 0.772377 0.106147 0.759259 0.142045 0.828318
0 0.159607 0.725309 0.165289 0.709877 0.205062 0.744985
0 0.10124 0.755787 0.109762 0.741127 0.134556 0.79321
0 0.103306 0.749228 0.115961 0.740741 0.133781 0.781636
0 0.253099 0.773534 0.254649 0.75733 0.303719 0.773148
0 0.232955 0.759645 0.23218 0.744213 0.275826 0.741127
0 0.336777 0.732253 0.341684 0.750386 0.300362 0.763889
0 0.288223 0.73534 0.298812 0.726466 0.270403 0.681713
0 0.38249 0.708719 0.384039 0.72608 0.346591 0.721836
0 0.453771 0.74267 0.453771 0.74267 0.467459 0.739583 0.450155 0.680556
0 0.332128 0.57909 0.3453 0.56983 0.319731 0.510417
0 0.292614 0.48341 0.300878 0.475309 0.272469 0.434028
0 0.302169 0.402392 0.313017 0.391204 0.282541 0.346065
0 0.212293 0.394676 0.221333 0.386188 0.232696 0.434028
0 0.223399 0.336034 0.230114 0.344907 0.196539 0.392747
0 0.256973 0.24267 0.246643 0.232253 0.229855 0.292824
0 0.159091 0.1875 0.162448 0.17284 0.201188 0.185957
0 0.16374 0.184028 0.153667 0.19213 0.173037 0.23804
0 0.130682 0.226466 0.138171 0.217207 0.153409 0.262346
0 0.162707 0.260802 0.175362 0.260802 0.168647 0.326775
0 0.140754 0.271991 0.149019 0.26466 0.164514 0.314815
0 0.11157 0.330633 0.120868 0.322145 0.132748 0.365355
0 0.116994 0.329861 0.114153 0.313272 0.1547 0.311728
0 0.125775 0.298611 0.134556 0.291667 0.14437 0.342593
0 0.113636 0.278164 0.123709 0.271605 0.134039 0.332562
0 0.116219 0.265432 0.120093 0.250386 0.153667 0.297068
0 0.11906 0.240741 0.11906 0.240741 0.124742 0.248457 0.134039 0.201003
0 0.114669 0.244213 0.119576 0.231096 0.144112 0.270062
0 0.117769 0.369985 0.125775 0.362269 0.134039 0.416281
0 0.124225 0.368441 0.135331 0.356867 0.151343 0.420139
0 0.114928 0.418596 0.123967 0.408951 0.145145 0.449846
0 0.108729 0.412423 0.117252 0.402778 0.134814 0.458333
0 0.108471 0.427083 0.116219 0.420139 0.127841 0.475309
0 0.168388 0.513889 0.177686 0.521991 0.188017 0.471065
0 0.219525 0.544367 0.231405 0.545525 0.217975 0.607253
0 0.151085 0.535494 0.151085 0.51929 0.203771 0.525463
0 0.123192 0.509259 0.11906 0.493056 0.16968 0.481096
0 0.141787 0.551312 0.149019 0.544753 0.157541 0.587577
0 0.127841 0.55054 0.134556 0.560185 0.157283 0.516204
0 0.107955 0.542052 0.118802 0.53588 0.152118 0.586806
0 0.111054 0.524306 0.11751 0.516204 0.139721 0.564429
0 0.104855 0.531636 0.114928 0.521605 0.13094 0.584105
0 0.106405 0.506944 0.113895 0.491512 0.139205 0.55054
0 0.148244 0.62037 0.158574 0.625386 0.164514 0.564429
0 0.104081 0.59838 0.110279 0.588735 0.130424 0.641975
0 0.121901 0.623843 0.134814 0.611497 0.151601 0.686343
0 0.142304 0.653549 0.151601 0.662423 0.165289 0.616512
0 0.172262 0.622685 0.181043 0.611111 0.202221 0.665895
0 0.224174 0.596451 0.237603 0.596836 0.231921 0.662423
0 0.103564 0.642747 0.110795 0.633488 0.125258 0.685185
0 0.114669 0.703704 0.119318 0.6875 0.159349 0.699846
0 0.102014 0.690972 0.110279 0.676698 0.133523 0.731096
0 0.104597 0.701003 0.112345 0.688657 0.134556 0.740741
0 0.102273 0.708333 0.106663 0.69483 0.134298 0.74537
0 0.431302 0.417438 0.436983 0.426312 0.458161 0.405478
0 0.417614 0.43287 0.420196 0.449846 0.466942 0.42091
0 0.498709 0.453704 0.506457 0.466049 0.47624 0.490355