0 0.603306 0.556327 0.612603 0.556327 0.60124 0.61034
0 0.566116 0.41358 0.571798 0.405864 0.595558 0.445988
0 0.579029 0.376543 0.58781 0.388117 0.61157 0.340278
0 0.642562 0.402778 0.639463 0.388117 0.67407 0.374228
0 0.691632 0.450617 0.703512 0.439043 0.713843 0.492284
0 0.534091 0.364198 0.537707 0.350309 0.496384 0.339506
0 0.32593 0.299383 0.332128 0.304784 0.356405 0.253858
0 0.368802 0.236111 0.374483 0.222994 0.406508 0.252315
0 0.427686 0.278549 0.439566 0.280093 0.431302 0.22608
0 0.50155 0.262346 0.498967 0.244599 0.454545 0.266204
0 0.534607 0.233025 0.535124 0.216049 0.490702 0.221451
0 0.467459 0.179012 0.469525 0.162037 0.509814 0.183642
0 0.41374 0.199846 0.409607 0.185185 0.43905 0.168981
0 0.542872 0.192901 0.540806 0.177469 0.579545 0.167438
0 0.628099 0.227623 0.621901 0.21142 0.590909 0.250772
0 0.591426 0.160494 0.592459 0.145833 0.552686 0.152006
0 0.600207 0.148148 0.597107 0.136574 0.627583 0.132716
0 0.34814 0.208333 0.342459 0.196759 0.37345 0.177469
0 0.298554 0.30787 0.290806 0.300154 0.315599 0.266204
0 0.317665 0.215278 0.311983 0.198302 0.351756 0.168981
0 0.315599 0.162037 0.323864 0.16358 0.311983 0.212191
0 0.351756 0.153549 0.349174 0.136574 0.3125 0.159722
0 0.63843 0.258488 0.62655 0.255401 0.641529 0.210648
0 0.688017 0.290123 0.684401 0.276235 0.653926 0.29784
0 0.692665 0.316358 0.706612 0.3125 0.71126 0.375
0 0.688017 0.239198 0.681302 0.226852 0.652893 0.26929
0 0.651343 0.222222 0.653926 0.206019 0.68905 0.220679
0 0.66064 0.200617 0.66064 0.186728 0.626033 0.200617
0 0.669421 0.204475 0.662707 0.189043 0.688017 0.16358
0 0.688017 0.182099 0.683368 0.165895 0.719008 0.150463
0 0.737087 0.153549 0.729339 0.158951 0.743285 0.202932
0 0.521178 0.289352 0.514979 0.283951 0.531508 0.256173
0 0.758781 0.298611 0.748967 0.29321 0.735021 0.335648
0 0.754132 0.346451 0.753616 0.335648 0.732438 0.350309
0 0.743802 0.353395 0.732438 0.350309 0.734504 0.402392
0 0.774277 0.391975 0.768079 0.378086 0.799587 0.354167
0 0.811983 0.368056 0.802686 0.36304 0.795455 0.408565
0 0.838326 0.328704 0.826963 0.324846 0.82438 0.387346
0 0.789256 0.281636 0.793905 0.267747 0.822831 0.313272
0 0.815599 0.272377 0.82438 0.263117 0.841426 0.316358
0 0.834711 0.237654 0.82438 0.23071 0.815083 0.278549
0 0.805785 0.23534 0.816632 0.234568 0.806818 0.186728
0 0.799587 0.214506 0.789773 0.21142 0.78564 0.262346
0 0.78564 0.20679 0.786674 0.192901 0.814566 0.20679
0 0.778409 0.197531 0.769112 0.191358 0.759814 0.238426
0 0.730372 0.219136 0.727273 0.201389 0.762397 0.199846
0 0.757748 0.290123 0.76343 0.272377 0.719525 0.251543
0 0.771694 0.18287 0.766012 0.168981 0.793905 0.151235
0 0.822314 0.123457 0.81405 0.118827 0.81095 0.165123
0 0.665289 0.138117 0.657541 0.131944 0.652893 0.183642
0 0.66064 0.12037 0.667872 0.131944 0.636364 0.16358
0 0.648244 0.133488 0.64876 0.116512 0.605372 0.116512
0 0.68905 0.13966 0.686467 0.123457 0.660124 0.131173
0 0.6875 0.112654 0.688533 0.126543 0.719008 0.119599
0 0.732438 0.133488 0.728822 0.116512 0.768079 0.113426
0 0.47469 0.085262 0.471591 0.072145 0.439566 0.093364
0 0.532025 0.057485 0.522727 0.048997 0.501033 0.096065
0 0.570248 0.091435 0.560434 0.093364 0.567149 0.138117
0 0.577996 0.035108 0.566632 0.033565 0.561467 0.087191
0 0.554236 0.028935 0.559917 0.018904 0.587293 0.052469
0 0.59814 0.019676 0.608471 0.024306 0.58781 0.079861
0 0.641529 0.099151 0.641529 0.114969 0.682851 0.102238
0 0.617252 0.102238 0.621384 0.115741 0.655475 0.07909
0 0.614669 0.042052 0.625517 0.040123 0.630682 0.100694
0 0.483471 0.019676 0.479339 0.033565 0.515496 0.062114
0 0.465393 0.029707 0.473657 0.021605 0.493285 0.068287
0 0.434401 0.03588 0.427169 0.025077 0.412707 0.070988
0 0.418388 0.018904 0.429236 0.021219 0.41219 0.067515
0 0.443698 0.029707 0.451963 0.024306 0.47624 0.066744
0 0.462293 0.019676 0.44938 0.021605 0.466942 0.062886
0 0.447314 0.014275 0.459194 0.018904 0.439566 0.057485
0 0.440083 0.019676 0.430785 0.023534 0.443698 0.078318
0 0.755682 0.088349 0.754907 0.08912 0.748967 0.099537 0.782025 0.12963
0 0.746901 0.085262 0.741219 0.073688 0.774277 0.055941
0 0.705579 0.07909 0.709711 0.064429 0.74845 0.090278
0 0.743802 0.048997 0.75 0.033951 0.782541 0.084105
0 0.722107 0.043596 0.733471 0.03588 0.750517 0.078318
0 0.694731 0.041281 0.698864 0.03125 0.731921 0.066744
0 0.676136 0.069059 0.674587 0.051312 0.722624 0.048997
0 0.655992 0.058256 0.667355 0.053627 0.676653 0.094522
0 0.654959 0.02662 0.665806 0.027392 0.659607 0.07446
0 0.63843 0.025849 0.630165 0.040123 0.667355 0.053627
0 0.62345 0.024306 0.632231 0.024306 0.618802 0.078318
0 0.638946 0.021219 0.626033 0.028935 0.652893 0.073688
0 0.820248 0.087191 0.815857 0.076003 0.789256 0.101852
0 0.812242 0.051312 0.803719 0.044753 0.789256 0.094907
0 0.788998 0.045139 0.794938 0.037423 0.821798 0.077932
0 0.856921 0.154321 0.849174 0.142361 0.823347 0.182485
0 0.833161 0.195602 0.842459 0.197531 0.82593 0.233025
0 0.833161 0.18017 0.843233 0.178627 0.846074 0.234954
0 0.863636 0.175154 0.857955 0.164738 0.83187 0.18287
0 0.871901 0.200231 0.871643 0.187886 0.840393 0.192901
0 0.880424 0.140432 0.874483 0.132716 0.852789 0.171296
0 0.871384 0.116898 0.865702 0.108025 0.845041 0.135802
0 0.85718 0.100309 0.849948 0.096065 0.839101 0.143904
0 0.86751 0.080633 0.872676 0.083719 0.863636 0.13233
0 0.879132 0.075617 0.869318 0.075617 0.873192 0.133488
0 0.722107 0.447145 0.727014 0.443673 0.733988 0.477238
0 0.846849 0.46412 0.845816 0.451389 0.823347 0.46142
0 0.862087 0.419367 0.867252 0.427855 0.847366 0.459877
0 0.866736 0.411651 0.86906 0.42284 0.837035 0.434799
0 0.87345 0.402392 0.87939 0.407407 0.849174 0.445988
0 0.87345 0.445988 0.870868 0.432099 0.846849 0.46412
0 0.878874 0.438657 0.877066 0.42554 0.847366 0.447145
0 0.876033 0.360725 0.868285 0.35108 0.8422 0.408951
0 0.875258 0.338349 0.865444 0.335262 0.86906 0.383873
0 0.883781 0.34838 0.875 0.345679 0.868285 0.401235
0 0.852531 0.322145 0.841426 0.316358 0.843233 0.382716
0 0.840651 0.27392 0.849432 0.268904 0.863895 0.314429
0 0.881457 0.314815 0.877841 0.302083 0.8453 0.337577
0 0.873709 0.281636 0.877066 0.29784 0.838326 0.328704
0 0.882748 0.290509 0.88094 0.301698 0.850207 0.275849
0 0.76188 0.550926 0.76343 0.541667 0.791839 0.55517
0 0.810692 0.647762 0.801653 0.635417 0.832903 0.601852
0 0.848657 0.553241 0.842975 0.54784 0.824638 0.592978
0 0.818182 0.453318 0.827479 0.453704 0.822831 0.506173
0 0.849948 0.577932 0.855114 0.583719 0.837552 0.617284 0.84969 0.578318
0 0.863636 0.583719 0.85563 0.591435 0.840909 0.544753
0 0.880165 0.585262 0.879907 0.596451 0.840909 0.597608
0 0.884298 0.563272 0.875517 0.554398 0.8453 0.570602
0 0.876808 0.54321 0.874483 0.529321 0.8453 0.542824
0 0.885072 0.534722 0.877324 0.532022 0.875775 0.580633
0 0.878099 0.528549 0.873192 0.517361 0.842975 0.522762
0 0.885072 0.506944 0.87655 0.5 0.856663 0.562886
0 0.866477 0.481481 0.86751 0.493056 0.830579 0.494213
0 0.879649 0.489198 0.880424 0.501157 0.838326 0.503472
0 0.880424 0.477238 0.88094 0.488426 0.841167 0.484182
0 0.878616 0.461806 0.880165 0.473765 0.839618 0.482639
0 0.881457 0.439429 0.886622 0.450617 0.847882 0.479552
0 0.766012 0.687886 0.766529 0.672068 0.729597 0.675154
0 0.699638 0.69213 0.708419 0.685957 0.71875 0.738426
0 0.758781 0.741127 0.761622 0.726466 0.722366 0.712963
0 0.765238 0.762346 0.766271 0.749614 0.727789 0.749614
0 0.758264 0.704861 0.762913 0.696373 0.782541 0.731867
0 0.802169 0.689429 0.799845 0.675926 0.767045 0.697145
0 0.786415 0.719907 0.793647 0.713349 0.799329 0.759259
0 0.820506 0.752701 0.81095 0.748843 0.821023 0.704861
0 0.843233 0.716821 0.835486 0.709491 0.820506 0.752701
0 0.817149 0.771219 0.806302 0.773148 0.805269 0.711034
0 0.714101 0.821759 0.702738 0.818287 0.717975 0.758102
0 0.755424 0.823302 0.759298 0.812886 0.729339 0.794367
0 0.802169 0.793596 0.799587 0.807485 0.761364 0.78125
0 0.827479 0.778935 0.829804 0.790895 0.791839 0.799383
0 0.850207 0.760802 0.853564 0.755015 0.83936 0.732253
0 0.858471 0.749228 0.857955 0.751543 0.856147 0.759645 0.834969 0.729938
0 0.850465 0.66358 0.860279 0.659722 0.863895 0.716821
0 0.869835 0.656636 0.867769 0.643904 0.836519 0.67554
0 0.87655 0.681713 0.879132 0.694059 0.839876 0.697145
0 0.886622 0.709877 0.879649 0.702546 0.859762 0.745756
0 0.884814 0.697531 0.879649 0.685185 0.860537 0.73534
0 0.888946 0.685185 0.881457 0.673611 0.85718 0.721451
0 0.885589 0.639275 0.877841 0.633488 0.866477 0.688657
0 0.831612 0.750386 0.839876 0.753858 0.83032 0.80054
0 0.853564 0.798997 0.860795 0.792824 0.83936 0.743441 0.853306 0.79784
0 0.875 0.758102 0.881198 0.767747 0.858471 0.78858
0 0.880165 0.777392 0.882231 0.761188 0.839876 0.753858
0 0.875 0.611111 0.878874 0.625386 0.847882 0.66358
0 0.884298 0.621528 0.876808 0.60841 0.843492 0.653549
0 0.883781 0.611497 0.881973 0.596451 0.843492 0.62037
0 0.60124 0.687114 0.604855 0.673611 0.639463 0.701389
0 0.666839 0.743827 0.661157 0.753086 0.637913 0.717978
0 0.654184 0.766204 0.655475 0.750386 0.612087 0.746142
0 0.580579 0.78125 0.578254 0.766975 0.619576 0.763117
0 0.536157 0.771991 0.536157 0.758102 0.504649 0.766975
0 0.560434 0.819444 0.550878 0.829475 0.533833 0.771991
0 0.565083 0.842207 0.570248 0.850694 0.591426 0.810571
0 0.615702 0.849151 0.618027 0.837191 0.576963 0.818287
0 0.624742 0.84838 0.630682 0.836806 0.604597 0.801312
0 0.63843 0.850694 0.64282 0.842207 0.607696 0.817515
0 0.639205 0.809799 0.634039 0.822531 0.604081 0.788966
0 0.64876 0.829475 0.643079 0.839892 0.615444 0.809028
0 0.664514 0.821759 0.668388 0.808256 0.625517 0.797068
0 0.678461 0.835648 0.679752 0.844136 0.70532 0.820988
0 0.693957 0.83912 0.683626 0.838735 0.681818 0.783179
0 0.678461 0.855324 0.686983 0.846836 0.662448 0.807099
0 0.752066 0.852238 0.758264 0.844907 0.731921 0.808256
0 0.774277 0.854552 0.777376 0.840664 0.739669 0.82446
0 0.781767 0.855324 0.791064 0.848765 0.766529 0.805556
0 0.803719 0.814043 0.797004 0.810571 0.789256 0.844907
0 0.817149 0.850309 0.820248 0.838735 0.77686 0.826775
0 0.798554 0.85571 0.79468 0.849151 0.81999 0.834877
0 0.837293 0.816358 0.835486 0.804784 0.800878 0.816744
0 0.831612 0.833719 0.826188 0.830633 0.83781 0.788966
0 0.825671 0.842207 0.831612 0.83642 0.80501 0.804012
0 0.845558 0.84838 0.850465 0.840664 0.821023 0.811343
0 0.837035 0.854552 0.831353 0.845293 0.852014 0.826775
0 0.828512 0.850694 0.834452 0.842207 0.796229 0.824846
0 0.852531 0.806327 0.845558 0.812886 0.823605 0.769676
0 0.868285 0.802469 0.871901 0.808256 0.846849 0.82716
0 0.869835 0.828704 0.86312 0.822917 0.875517 0.785108
0 0.880165 0.790895 0.874483 0.779707 0.850981 0.809414
0 0.882231 0.80054 0.882231 0.810571 0.84969 0.800926
0 0.878616 0.814815 0.877324 0.823302 0.840651 0.810957
0 0.864669 0.836806 0.868285 0.830247 0.844267 0.81983
0 0.871126 0.838735 0.874225 0.828318 0.840651 0.810957
0 0.860279 0.845679 0.864669 0.836806 0.832128 0.819444
0 0.352531 0.83642 0.360021 0.840664 0.367769 0.79591
0 0.370868 0.846836 0.365702 0.834877 0.396178 0.814429
0 0.409607 0.832176 0.405992 0.820216 0.436983 0.809028
0 0.478048 0.821373 0.472882 0.808256 0.440599 0.835262
0 0.510331 0.835262 0.506973 0.847222 0.480372 0.823302
0 0.49251 0.848765 0.485279 0.840664 0.509556 0.804012
0 0.433884 0.642747 0.434917 0.628858 0.471849 0.638889
0 0.314824 0.713735 0.307593 0.704475 0.28719 0.749228
0 0.305527 0.844907 0.311725 0.83179 0.266529 0.797454
0 0.239928 0.838349 0.231663 0.828318 0.259814 0.78588
0 0.250258 0.773148 0.255165 0.786651 0.213843 0.809799
0 0.208936 0.832948 0.202221 0.841435 0.173554 0.809414
0 0.216684 0.835648 0.222624 0.820216 0.178719 0.805941
0 0.149277 0.826389 0.162707 0.830633 0.166839 0.773534
0 0.120351 0.829861 0.115702 0.815201 0.159866 0.798611
0 0.108471 0.809028 0.121643 0.809799 0.112603 0.746142
0 0.135589 0.79591 0.144112 0.779707 0.107696 0.748071
0 0.18595 0.477623 0.187242 0.463349 0.225207 0.472608
0 0.128099 0.551312 0.119576 0.538194 0.152376 0.505015
0 0.104339 0.582562 0.113636 0.573302 0.124742 0.635802
0 0.110021 0.377315 0.120093 0.372685 0.127583 0.426312
0 0.129907 0.402392 0.142304 0.402392 0.135331 0.342207
0 0.176395 0.397377 0.186209 0.403164 0.192924 0.348765
0 0.172521 0.310185 0.18001 0.315586 0.163998 0.353781
0 0.219525 0.341821 0.231663 0.340278 0.218233 0.287809
0 0.249483 0.351466 0.243802 0.335262 0.282283 0.309414
0 0.24845 0.238426 0.256973 0.237269 0.257231 0.284336
0 0.176653 0.261188 0.171746 0.247299 0.202221 0.226852
0 0.14876 0.273148 0.137655 0.274691 0.143337 0.222994
0 0.121126 0.251929 0.115702 0.24537 0.131973 0.226466
0 0.294421 0.212963 0.300103 0.202546 0.274793 0.173225
0 0.316374 0.145833 0.315599 0.159336 0.280217 0.145833
0 0.396952 0.14429 0.390754 0.157407 0.361829 0.116898
0 0.299845 0.118441 0.303461 0.106096 0.33781 0.127315
0 0.292614 0.102238 0.285124 0.088735 0.325413 0.056713
0 0.228822 0.08179 0.232955 0.06983 0.264205 0.092207
0 0.217975 0.128858 0.208936 0.121142 0.234504 0.080247
0 0.218233 0.196759 0.207903 0.20216 0.19189 0.146219
0 0.154184 0.152006 0.158058 0.137346 0.191374 0.176312
0 0.146952 0.208719 0.135072 0.205633 0.149535 0.146991
0 0.133781 0.161651 0.125258 0.158179 0.135072 0.130787
0 0.147986 0.086034 0.150052 0.070602 0.19499 0.080633
0 0.175362 0.061343 0.176653 0.047068 0.212552 0.054784
0 0.131715 0.037809 0.13843 0.030864 0.163223 0.060185
0 0.131973 0.020833 0.131715 0.034336 0.171229 0.028935
0 0.152893 0.020062 0.157541 0.009645 0.189824 0.035494
0 0.204029 0.011574 0.213843 0.008488 0.219525 0.051698
0 0.220558 0.018133 0.230888 0.011188 0.254132 0.058642
0 0.247417 0.029321 0.257231 0.024691 0.268079 0.068673
0 0.317149 0.010031 0.322572 0.019676 0.285899 0.047454
0 0.327996 0.015046 0.320506 0.020833 0.344008 0.058256
0 0.356147 0.023148 0.345041 0.023148 0.354081 0.073688
0 0.353048 0.008102 0.348657 0.018133 0.372676 0.030093
0 0.87345 0.238812 0.878099 0.248843 0.858729 0.279707
0 0.869318 0.238812 0.875517 0.246528 0.856405 0.275077
0 0.876808 0.241898 0.879649 0.253472 0.837035 0.267747
0 0.881198 0.265432 0.878357 0.254244 0.847366 0.270062
0 0.88094 0.229167 0.874225 0.217978 0.849948 0.257716
0 0.881198 0.221836 0.875517 0.209877 0.851756 0.244213
0 0.871901 0.06713 0.863378 0.065586 0.858213 0.103781
0 0.861312 0.056713 0.867252 0.061343 0.85124 0.096451
0 0.870351 0.045525 0.860537 0.041667 0.863378 0.099923
0 0.853822 0.038194 0.862862 0.039738 0.856663 0.094522
0 0.842459 0.039352 0.834711 0.045525 0.856147 0.084877
0 0.845041 0.033951 0.855114 0.03588 0.840909 0.082948
0 0.823347 0.059028 0.822831 0.066744 0.848657 0.070988
0 0.819473 0.03588 0.815083 0.045139 0.848915 0.061343
0 0.809143 0.052855 0.816632 0.043596 0.838843 0.084877
0 0.808626 0.038194 0.81405 0.028549 0.837293 0.065201