0 0.858471 0.750772 0.845041 0.814429 0.832645 0.807485
0 0.8453 0.771991 0.8422 0.785108 0.811209 0.758102
0 0.81689 0.707176 0.82593 0.756944 0.815857 0.758873
0 0.868802 0.674383 0.877583 0.683256 0.846074 0.731481
0 0.872159 0.706404 0.882231 0.70679 0.874225 0.763117
0 0.883523 0.756559 0.895919 0.815586 0.904184 0.810185
0 0.935176 0.785494 0.9375 0.798225 0.895661 0.805941
0 0.912448 0.739969 0.935692 0.789352 0.926136 0.795139
0 0.901343 0.73804 0.916839 0.736883 0.901085 0.80517
0 0.907541 0.703704 0.888946 0.759645 0.901601 0.765818
0 0.896436 0.689815 0.905475 0.692901 0.892045 0.738426
0 0.935176 0.741512 0.927944 0.753858 0.902634 0.698688
0 0.904959 0.680941 0.927169 0.733025 0.919938 0.739583
0 0.904184 0.672454 0.936983 0.716821 0.928461 0.728009
0 0.800362 0.758873 0.766529 0.781636 0.762913 0.76659
0 0.752841 0.756944 0.752066 0.810571 0.741219 0.806713
0 0.934143 0.820988 0.93156 0.839506 0.883264 0.8125
0 0.922521 0.631944 0.924587 0.687886 0.913481 0.683642
0 0.932076 0.671296 0.920713 0.685185 0.900568 0.61767
0 0.864928 0.61034 0.872159 0.623457 0.836519 0.65625
0 0.745351 0.601852 0.744835 0.618441 0.701446 0.61034
0 0.722624 0.72608 0.69344 0.799769 0.682335 0.787037
0 0.72469 0.82716 0.714101 0.842978 0.686209 0.778164
0 0.775052 0.80054 0.756198 0.86304 0.746643 0.853009
0 0.735537 0.859954 0.692407 0.863812 0.69189 0.846451
0 0.687242 0.853009 0.68001 0.911651 0.667872 0.905864
0 0.708678 0.880015 0.687242 0.916667 0.68001 0.907407
0 0.705837 0.869985 0.743285 0.875772 0.739928 0.890046
0 0.766012 0.877315 0.737087 0.916667 0.729855 0.905478
0 0.792872 0.852238 0.780217 0.910494 0.770661 0.903164
0 0.826963 0.897377 0.784091 0.916667 0.78125 0.89892
0 0.833161 0.822917 0.862087 0.873843 0.851498 0.883102
0 0.888946 0.895448 0.883264 0.908179 0.842717 0.870756
0 0.834711 0.885031 0.872676 0.904707 0.865961 0.917438
0 0.881198 0.837191 0.903409 0.905864 0.888946 0.91088
0 0.657283 0.785494 0.652893 0.801312 0.693957 0.812886
0 0.845558 0.621142 0.883264 0.602623 0.877324 0.586806
0 0.637397 0.739198 0.635072 0.753472 0.682076 0.756944
0 0.914773 0.856096 0.909091 0.905093 0.90031 0.901235
0 0.91064 0.844907 0.917097 0.900849 0.908058 0.902006
0 0.920196 0.890432 0.932851 0.889275 0.921488 0.822531
0 0.906767 0.585648 0.932076 0.635417 0.921488 0.645062
0 0.92562 0.571759 0.934659 0.576003 0.916322 0.637346
0 0.933368 0.556713 0.932335 0.570602 0.897727 0.567515
0 0.872676 0.54784 0.884039 0.546296 0.881973 0.603009
0 0.915289 0.489198 0.934401 0.54591 0.924329 0.554784
0 0.912965 0.554012 0.930269 0.498843 0.920971 0.493056
0 0.922521 0.48071 0.930527 0.494213 0.896952 0.538194
0 0.923554 0.463349 0.931043 0.472994 0.897469 0.510031
0 0.896178 0.466435 0.895661 0.48804 0.853306 0.479938
0 0.834969 0.513117 0.884039 0.546296 0.876291 0.5625
0 0.82438 0.574074 0.85124 0.518519 0.83936 0.508102
0 0.800362 0.505015 0.823347 0.556713 0.812758 0.565972
0 0.809917 0.447531 0.792614 0.488426 0.784091 0.477238
0 0.879132 0.397377 0.881973 0.446759 0.87061 0.445602
0 0.90031 0.399691 0.923812 0.451389 0.914773 0.459105
0 0.924329 0.431713 0.932076 0.445602 0.892045 0.487269
0 0.90031 0.383873 0.932076 0.417438 0.924329 0.431713
0 0.88688 0.344136 0.931043 0.368056 0.923037 0.385802
0 0.813275 0.388117 0.782025 0.422454 0.77686 0.41088
0 0.833161 0.367284 0.834969 0.421682 0.823347 0.418981
0 0.80811 0.414738 0.848399 0.443287 0.852273 0.428241
0 0.85563 0.424769 0.848399 0.496528 0.83781 0.488426
0 0.783058 0.350694 0.785382 0.369213 0.732955 0.374614
0 0.753616 0.299769 0.750258 0.319059 0.796488 0.331404
0 0.728306 0.324074 0.729339 0.341435 0.770661 0.325617
0 0.756973 0.409722 0.716167 0.424769 0.715393 0.405864
0 0.674329 0.427469 0.688017 0.417438 0.700413 0.484954
0 0.739669 0.443287 0.74561 0.456404 0.707128 0.486497
0 0.72624 0.481481 0.722107 0.494213 0.755165 0.513503
0 0.759556 0.484954 0.73063 0.513503 0.72624 0.500772
0 0.741219 0.511574 0.731147 0.518133 0.749483 0.574074
0 0.721591 0.525077 0.73063 0.540123 0.695506 0.575231
0 0.828254 0.302855 0.838843 0.359954 0.827221 0.361497
0 0.844525 0.293981 0.823864 0.344136 0.813791 0.334105
0 0.848915 0.37963 0.863636 0.375772 0.846333 0.302083
0 0.928719 0.303241 0.933884 0.316358 0.88688 0.344136
0 0.881973 0.321373 0.924329 0.322917 0.922262 0.305556
0 0.852273 0.269676 0.860795 0.340664 0.845558 0.33912
0 0.858471 0.286651 0.872417 0.279707 0.878099 0.352238
0 0.779184 0.258102 0.790806 0.262346 0.772986 0.321373
0 0.836519 0.243827 0.817665 0.283951 0.80811 0.273148
0 0.835486 0.271605 0.817665 0.314815 0.80811 0.304012
0 0.795455 0.225694 0.787965 0.240741 0.753357 0.199074
0 0.768595 0.242284 0.761364 0.258102 0.729339 0.219907
0 0.733988 0.207948 0.731147 0.224923 0.688791 0.203704
0 0.778151 0.154707 0.74845 0.17284 0.743543 0.157407
0 0.864669 0.200617 0.862862 0.217978 0.820506 0.200617
0 0.858988 0.130401 0.850207 0.181327 0.841167 0.17554
0 0.93001 0.247299 0.927686 0.263889 0.884556 0.240741
0 0.911932 0.258873 0.911415 0.274691 0.868027 0.265046
0 0.872417 0.235725 0.89876 0.279707 0.907025 0.26659
0 0.932851 0.290895 0.924329 0.300926 0.905217 0.249614
0 0.87061 0.278935 0.922521 0.300926 0.925362 0.285494
0 0.871901 0.285494 0.919421 0.314043 0.924329 0.29591
0 0.924329 0.157407 0.93001 0.170525 0.896952 0.196373
0 0.890754 0.131173 0.902634 0.134645 0.886364 0.182099
0 0.925103 0.145448 0.917614 0.14159 0.911932 0.180556
0 0.895919 0.183642 0.920455 0.146219 0.913998 0.141204
0 0.921746 0.134259 0.918388 0.148534 0.880424 0.121528
0 0.882231 0.098765 0.91374 0.129244 0.918388 0.118441
0 0.912448 0.073302 0.923295 0.076389 0.911415 0.125386
0 0.915289 0.048225 0.922521 0.058642 0.893595 0.103395
0 0.906508 0.042052 0.916064 0.043981 0.917614 0.040895 0.906767 0.103781
0 0.903667 0.04591 0.915289 0.048225 0.903151 0.100309
0 0.902634 0.036265 0.893853 0.034336 0.897211 0.087963
0 0.88688 0.030864 0.896178 0.030864 0.895403 0.084877
0 0.887913 0.037037 0.87939 0.033565 0.872417 0.096836
0 0.887397 0.027392 0.877841 0.020062 0.864928 0.080247
0 0.832903 0.02392 0.841426 0.01659 0.858988 0.070988
0 0.847624 0.064043 0.850981 0.076775 0.809917 0.089892
0 0.817149 0.028935 0.827738 0.01929 0.845816 0.084105
0 0.807851 0.024306 0.813791 0.034722 0.777118 0.0625
0 0.792097 0.017747 0.797779 0.009645 0.813791 0.043981
0 0.777893 0.010031 0.769112 0.01929 0.792872 0.057099
0 0.820248 0.087963 0.83032 0.090664 0.817149 0.141204
0 0.796229 0.099537 0.807076 0.102238 0.79313 0.165509
0 0.728564 0.016204 0.722107 0.025849 0.753357 0.046296
0 0.752841 0.07909 0.725207 0.087963 0.72314 0.076003
0 0.772469 0.111111 0.772211 0.123071 0.737345 0.112654
0 0.718492 0.087963 0.70687 0.025463 0.697056 0.029707
0 0.711002 0.015818 0.716684 0.025849 0.672521 0.0625
0 0.675878 0.010031 0.671229 0.021219 0.713843 0.035108
0 0.66219 0.00733 0.654184 0.020448 0.697831 0.046682
0 0.579545 0.08642 0.588843 0.096065 0.5625 0.13966
0 0.538223 0.122685 0.503616 0.099537 0.500517 0.115355
0 0.598915 0.044367 0.591684 0.059799 0.630682 0.086034
0 0.616994 0.01659 0.61312 0.028164 0.6547 0.053241
0 0.629132 0.047068 0.599432 0.024306 0.607955 0.013889
0 0.614153 0.063272 0.608213 0.006944 0.596849 0.010417
0 0.591684 0.043596 0.553461 0.045139 0.555785 0.030093
0 0.544938 0.010031 0.538998 0.024691 0.587035 0.039352
0 0.537707 0.006173 0.529184 0.01659 0.559401 0.05054
0 0.528151 0.00733 0.517045 0.018519 0.545971 0.067515
0 0.48812 0.059414 0.526343 0.040895 0.521178 0.026235
0 0.483213 0.008102 0.490961 0.01659 0.461777 0.056327
0 0.462293 0.005015 0.467717 0.020062 0.426653 0.032793
0 0.393337 0.066358 0.4375 0.060185 0.435434 0.044367
0 0.340393 0.017747 0.333678 0.032022 0.375 0.055556
0 0.358729 0.081404 0.353306 0.093364 0.393595 0.114969
0 0.375258 0.138117 0.365961 0.149306 0.339876 0.102623
0 0.36751 0.111497 0.326446 0.114198 0.329545 0.095679
0 0.332128 0.118441 0.329804 0.133488 0.296746 0.119599
0 0.29468 0.094907 0.290548 0.108025 0.255682 0.086034
0 0.307851 0.066744 0.264721 0.092207 0.260847 0.074074
0 0.317924 0.012731 0.311467 0.025077 0.34814 0.053627
0 0.30811 0.006559 0.317149 0.01929 0.274535 0.06713
0 0.291839 0.006173 0.301136 0.017361 0.266271 0.061728
0 0.266529 0.01196 0.261364 0.024306 0.299329 0.038966
0 0.236829 0.012731 0.228048 0.018133 0.247417 0.079861
0 0.248192 0.027778 0.279442 0.053241 0.284866 0.040509
0 0.262655 0.028935 0.272211 0.030864 0.256715 0.082176
0 0.252066 0.025077 0.261105 0.027778 0.252583 0.084105
0 0.231921 0.03858 0.270145 0.055941 0.272727 0.041281
0 0.250517 0.059414 0.217717 0.116898 0.208936 0.104167
0 0.216684 0.06983 0.193698 0.074074 0.182076 0.06713 0.180527 0.084491 0.194215 0.084105
0 0.186209 0.017361 0.176395 0.023534 0.201446 0.065586
0 0.202221 0.018133 0.209452 0.010417 0.229081 0.062886
0 0.196281 0.028164 0.204287 0.018133 0.226756 0.066358
0 0.179236 0.102623 0.189824 0.103009 0.181043 0.154321
0 0.224432 0.118441 0.207386 0.068287 0.198347 0.076003
0 0.182851 0.111883 0.145403 0.121914 0.147986 0.141204
0 0.164514 0.143519 0.155217 0.155093 0.190341 0.199074
0 0.243543 0.125386 0.197056 0.137731 0.203254 0.158179
0 0.195506 0.206019 0.207903 0.206019 0.204545 0.142361
0 0.289773 0.111883 0.258006 0.140046 0.253357 0.124228
0 0.27686 0.126543 0.286157 0.137731 0.254907 0.179784
0 0.234504 0.185185 0.229081 0.195602 0.258523 0.209491
0 0.293388 0.158565 0.31844 0.199074 0.308626 0.210262
0 0.317149 0.16358 0.328771 0.166667 0.315341 0.21412
0 0.201188 0.063657 0.154442 0.015818 0.147211 0.032022
0 0.190083 0.033565 0.150052 0.032022 0.151343 0.016975
0 0.136622 0.020062 0.13249 0.034722 0.176653 0.051312
0 0.163998 0.050154 0.122417 0.025077 0.11751 0.040509
0 0.167355 0.062114 0.125 0.047454 0.127066 0.035494
0 0.153926 0.072917 0.120351 0.027006 0.112603 0.040509
0 0.106663 0.038966 0.103306 0.052855 0.156508 0.056713
0 0.158058 0.070602 0.117769 0.065201 0.121384 0.048997
0 0.104597 0.050154 0.102273 0.065586 0.157283 0.06713
0 0.141529 0.073302 0.102014 0.086034 0.102273 0.072917
0 0.1547 0.065201 0.13688 0.116512 0.127583 0.106867
0 0.158058 0.076775 0.133264 0.13233 0.123709 0.122299
0 0.109762 0.085648 0.119576 0.078318 0.131715 0.130015
0 0.097366 0.089506 0.106921 0.07909 0.127583 0.125772
0 0.097624 0.115355 0.106921 0.101466 0.136364 0.151235
0 0.220558 0.222222 0.189308 0.256173 0.183884 0.240355
0 0.173812 0.199846 0.162965 0.248843 0.178461 0.252701
0 0.168647 0.252701 0.127324 0.278164 0.124483 0.262346
0 0.149535 0.274306 0.164256 0.273534 0.157283 0.332948
0 0.202479 0.270833 0.203512 0.282407 0.173812 0.278935
0 0.235279 0.301312 0.262397 0.337577 0.269628 0.32446
0 0.303977 0.309799 0.309917 0.321759 0.275052 0.347222
0 0.289773 0.263117 0.279184 0.275463 0.25594 0.221065
0 0.267304 0.217593 0.260589 0.23341 0.23218 0.196373
0 0.331612 0.24537 0.325413 0.302855 0.314824 0.29591
0 0.245351 0.329475 0.255424 0.34375 0.207645 0.39429
0 0.205837 0.331404 0.204029 0.351852 0.157283 0.332948
0 0.147727 0.323302 0.160899 0.323302 0.15186 0.382716
0 0.127583 0.331404 0.13688 0.332948 0.137138 0.265818
0 0.107696 0.228009 0.107955 0.289352 0.097107 0.287037
0 0.114928 0.267361 0.100207 0.320602 0.091684 0.310957
0 0.122676 0.18287 0.105888 0.23341 0.094267 0.219522
0 0.114411 0.16358 0.101756 0.21412 0.0922 0.200617
0 0.162707 0.159722 0.122159 0.152778 0.125517 0.138503
0 0.144628 0.200617 0.128099 0.143904 0.120351 0.15162
0 0.13094 0.188272 0.107955 0.127701 0.097107 0.140046
0 0.140496 0.133102 0.099948 0.150849 0.097107 0.133102
0 0.125517 0.274306 0.127583 0.33642 0.117769 0.334105
0 0.112087 0.298997 0.104855 0.357639 0.092975 0.354552
0 0.114411 0.351852 0.122159 0.348765 0.108471 0.306327
0 0.094008 0.375386 0.102014 0.383488 0.117769 0.334105
0 0.13688 0.362269 0.100207 0.341049 0.094783 0.36034
0 0.125517 0.360725 0.113895 0.410108 0.103564 0.404321
0 0.117769 0.355324 0.105888 0.406636 0.0953 0.400463
0 0.132231 0.390818 0.0922 0.412037 0.091167 0.395833
0 0.133264 0.374614 0.125 0.435185 0.114928 0.430941
0 0.119576 0.410108 0.100723 0.457176 0.092459 0.450231
0 0.130424 0.433642 0.091167 0.466435 0.098399 0.478781
0 0.125 0.45409 0.096591 0.493827 0.091167 0.480324
0 0.135847 0.436728 0.117252 0.492284 0.107955 0.484182
0 0.087552 0.501157 0.092975 0.508873 0.119835 0.465278
0 0.13688 0.451389 0.14876 0.450231 0.148244 0.512346
0 0.13094 0.45409 0.131715 0.515818 0.122159 0.514275
0 0.142304 0.533951 0.135072 0.546296 0.107696 0.491127
0 0.157283 0.433642 0.16968 0.428241 0.170713 0.488426
0 0.182335 0.457562 0.171488 0.462963 0.185176 0.527392
0 0.173812 0.498071 0.167872 0.542824 0.160899 0.538966
0 0.191632 0.499228 0.191632 0.517747 0.229855 0.498071
0 0.247159 0.462577 0.245868 0.482253 0.204029 0.47338
0 0.229855 0.38696 0.221591 0.372299 0.192149 0.415509
0 0.203512 0.392747 0.202996 0.412809 0.176911 0.401235
0 0.161932 0.342593 0.168647 0.405093 0.18156 0.40162
0 0.275568 0.430941 0.262913 0.483025 0.252841 0.476852
0 0.309401 0.416281 0.339876 0.450231 0.345041 0.437886
0 0.292097 0.514275 0.282025 0.521605 0.308884 0.561343
0 0.256973 0.55787 0.218492 0.548997 0.218492 0.565972
0 0.213843 0.522377 0.202479 0.527392 0.217975 0.571373
0 0.189824 0.511574 0.195764 0.521219 0.161415 0.554398
0 0.184401 0.542438 0.19344 0.538966 0.196023 0.586806
0 0.1578 0.54784 0.164256 0.540123 0.179236 0.575617
0 0.222107 0.581404 0.231663 0.589892 0.20532 0.63233
0 0.277376 0.570988 0.277376 0.590664 0.233213 0.582562
0 0.282025 0.591435 0.282025 0.611883 0.329545 0.596836
0 0.317665 0.535494 0.308368 0.546296 0.331353 0.591435
0 0.301136 0.636574 0.27376 0.606481 0.268337 0.618827
0 0.27376 0.631173 0.229597 0.618056 0.231405 0.639275
0 0.2172 0.650077 0.181043 0.619213 0.17562 0.639275
0 0.179752 0.622685 0.150568 0.60108 0.147211 0.616127
0 0.147211 0.562886 0.155475 0.616512 0.142304 0.615355
0 0.162707 0.636574 0.13688 0.668981 0.132231 0.657022
0 0.167872 0.689043 0.159091 0.746914 0.146952 0.739969
0 0.152376 0.699846 0.114928 0.736111 0.110279 0.719522
0 0.094267 0.668596 0.086519 0.678627 0.121384 0.722222
0 0.094783 0.700617 0.104339 0.692515 0.11751 0.744213
0 0.0953 0.648534 0.091167 0.670525 0.143079 0.684028
0 0.141787 0.672068 0.107696 0.648534 0.105888 0.66358
0 0.151085 0.609954 0.137655 0.650077 0.129132 0.640432
0 0.141787 0.573688 0.130424 0.628086 0.121643 0.621528
0 0.145145 0.538194 0.127324 0.600309 0.116736 0.587963
0 0.095816 0.527392 0.0922 0.538194 0.125 0.562886
0 0.136364 0.564043 0.106147 0.523148 0.099432 0.538194
0 0.093492 0.548611 0.091167 0.562886 0.125 0.566744
0 0.109762 0.54784 0.099948 0.554012 0.115444 0.61034
0 0.08936 0.569059 0.099432 0.558642 0.109504 0.611883
0 0.087552 0.59838 0.094008 0.609182 0.126291 0.558642
0 0.12939 0.615355 0.094008 0.613426 0.096591 0.599537
0 0.088326 0.611883 0.100207 0.609182 0.099432 0.664352
0 0.229081 0.744985 0.222107 0.758102 0.258264 0.780478
0 0.210227 0.749614 0.222107 0.758102 0.190599 0.81983
0 0.1875 0.760802 0.158833 0.810957 0.147211 0.799383
0 0.175103 0.736111 0.144112 0.778935 0.138688 0.763889
0 0.133523 0.749614 0.090134 0.763889 0.0953 0.78125
0 0.118543 0.734568 0.092975 0.787809 0.084711 0.778935
0 0.125 0.770833 0.091684 0.815201 0.086519 0.800926
0 0.148244 0.75733 0.111312 0.805556 0.102531 0.794753
0 0.145919 0.804398 0.092975 0.826003 0.090134 0.809799
0 0.1547 0.777778 0.133264 0.849151 0.123709 0.840278
0 0.123967 0.8125 0.117252 0.826003 0.15186 0.854552
0 0.152893 0.79321 0.158833 0.86034 0.148244 0.860725
0 0.135072 0.86034 0.137655 0.869599 0.163223 0.840278
0 0.183368 0.775849 0.176911 0.83912 0.16374 0.832948
0 0.163223 0.850694 0.1578 0.909336 0.148244 0.907407
0 0.172521 0.856096 0.175103 0.914738 0.162965 0.913194
0 0.175103 0.882716 0.12939 0.883488 0.131457 0.863426
0 0.205837 0.81983 0.19344 0.879244 0.181043 0.87037
0 0.207645 0.869599 0.180527 0.907793 0.175103 0.895062
0 0.22624 0.869599 0.192407 0.919367 0.183884 0.907793
0 0.253616 0.798225 0.230372 0.851852 0.219783 0.841049
0 0.271952 0.804398 0.263688 0.813657 0.291581 0.86034
0 0.345041 0.772762 0.317924 0.818673 0.309401 0.807099
0 0.266529 0.83912 0.292355 0.881173 0.282541 0.890046
0 0.325671 0.909336 0.319473 0.92091 0.287965 0.885417
0 0.27686 0.888889 0.307076 0.919367 0.31405 0.907407
0 0.27376 0.856867 0.2828 0.912809 0.274793 0.912037
0 0.257748 0.841049 0.271436 0.908565 0.260589 0.913194
0 0.243543 0.840278 0.252324 0.906636 0.240444 0.905093
0 0.214876 0.896991 0.252841 0.921682 0.258264 0.907407
0 0.104855 0.837577 0.109762 0.902392 0.097624 0.903935
0 0.100207 0.819444 0.100723 0.883488 0.089876 0.882716
0 0.106147 0.851852 0.114928 0.917438 0.129132 0.914738
0 0.132748 0.861497 0.137655 0.851852 0.103048 0.823302
0 0.135847 0.917438 0.150568 0.910494 0.126291 0.841049
0 0.122159 0.901235 0.133523 0.896991 0.113895 0.837191
0 0.096591 0.837191 0.098399 0.822531 0.12939 0.849923
0 0.462035 0.732639 0.463843 0.75463 0.513946 0.729938
0 0.399019 0.770833 0.359762 0.799383 0.354081 0.778549
0 0.426395 0.813272 0.402634 0.864969 0.394886 0.854167
0 0.387655 0.825617 0.348657 0.81983 0.350981 0.838349
0 0.377066 0.842978 0.389721 0.898534 0.386105 0.918981 0.377841 0.909336 0.380682 0.88966
0 0.376033 0.864969 0.374742 0.883488 0.322314 0.861497
0 0.331353 0.87037 0.364153 0.914738 0.353822 0.927083
0 0.374225 0.920139 0.383781 0.906636 0.341942 0.861497
0 0.389721 0.878472 0.395403 0.895062 0.430785 0.849151
0 0.44499 0.837577 0.445506 0.853395 0.488378 0.840278
0 0.473915 0.866898 0.469783 0.917438 0.458161 0.913966
0 0.427169 0.874614 0.448605 0.916667 0.456353 0.910108
0 0.447314 0.866512 0.451446 0.882716 0.41219 0.89892
0 0.544163 0.884645 0.538223 0.903164 0.49561 0.875772
0 0.580579 0.886188 0.55501 0.91821 0.546746 0.908565
0 0.54313 0.92091 0.552428 0.910108 0.522986 0.874614
0 0.650826 0.68287 0.656767 0.699846 0.615444 0.720679
0 0.676136 0.782407 0.637913 0.793981 0.637138 0.777392
0 0.630165 0.765046 0.634814 0.780864 0.588326 0.803627
0 0.642562 0.80787 0.60718 0.821373 0.604855 0.805556
0 0.604855 0.842593 0.559917 0.886574 0.551653 0.868056
0 0.604855 0.875 0.590651 0.91821 0.578771 0.907793
0 0.669938 0.280864 0.699638 0.323688 0.684917 0.341435
0 0.608988 0.509259 0.608988 0.566358 0.624742 0.565201
0 0.575413 0.515046 0.571539 0.52662 0.608988 0.544367
0 0.57438 0.412037 0.579287 0.435571 0.530217 0.438657
0 0.557593 0.305941 0.57438 0.376543 0.587293 0.364969
0 0.510331 0.228009 0.502583 0.248843 0.463068 0.198688
0 0.466167 0.253086 0.450413 0.316358 0.4375 0.305941
0 0.369576 0.239969 0.378357 0.303241 0.378357 0.303241 0.362603 0.301698
0 0.661157 0.206019 0.65625 0.217593 0.620868 0.188272
0 0.62655 0.210262 0.595041 0.179398 0.591167 0.202932
0 0.624742 0.334105 0.612862 0.383873 0.603048 0.376543
0 0.12061 0.557099 0.130682 0.566358 0.110279 0.609182