0 0.47624 0.219907 0.481921 0.206404 0.51188 0.237654
0 0.494318 0.194059 0.497676 0.178627 0.456353 0.17091
0 0.594267 0.191358 0.594267 0.17554 0.547262 0.183256
0 0.612603 0.202932 0.621643 0.19213 0.585486 0.147762
0 0.64282 0.273148 0.653926 0.277778 0.656508 0.223765
0 0.7203 0.243441 0.729855 0.253086 0.696539 0.295139
0 0.762138 0.163194 0.750775 0.154321 0.739669 0.202932
0 0.729339 0.164352 0.726756 0.179398 0.689824 0.15162
0 0.692665 0.173611 0.693957 0.15625 0.654442 0.150849
0 0.645919 0.162037 0.647469 0.141975 0.601498 0.135031
0 0.618285 0.125772 0.61906 0.11034 0.653151 0.131173
0 0.640238 0.104552 0.642304 0.121528 0.58936 0.119599
0 0.662707 0.095679 0.663481 0.111111 0.637138 0.103395
0 0.63843 0.094907 0.634556 0.108025 0.607438 0.077546
0 0.604597 0.086806 0.603564 0.068673 0.560692 0.080247
0 0.582645 0.060957 0.578771 0.046296 0.54907 0.065586
0 0.595041 0.060185 0.592459 0.046682 0.56844 0.066744
0 0.545971 0.065586 0.544163 0.048611 0.511622 0.064043
0 0.468492 0.060185 0.459452 0.060185 0.458678 0.091821
0 0.457386 0.047454 0.464101 0.05787 0.430269 0.080247
0 0.764205 0.111883 0.75439 0.102238 0.731921 0.159336
0 0.668647 0.114198 0.669938 0.098765 0.709452 0.097608
0 0.653151 0.079475 0.658316 0.068673 0.68595 0.101466
0 0.65186 0.091049 0.65186 0.07446 0.610537 0.072531
0 0.607955 0.059799 0.616219 0.05054 0.644628 0.094522
0 0.640238 0.052469 0.650568 0.054012 0.649793 0.098765
0 0.701705 0.062114 0.707386 0.050154 0.744318 0.086034
0 0.688017 0.073688 0.694473 0.059028 0.730114 0.090664
0 0.674329 0.060957 0.679752 0.048611 0.709452 0.082948
0 0.655217 0.064043 0.662707 0.054398 0.6875 0.091049
0 0.65625 0.046682 0.653926 0.062114 0.692665 0.079475
0 0.80501 0.192901 0.806043 0.177855 0.767562 0.16821
0 0.791322 0.145062 0.803719 0.138117 0.819215 0.195988
0 0.803719 0.106481 0.806302 0.119985 0.775052 0.136188
0 0.807335 0.102238 0.797779 0.116898 0.836002 0.140818
0 0.811209 0.087191 0.823605 0.085262 0.82438 0.142747
0 0.821798 0.076389 0.819731 0.092593 0.862862 0.086034
0 0.815857 0.057099 0.813791 0.072531 0.854081 0.072531
0 0.786674 0.060185 0.785382 0.07446 0.81844 0.073688
0 0.768595 0.050154 0.76343 0.062886 0.797004 0.090664
0 0.752066 0.061728 0.747417 0.067901 0.766012 0.08912
0 0.751291 0.046682 0.746643 0.059799 0.777893 0.088735
0 0.73657 0.062114 0.746643 0.059799 0.743027 0.103395 0.737087 0.064815
0 0.728822 0.062114 0.735279 0.051312 0.763688 0.089892
0 0.844267 0.11034 0.854081 0.104552 0.868285 0.162037
0 0.845558 0.216435 0.847366 0.231481 0.812758 0.231481
0 0.80811 0.289352 0.817665 0.279707 0.843492 0.316358
0 0.854081 0.313657 0.841167 0.307099 0.857696 0.246142
0 0.877324 0.244213 0.86312 0.239198 0.864928 0.305941
0 0.87655 0.129244 0.864928 0.121914 0.855114 0.179398
0 0.901601 0.100694 0.891529 0.087963 0.87061 0.128472
0 0.904442 0.131173 0.895403 0.124614 0.886105 0.17284
0 0.903151 0.198688 0.902376 0.181327 0.864411 0.183256
0 0.907025 0.068673 0.917872 0.072531 0.908316 0.127315
0 0.928719 0.07909 0.917355 0.076389 0.917872 0.125772
0 0.927428 0.11767 0.935176 0.127315 0.920455 0.146991
0 0.941116 0.131173 0.932076 0.118056 0.915806 0.167824
0 0.931302 0.162423 0.919163 0.160494 0.922521 0.207562
0 0.937758 0.163966 0.928202 0.154321 0.908058 0.202932
0 0.938533 0.199846 0.928719 0.195216 0.919163 0.239198
0 0.941116 0.185571 0.932851 0.177469 0.921229 0.215278
0 0.913998 0.21412 0.91968 0.22608 0.888946 0.248071
0 0.916581 0.23534 0.922262 0.246142 0.895403 0.276235
0 0.897986 0.307099 0.887655 0.306713 0.895403 0.276235
0 0.928202 0.23071 0.938017 0.23534 0.913998 0.289352
0 0.944473 0.217978 0.930269 0.216049 0.929494 0.285494
0 0.793905 0.455633 0.781508 0.451389 0.777893 0.505787
0 0.816632 0.354938 0.808884 0.341821 0.784091 0.39159
0 0.846333 0.44483 0.852789 0.426312 0.892045 0.473765
0 0.861829 0.353009 0.87345 0.35108 0.87061 0.40625
0 0.939824 0.345293 0.937242 0.363812 0.896694 0.337963
0 0.939308 0.316358 0.934659 0.300154 0.899277 0.32909
0 0.908833 0.413194 0.897727 0.418981 0.893853 0.366898
0 0.941632 0.407022 0.939824 0.390818 0.902376 0.398534
0 0.945506 0.439815 0.946281 0.426698 0.916581 0.433256
0 0.937242 0.447917 0.945764 0.435957 0.907541 0.415895
0 0.942407 0.465278 0.943182 0.44946 0.901085 0.447531
0 0.938017 0.496142 0.940599 0.479552 0.893853 0.470679
0 0.944473 0.497685 0.940341 0.482639 0.901085 0.514275
0 0.944215 0.518904 0.940599 0.501929 0.904959 0.521991
0 0.942924 0.523148 0.937242 0.511188 0.911415 0.54591
0 0.947572 0.530864 0.940341 0.516975 0.910124 0.551698
0 0.944473 0.576003 0.946798 0.561728 0.916581 0.557485
0 0.938533 0.547068 0.946281 0.55787 0.911932 0.588735
0 0.883523 0.561343 0.895919 0.567515 0.872159 0.621528
0 0.816116 0.640432 0.825671 0.629244 0.843492 0.669753
0 0.823089 0.700231 0.809659 0.700617 0.81405 0.640432
0 0.876033 0.703318 0.88688 0.695602 0.857696 0.630787
0 0.889463 0.734954 0.89282 0.716821 0.849432 0.705247
0 0.883523 0.655864 0.895145 0.653164 0.898502 0.707948
0 0.949638 0.633102 0.941632 0.642747 0.928202 0.597222
0 0.944215 0.647377 0.941632 0.631173 0.90186 0.655864
0 0.941632 0.684028 0.943182 0.667824 0.904959 0.668596
0 0.940599 0.707176 0.94189 0.691744 0.905475 0.696373
0 0.948864 0.734182 0.942407 0.721836 0.917355 0.756173
0 0.950155 0.75463 0.944215 0.74267 0.918647 0.784336
0 0.857955 0.829475 0.871384 0.827932 0.860279 0.769676
0 0.792097 0.798611 0.784349 0.784336 0.819215 0.751543
0 0.762913 0.766204 0.772211 0.759259 0.753874 0.711034
0 0.756715 0.804398 0.75594 0.785494 0.79907 0.798997
0 0.946798 0.806327 0.942407 0.820988 0.90031 0.79321
0 0.940341 0.813272 0.942924 0.829475 0.906767 0.844136
0 0.951446 0.818287 0.940341 0.813272 0.934659 0.859568
0 0.728822 0.875772 0.718492 0.86034 0.75155 0.814043
0 0.714101 0.89892 0.703771 0.905864 0.693957 0.846836
0 0.772727 0.869985 0.783833 0.877701 0.801911 0.813272
0 0.807076 0.903164 0.81405 0.887346 0.782541 0.862654
0 0.815341 0.905093 0.828254 0.903164 0.810692 0.854938
0 0.846849 0.908565 0.857955 0.905864 0.83781 0.852623
0 0.849948 0.899306 0.861054 0.891204 0.839101 0.842978
0 0.858471 0.900077 0.870093 0.895448 0.854081 0.847222
0 0.943182 0.857639 0.939308 0.839506 0.897727 0.856867
0 0.883006 0.896219 0.879649 0.87963 0.926911 0.880787
0 0.88688 0.902006 0.879907 0.885417 0.920971 0.866512
0 0.879907 0.905093 0.866219 0.89892 0.888171 0.85108
0 0.500258 0.692901 0.499742 0.678241 0.471074 0.687886
0 0.469783 0.721451 0.465393 0.73534 0.432335 0.708333
0 0.33626 0.700231 0.339618 0.71875 0.383264 0.711806
0 0.336777 0.609568 0.346074 0.604167 0.362603 0.649306
0 0.317407 0.789352 0.33032 0.787037 0.314308 0.726466
0 0.41968 0.858796 0.427944 0.850694 0.394886 0.804398
0 0.57593 0.833719 0.579029 0.817901 0.618285 0.851852
0 0.615186 0.869213 0.617252 0.881944 0.578254 0.887346
0 0.638946 0.875 0.636622 0.888503 0.594525 0.87037
0 0.621126 0.907022 0.617252 0.888503 0.659607 0.87963
0 0.612087 0.900849 0.59969 0.901235 0.610021 0.85841
0 0.565341 0.874228 0.55656 0.888503 0.533833 0.839506
0 0.553202 0.898148 0.540806 0.902778 0.535899 0.849923
0 0.532025 0.883873 0.531767 0.901235 0.490444 0.880015
0 0.457128 0.896991 0.445506 0.895448 0.462293 0.829861
0 0.433626 0.908951 0.424845 0.897377 0.465393 0.868056
0 0.411674 0.89892 0.403926 0.887346 0.436209 0.856481
0 0.378099 0.887731 0.384556 0.902006 0.419421 0.867284
0 0.39876 0.901235 0.386105 0.905864 0.377583 0.854938
0 0.364669 0.89429 0.352531 0.893133 0.373192 0.838349
0 0.34969 0.899306 0.361312 0.900849 0.365961 0.828704
0 0.322056 0.859568 0.331095 0.854938 0.320764 0.804784
0 0.315599 0.888503 0.318698 0.899306 0.356405 0.881559
0 0.332386 0.898148 0.320248 0.903164 0.322572 0.843364
0 0.346591 0.898148 0.334452 0.901235 0.328512 0.846836
0 0.284091 0.662809 0.285124 0.648148 0.248967 0.653164
0 0.30656 0.590278 0.314308 0.575231 0.282025 0.547068
0 0.225207 0.666667 0.214101 0.66358 0.221849 0.606096
0 0.218233 0.671296 0.206612 0.678241 0.192407 0.613426
0 0.200671 0.711806 0.188533 0.706404 0.208936 0.643519 0.20093 0.709105
0 0.167614 0.676312 0.167872 0.675926 0.176653 0.664738 0.195506 0.724537
0 0.218233 0.775463 0.203254 0.770062 0.221333 0.696759
0 0.296229 0.815201 0.301911 0.802469 0.272211 0.785494
0 0.237345 0.81983 0.225723 0.810571 0.247934 0.772762
0 0.215651 0.788966 0.214101 0.77392 0.25155 0.768904
0 0.184401 0.796682 0.185692 0.779321 0.224432 0.794753
0 0.145919 0.774691 0.152376 0.758488 0.180527 0.784336
0 0.173554 0.817901 0.161157 0.809414 0.191116 0.768133
0 0.179494 0.841435 0.173554 0.829475 0.212293 0.807485
0 0.167097 0.839506 0.162707 0.820216 0.211002 0.820216
0 0.158058 0.863426 0.148502 0.85571 0.170455 0.812114
0 0.143079 0.804784 0.147211 0.821759 0.170196 0.801698
0 0.141787 0.833333 0.148502 0.815972 0.168905 0.854938
0 0.139979 0.851852 0.147211 0.833719 0.167872 0.869213
0 0.236829 0.825617 0.236054 0.837577 0.271178 0.81713 0.238636 0.825231
0 0.248967 0.862654 0.261364 0.862269 0.24845 0.806713
0 0.240186 0.890432 0.228306 0.884645 0.249742 0.841049
0 0.21281 0.904707 0.214876 0.891204 0.262655 0.901235
0 0.214876 0.862269 0.227273 0.85841 0.210486 0.804398
0 0.197314 0.846836 0.196023 0.860725 0.161157 0.842978
0 0.18001 0.868056 0.18001 0.85108 0.220041 0.856481
0 0.170196 0.893519 0.158574 0.881944 0.18595 0.832562
0 0.182076 0.895062 0.189566 0.887346 0.16064 0.856481
0 0.185692 0.897377 0.197572 0.893519 0.183884 0.85108
0 0.181818 0.888503 0.181818 0.873843 0.217975 0.871142
0 0.209194 0.892361 0.208678 0.890046 0.204545 0.875 0.229081 0.864198
0 0.217459 0.896991 0.211002 0.883873 0.245093 0.873843
0 0.284607 0.87963 0.284091 0.881944 0.282025 0.89159 0.245093 0.883488
0 0.280217 0.866512 0.290289 0.873843 0.29313 0.817901
0 0.258781 0.896219 0.258781 0.896219 0.271178 0.900849 0.27376 0.850694
0 0.289773 0.885417 0.282541 0.875772 0.304494 0.833333
0 0.297004 0.875 0.306043 0.880015 0.310434 0.824074
0 0.303202 0.900077 0.316116 0.902778 0.313533 0.832562
0 0.278926 0.906636 0.274793 0.885417 0.324122 0.871142
0 0.155475 0.731096 0.142562 0.728395 0.154959 0.674383
0 0.140496 0.707176 0.146436 0.691744 0.175362 0.753472
0 0.142045 0.657793 0.149535 0.649306 0.16374 0.694444
0 0.145919 0.640818 0.154959 0.634645 0.16968 0.691744
0 0.181818 0.60108 0.172262 0.589506 0.203771 0.543981
0 0.166322 0.568287 0.174329 0.559799 0.172779 0.611883
0 0.152893 0.527778 0.161932 0.520833 0.165289 0.574074
0 0.145661 0.509259 0.152376 0.503472 0.157283 0.548225
0 0.27376 0.474537 0.279959 0.466821 0.26188 0.445988
0 0.163223 0.613812 0.163998 0.623457 0.184401 0.631173 0.162448 0.610725
0 0.171746 0.652392 0.161157 0.653164 0.166581 0.627315
0 0.143337 0.623071 0.148502 0.611883 0.16064 0.648148
0 0.152893 0.643519 0.158058 0.657793 0.185176 0.623457
0 0.152376 0.60571 0.145919 0.613812 0.167097 0.640818
0 0.151601 0.588349 0.147727 0.604938 0.183884 0.627315
0 0.161932 0.500772 0.15625 0.508488 0.170971 0.548225
0 0.149019 0.5 0.154959 0.491898 0.174845 0.533565
0 0.152376 0.476466 0.145919 0.489969 0.173037 0.521219
0 0.177944 0.454475 0.186983 0.462191 0.172262 0.513117
0 0.182076 0.501929 0.176653 0.48804 0.208419 0.465278
0 0.145145 0.449846 0.152893 0.444059 0.167872 0.505787
0 0.21875 0.46412 0.208419 0.465278 0.202479 0.412037
0 0.220558 0.403164 0.234762 0.399306 0.236054 0.469136
0 0.236829 0.378086 0.244576 0.355324 0.267304 0.405093
0 0.27686 0.383873 0.284607 0.376157 0.263946 0.338735
0 0.249742 0.349151 0.25749 0.343364 0.241219 0.305941
0 0.213068 0.369599 0.208419 0.357253 0.239928 0.332948
0 0.201963 0.342593 0.209194 0.353009 0.231663 0.305941
0 0.192924 0.445602 0.182593 0.442901 0.197572 0.385802
0 0.151601 0.439043 0.159349 0.426312 0.168388 0.500772
0 0.155992 0.444059 0.161415 0.428627 0.205837 0.457562
0 0.153667 0.41088 0.161415 0.407407 0.168905 0.455633
0 0.149793 0.405478 0.15625 0.394676 0.182593 0.436343
0 0.1547 0.40162 0.161157 0.390046 0.179236 0.428627
0 0.148244 0.385031 0.154959 0.375386 0.181302 0.421682
0 0.151601 0.370756 0.160124 0.363812 0.187242 0.415895
0 0.153667 0.363812 0.154959 0.353395 0.194215 0.365741
0 0.155992 0.339506 0.157541 0.355324 0.198605 0.338735
0 0.15031 0.315586 0.158574 0.3125 0.163998 0.355324
0 0.167614 0.295525 0.161415 0.30517 0.188533 0.330247
0 0.151601 0.306713 0.160124 0.297454 0.172262 0.340664
0 0.154184 0.290509 0.153409 0.304784 0.18905 0.286651
0 0.16374 0.283951 0.16064 0.271991 0.196023 0.256559 0.165289 0.282793
0 0.152118 0.278935 0.158833 0.291281 0.173554 0.248071
0 0.157541 0.25463 0.157283 0.265432 0.197314 0.25
0 0.277376 0.235725 0.281508 0.253858 0.31999 0.226852
0 0.313533 0.298225 0.31405 0.298611 0.322572 0.307099 0.334452 0.264275
0 0.280733 0.216435 0.279442 0.232639 0.246643 0.22608
0 0.228306 0.212191 0.238636 0.210648 0.234246 0.262731
0 0.227014 0.248071 0.231147 0.264275 0.183368 0.281636
0 0.192149 0.23071 0.192149 0.215278 0.238636 0.202546
0 0.162448 0.233796 0.165289 0.219907 0.214101 0.243441
0 0.152376 0.248071 0.163998 0.258873 0.174329 0.208719
0 0.265238 0.169753 0.269886 0.159336 0.295713 0.19483
0 0.214101 0.156636 0.224432 0.145062 0.252841 0.198688
0 0.230888 0.148534 0.231147 0.12963 0.282025 0.135417 0.231147 0.15162
0 0.192924 0.15625 0.187242 0.139275 0.22314 0.113812
0 0.164514 0.118827 0.173554 0.109182 0.187242 0.156636
0 0.168388 0.06983 0.176653 0.060957 0.184659 0.116127
0 0.166322 0.163966 0.155475 0.160108 0.172779 0.11767
0 0.178202 0.153549 0.174845 0.165895 0.216167 0.188272
0 0.201188 0.207562 0.18905 0.212577 0.180527 0.165123
0 0.1547 0.210262 0.158574 0.197145 0.191116 0.224923
0 0.158833 0.183642 0.157541 0.200617 0.186467 0.202546
0 0.168905 0.17284 0.161415 0.187114 0.183368 0.208719
0 0.182593 0.193287 0.173037 0.197917 0.167614 0.145062
0 0.217459 0.041667 0.222107 0.058256 0.189566 0.065972
0 0.209194 0.066744 0.207903 0.079475 0.240186 0.086806
0 0.227273 0.061728 0.220041 0.051312 0.197572 0.094522
0 0.250517 0.045525 0.255424 0.058256 0.222107 0.070602
0 0.258264 0.054398 0.262138 0.068673 0.231663 0.081404
0 0.278667 0.044753 0.285382 0.057099 0.253099 0.080247
0 0.292355 0.11767 0.291839 0.131559 0.256973 0.114969
0 0.308626 0.065972 0.302686 0.049383 0.26782 0.087191
0 0.313017 0.087963 0.31689 0.098765 0.288481 0.114198
0 0.309917 0.07909 0.308368 0.09375 0.27686 0.092978
0 0.3422 0.091049 0.338843 0.103395 0.309917 0.07909
0 0.351756 0.120756 0.349948 0.135031 0.317665 0.122685
0 0.350981 0.100694 0.353048 0.113812 0.313017 0.116127
0 0.393079 0.071759 0.400052 0.084877 0.366736 0.116898
0 0.307851 0.054398 0.316374 0.050154 0.324638 0.088735
0 0.32593 0.050154 0.314824 0.058256 0.340909 0.088735
0 0.340134 0.051312 0.329029 0.05517 0.346591 0.100694
0 0.344525 0.053241 0.353048 0.055941 0.340909 0.102623
0 0.358729 0.049383 0.346591 0.051312 0.353048 0.101466