0 0.534866 0.320216 0.531767 0.30787 0.49561 0.331019
0 0.458678 0.309028 0.465909 0.298225 0.494835 0.342593
0 0.430527 0.282793 0.430527 0.265432 0.474432 0.271991
0 0.386364 0.33179 0.382748 0.316744 0.425362 0.300154
0 0.382748 0.296296 0.378099 0.280093 0.350981 0.315586
0 0.328512 0.249228 0.323864 0.23071 0.369576 0.210262
0 0.303719 0.179398 0.313017 0.183256 0.298812 0.232639
0 0.376033 0.17284 0.372159 0.154321 0.419938 0.144676
0 0.378616 0.089892 0.387913 0.095679 0.367252 0.143904
0 0.398244 0.090664 0.391787 0.102238 0.427686 0.133488
0 0.411157 0.088735 0.415548 0.104552 0.453512 0.07909
0 0.44189 0.125386 0.442665 0.111111 0.479597 0.114198
0 0.496126 0.126543 0.505424 0.120756 0.517045 0.179784
0 0.534349 0.205633 0.526601 0.190972 0.55811 0.164352
0 0.567149 0.11767 0.559401 0.104552 0.537448 0.144676
0 0.522727 0.081019 0.523502 0.095679 0.55811 0.087191
0 0.498709 0.057099 0.491219 0.068673 0.52531 0.102623
0 0.447314 0.056327 0.456353 0.048611 0.472366 0.103395
0 0.292355 0.091821 0.289773 0.076389 0.329029 0.06983
0 0.569731 0.266204 0.570506 0.248843 0.608729 0.263503
0 0.61312 0.237269 0.613636 0.221836 0.567407 0.224151
0 0.589876 0.214506 0.584194 0.200617 0.606147 0.181327
0 0.585486 0.184414 0.573605 0.180556 0.591684 0.133488
0 0.610537 0.167824 0.607955 0.150463 0.647986 0.158565
0 0.603564 0.105324 0.598915 0.091821 0.633006 0.075231
0 0.634556 0.064815 0.62939 0.05517 0.59969 0.08912
0 0.399277 0.042438 0.391529 0.049383 0.409866 0.09838
0 0.377324 0.067901 0.375 0.048611 0.428977 0.040509
0 0.365961 0.008102 0.376291 0.005015 0.377583 0.054012
0 0.381457 0.009645 0.388946 0.001929 0.411157 0.038966
0 0.422779 0.010031 0.41813 0.018519 0.443182 0.037037
0 0.405733 0.015818 0.412965 0.003086 0.440857 0.039738
0 0.453512 0.013503 0.462552 0.003858 0.481921 0.058256
0 0.485795 0.013503 0.477014 0.01659 0.488378 0.058256
0 0.487862 0.07716 0.487862 0.07716 0.478822 0.061728 0.514979 0.017747
0 0.51188 0.040895 0.506715 0.054398 0.543388 0.075617
0 0.533574 0.01659 0.540806 0.005015 0.570506 0.051312
0 0.580062 0.064043 0.575671 0.047454 0.615702 0.037809
0 0.297521 0.054012 0.292355 0.039738 0.263688 0.071759
0 0.286415 0.012731 0.293647 0.022377 0.267562 0.062886
0 0.274019 0.002315 0.281767 0.009645 0.260072 0.05517
0 0.295455 0.010802 0.290806 0.021219 0.341426 0.040509
0 0.309143 0.001157 0.297521 0.010031 0.33032 0.060185
0 0.286932 0.003858 0.298554 0.000386 0.303719 0.056327
0 0.633781 0.23341 0.627324 0.223765 0.656508 0.192901
0 0.612087 0.204475 0.613636 0.221836 0.655992 0.204861
0 0.660382 0.25 0.650826 0.23534 0.623709 0.29321
0 0.66813 0.239198 0.667355 0.22608 0.695248 0.219907
0 0.658316 0.235725 0.65186 0.221065 0.690083 0.196759
0 0.690599 0.14892 0.681043 0.14892 0.680527 0.203704
0 0.673295 0.152392 0.673295 0.135417 0.716942 0.142747
0 0.637655 0.12963 0.641012 0.111883 0.68156 0.13696
0 0.634556 0.094522 0.634556 0.094907 0.635847 0.112269 0.677169 0.100309
0 0.663481 0.061728 0.658574 0.073688 0.694731 0.091049
0 0.640496 0.055941 0.633781 0.071759 0.68311 0.101466
0 0.597107 0.017747 0.591426 0.032022 0.631457 0.054398
0 0.607955 0.018519 0.615702 0.009645 0.637913 0.052083
0 0.630165 0.01196 0.623709 0.025077 0.672779 0.052469
0 0.672779 0.032022 0.672779 0.044367 0.703771 0.041667
0 0.721074 0.028164 0.714618 0.017747 0.686725 0.060957
0 0.679236 0.022377 0.686983 0.009645 0.718492 0.046296
0 0.729597 0.11767 0.728822 0.100694 0.765496 0.108025
0 0.729597 0.091821 0.72624 0.076389 0.763171 0.060957
0 0.759814 0.039738 0.747934 0.030864 0.73657 0.095679
0 0.738636 0.015432 0.73657 0.027006 0.769628 0.037809
0 0.73218 0.032793 0.737862 0.021219 0.754132 0.052469
0 0.722882 0.024306 0.733988 0.027392 0.72314 0.086034
0 0.76937 0.101466 0.769628 0.086806 0.806818 0.099537
0 0.761105 0.083333 0.755424 0.071373 0.780475 0.058256
0 0.836002 0.106096 0.836519 0.089892 0.80062 0.084105
0 0.822572 0.03125 0.81095 0.036651 0.832128 0.082948
0 0.79468 0.040509 0.797262 0.054012 0.830837 0.037037
0 0.807076 0.01929 0.797262 0.026235 0.821281 0.073688
0 0.778409 0.019676 0.778409 0.035108 0.81999 0.029321
0 0.772211 0.017747 0.766787 0.032793 0.80501 0.064815
0 0.759039 0.054012 0.764979 0.037809 0.810176 0.07446
0 0.759039 0.160108 0.757748 0.139275 0.79468 0.154707
0 0.809659 0.183256 0.809659 0.167052 0.764463 0.17284
0 0.748709 0.209491 0.740444 0.195216 0.771436 0.17091
0 0.71436 0.263503 0.707386 0.251157 0.745351 0.22608
0 0.728564 0.277778 0.732696 0.260417 0.768853 0.294367
0 0.69189 0.255787 0.703512 0.260802 0.708936 0.205633
0 0.797262 0.205633 0.806818 0.204475 0.804236 0.253858
0 0.819215 0.174769 0.811467 0.163194 0.83781 0.13696
0 0.807593 0.144676 0.802944 0.129244 0.836519 0.116898
0 0.832645 0.183256 0.81999 0.189043 0.837035 0.241512
0 0.824897 0.231481 0.833161 0.244213 0.794163 0.285494
0 0.872676 0.216435 0.883523 0.221836 0.869318 0.26659
0 0.865702 0.135031 0.870093 0.145062 0.845041 0.174769
0 0.881715 0.127701 0.872159 0.130401 0.88094 0.194059
0 0.852014 0.100309 0.862345 0.092978 0.873192 0.153549
0 0.849432 0.075617 0.855888 0.062886 0.883006 0.106096
0 0.679236 0.3125 0.670196 0.307099 0.684143 0.25463
0 0.887655 0.171682 0.899019 0.173611 0.891271 0.233796
0 0.90186 0.135417 0.909349 0.140818 0.896694 0.177469
0 0.911932 0.135417 0.91968 0.141204 0.90031 0.181327
0 0.924329 0.125772 0.932076 0.136188 0.914514 0.189043
0 0.948347 0.133488 0.94938 0.14892 0.914514 0.165123
0 0.937758 0.115741 0.944473 0.123843 0.911415 0.162423
0 0.922262 0.171682 0.929494 0.175926 0.913998 0.222994
0 0.941116 0.171682 0.930269 0.165895 0.925103 0.217207
0 0.942407 0.161265 0.934659 0.154321 0.922521 0.212577
0 0.933884 0.229552 0.928202 0.215278 0.900568 0.264275
0 0.929494 0.262731 0.920971 0.252701 0.904959 0.301312
0 0.94189 0.250772 0.938533 0.235725 0.906767 0.265432
0 0.935434 0.264275 0.939824 0.276235 0.909607 0.291667
0 0.945764 0.274306 0.939308 0.264275 0.915806 0.309028
0 0.935434 0.291667 0.938533 0.300926 0.909349 0.314815
0 0.701188 0.438272 0.710227 0.438272 0.706353 0.491127
0 0.677169 0.403549 0.665548 0.397377 0.686209 0.352238
0 0.641787 0.378472 0.651343 0.366898 0.624225 0.323302
0 0.63843 0.336034 0.645661 0.352238 0.666064 0.300926
0 0.579029 0.39159 0.588843 0.380401 0.606921 0.439815
0 0.730114 0.302855 0.732696 0.320216 0.690083 0.321373
0 0.768337 0.361883 0.776085 0.372299 0.748967 0.409336
0 0.743543 0.465278 0.757748 0.459105 0.768853 0.51929
0 0.78874 0.481481 0.798554 0.484568 0.791322 0.534722
0 0.810692 0.490355 0.817407 0.475694 0.78125 0.440972
0 0.873967 0.461034 0.862603 0.452546 0.850981 0.518133
0 0.852273 0.440201 0.860021 0.450617 0.871643 0.411265
0 0.906508 0.374614 0.897469 0.364583 0.881198 0.420525
0 0.928977 0.365741 0.919163 0.357253 0.903667 0.412809
0 0.943698 0.443673 0.947572 0.432099 0.910899 0.395833
0 0.944473 0.38696 0.935434 0.374614 0.912965 0.433256
0 0.945248 0.48341 0.942407 0.464892 0.904959 0.48804
0 0.940083 0.505401 0.934659 0.492284 0.901085 0.52662
0 0.944473 0.525077 0.939308 0.511574 0.909091 0.540509
0 0.916839 0.315586 0.919421 0.32909 0.874742 0.345293
0 0.71126 0.750386 0.712552 0.73534 0.752583 0.752315
0 0.664256 0.810185 0.659091 0.798611 0.686983 0.775849
0 0.686983 0.863426 0.684143 0.846836 0.644886 0.871914
0 0.760589 0.85108 0.759039 0.831404 0.71126 0.849923
0 0.777118 0.841049 0.781767 0.827546 0.746901 0.803627
0 0.783058 0.868056 0.783058 0.852623 0.73657 0.849151
0 0.832645 0.785494 0.825671 0.77392 0.798554 0.824846
0 0.832645 0.812114 0.842459 0.808256 0.834711 0.766204
0 0.859246 0.803627 0.857955 0.802083 0.850723 0.79321 0.823864 0.844907
0 0.873967 0.783565 0.870093 0.798611 0.839101 0.775849
0 0.829029 0.760031 0.834711 0.747685 0.859246 0.788966
0 0.789514 0.701389 0.781767 0.686728 0.821023 0.658179
0 0.847107 0.635031 0.841684 0.62037 0.806818 0.657793
0 0.708678 0.599923 0.712552 0.582948 0.753357 0.606096
0 0.865702 0.768133 0.877324 0.766975 0.870868 0.710262
0 0.908316 0.77392 0.9078 0.78125 0.88688 0.779321
0 0.881198 0.810185 0.875517 0.796682 0.902634 0.789352
0 0.876808 0.769676 0.887138 0.760417 0.892045 0.810185
0 0.902376 0.677083 0.910899 0.669753 0.921746 0.721451
0 0.712035 0.88966 0.718492 0.899306 0.740961 0.852623
0 0.586002 0.893133 0.5953 0.896991 0.598399 0.846836
0 0.534607 0.849151 0.54468 0.85571 0.562758 0.80054
0 0.7797 0.902006 0.791581 0.902778 0.783574 0.839506
0 0.808884 0.883873 0.799329 0.880015 0.817149 0.830633
0 0.813533 0.905093 0.808368 0.898148 0.826446 0.875
0 0.797779 0.896991 0.808368 0.898148 0.797262 0.842978
0 0.845558 0.900077 0.836777 0.892361 0.858729 0.86034
0 0.860537 0.89892 0.84969 0.898148 0.859762 0.833333
0 0.939308 0.607639 0.938791 0.593364 0.904959 0.604167
0 0.942665 0.57909 0.938017 0.59838 0.906508 0.565201
0 0.947572 0.582562 0.945248 0.601852 0.895403 0.60108
0 0.938791 0.323302 0.934917 0.310957 0.904959 0.336806
0 0.943182 0.316358 0.938533 0.300926 0.89876 0.334877
0 0.940083 0.339506 0.936725 0.32446 0.896694 0.354938
0 0.94189 0.359182 0.940083 0.344522 0.910382 0.36767
0 0.948347 0.34838 0.94189 0.359182 0.907541 0.336034
0 0.941374 0.368827 0.951446 0.366512 0.943957 0.324074
0 0.925103 0.09375 0.916839 0.086806 0.906508 0.13233
0 0.908833 0.08912 0.89876 0.095679 0.91813 0.131173
0 0.895403 0.07909 0.907025 0.080247 0.902634 0.126543
0 0.858471 0.03588 0.863636 0.028164 0.891529 0.07716
0 0.851498 0.028164 0.862345 0.019676 0.888946 0.079475
0 0.843233 0.044753 0.850723 0.033179 0.883264 0.07446
0 0.833419 0.033179 0.841167 0.024306 0.859762 0.06983
0 0.883006 0.037809 0.877324 0.043596 0.90625 0.065586
0 0.87345 0.025463 0.865702 0.03125 0.896694 0.068673
0 0.878616 0.021219 0.870093 0.028935 0.90625 0.065586
0 0.902376 0.028935 0.901085 0.028935 0.890754 0.029321 0.909607 0.075617
0 0.945248 0.078318 0.939308 0.064815 0.916064 0.09838
0 0.935434 0.059028 0.927169 0.05054 0.911674 0.085262
0 0.9078 0.033951 0.915548 0.036651 0.913998 0.073688 0.90625 0.030864
0 0.920455 0.030093 0.909091 0.028164 0.916839 0.086806
0 0.929494 0.038966 0.916839 0.040895 0.932076 0.119985
0 0.247159 0.161265 0.247159 0.161265 0.247676 0.144676 0.291839 0.15162
0 0.202479 0.148534 0.201188 0.135031 0.23218 0.134259
0 0.168905 0.131559 0.166581 0.111883 0.213585 0.113812
0 0.152893 0.09838 0.148244 0.080247 0.197314 0.068673
0 0.248967 0.013503 0.24251 0.000386 0.209194 0.042824
0 0.143337 0.017361 0.142045 0.032022 0.189824 0.009645
0 0.145919 0.043596 0.142562 0.028164 0.184401 0.017747
0 0.142562 0.059028 0.140496 0.042438 0.18905 0.037037
0 0.235537 0.25463 0.24251 0.241512 0.211002 0.21142
0 0.136622 0.221065 0.142045 0.210262 0.174329 0.248843
0 0.254132 0.349151 0.263946 0.337963 0.236054 0.297454
0 0.174845 0.257716 0.185176 0.247299 0.202738 0.309028
0 0.17562 0.334877 0.185176 0.322531 0.157283 0.274306
0 0.168388 0.41088 0.158833 0.401235 0.182593 0.359954
0 0.191632 0.447917 0.203254 0.451389 0.204545 0.390046
0 0.178202 0.479552 0.188275 0.471065 0.162707 0.422454
0 0.223399 0.51929 0.231147 0.513503 0.215651 0.478395
0 0.13688 0.390818 0.146436 0.386188 0.15031 0.448688
0 0.127066 0.469136 0.137913 0.469907 0.134039 0.417052
0 0.172779 0.501543 0.163223 0.487269 0.136622 0.532793
0 0.122676 0.525077 0.135331 0.530864 0.140754 0.474537
0 0.354339 0.446759 0.365186 0.446759 0.369318 0.398534
0 0.396178 0.496914 0.4078 0.491127 0.41064 0.552083
0 0.317665 0.594522 0.317665 0.577932 0.2828 0.586806 0.319473 0.595293
0 0.306043 0.638889 0.300878 0.621528 0.262138 0.655093
0 0.220558 0.672454 0.233471 0.669753 0.219267 0.60108
0 0.208419 0.640818 0.208419 0.624228 0.165031 0.625
0 0.158058 0.603009 0.166322 0.604167 0.166581 0.566358
0 0.192924 0.687886 0.198605 0.698302 0.170455 0.727238
0 0.206612 0.785108 0.207645 0.766204 0.250517 0.779321
0 0.16374 0.829861 0.158833 0.8125 0.200671 0.779707
0 0.339618 0.743056 0.340651 0.724537 0.303977 0.724537
0 0.372417 0.60108 0.384556 0.594522 0.362087 0.540509
0 0.440857 0.677469 0.440857 0.660108 0.477531 0.665509
0 0.402118 0.829475 0.408574 0.820988 0.377066 0.777778
0 0.285382 0.883873 0.276085 0.873071 0.315083 0.827546
0 0.242769 0.885417 0.240186 0.871914 0.275568 0.85571
0 0.223399 0.875772 0.220041 0.861497 0.256715 0.850694
0 0.20532 0.881944 0.198089 0.871142 0.232438 0.831404
0 0.149793 0.881559 0.144628 0.871914 0.180785 0.846065
0 0.151601 0.859568 0.141271 0.86034 0.152376 0.798997
0 0.126291 0.866127 0.126291 0.849923 0.174329 0.858796
0 0.510072 0.77392 0.508523 0.759259 0.480114 0.787037
0 0.540548 0.331404 0.543905 0.314043 0.577479 0.330633
0 0.944215 0.666281 0.938533 0.650077 0.915806 0.695602
0 0.951446 0.674769 0.947314 0.659336 0.921488 0.694059
0 0.944215 0.642361 0.947831 0.654707 0.911674 0.676312
0 0.942149 0.629244 0.930785 0.626929 0.917872 0.668596
0 0.930785 0.615355 0.936467 0.623843 0.90186 0.663194
0 0.929752 0.610725 0.936467 0.623843 0.896178 0.653935
0 0.946798 0.619985 0.9375 0.611497 0.91374 0.659336
0 0.939566 0.748071 0.936983 0.738812 0.90031 0.761188
0 0.923037 0.777392 0.929236 0.764275 0.899793 0.731096
0 0.948864 0.725694 0.936983 0.721065 0.925103 0.772762
0 0.947314 0.715664 0.938017 0.710262 0.917355 0.752701
0 0.936983 0.693287 0.941632 0.701775 0.904442 0.736497
0 0.948864 0.693287 0.939566 0.688657 0.933884 0.737269
0 0.938533 0.755015 0.936983 0.769676 0.894112 0.765818
0 0.944215 0.75733 0.945764 0.767361 0.916839 0.777392
0 0.948864 0.78125 0.947314 0.771991 0.912707 0.778935
0 0.896694 0.815972 0.905992 0.820602 0.914773 0.765818
0 0.945248 0.802855 0.942149 0.813657 0.914773 0.788966
0 0.935434 0.816744 0.933368 0.803627 0.910124 0.818287
0 0.950413 0.814429 0.945248 0.826003 0.912707 0.790509
0 0.949897 0.794367 0.945764 0.780478 0.91374 0.804398
0 0.892045 0.846836 0.890496 0.832948 0.853822 0.84838
0 0.905992 0.826775 0.907025 0.815201 0.870868 0.80517
0 0.905992 0.84375 0.909091 0.82909 0.866219 0.817515
0 0.898244 0.857639 0.897211 0.86767 0.862087 0.854552
0 0.895661 0.890818 0.886364 0.88696 0.88688 0.844522
0 0.899277 0.897762 0.907541 0.896991 0.895661 0.841435
0 0.911674 0.885417 0.905475 0.887731 0.892045 0.846836
0 0.917355 0.881559 0.911674 0.885417 0.895661 0.841435
0 0.92407 0.895448 0.918905 0.902392 0.887397 0.880787
0 0.887397 0.898534 0.879132 0.904707 0.866219 0.856096
0 0.891012 0.90625 0.893595 0.893904 0.861054 0.877701
0 0.935434 0.846065 0.934401 0.833719 0.901343 0.833719
0 0.943182 0.814429 0.942665 0.825231 0.905992 0.826775 0.942149 0.813657
0 0.945248 0.832948 0.935434 0.846065 0.91219 0.810571
0 0.948864 0.838349 0.942665 0.851466 0.903409 0.842207
0 0.927169 0.890818 0.917355 0.892361 0.906508 0.839892
0 0.923037 0.859182 0.917355 0.861497 0.909091 0.82909
0 0.930785 0.878472 0.93905 0.876157 0.919938 0.829861
0 0.934401 0.883873 0.925103 0.886188 0.917355 0.839892