0 0.650826 0.327932 0.650826 0.342593 0.61312 0.341049
0 0.566632 0.192901 0.570248 0.209877 0.608471 0.185957
0 0.533574 0.146605 0.53719 0.161265 0.493802 0.16821
0 0.414773 0.114969 0.414773 0.133488 0.368802 0.121142
0 0.647727 0.118827 0.653409 0.132716 0.617252 0.157407 0.646694 0.12037
0 0.652376 0.170525 0.655992 0.152778 0.695764 0.185957
0 0.676653 0.101852 0.680785 0.087577 0.641012 0.076003
0 0.580062 0.104552 0.579029 0.123457 0.540806 0.118056
0 0.707645 0.081404 0.71281 0.066744 0.741219 0.07909
0 0.703512 0.064429 0.71436 0.056713 0.727789 0.108796
0 0.6875 0.065201 0.697314 0.06713 0.684401 0.121914
0 0.697314 0.054398 0.683884 0.065201 0.715909 0.107253
0 0.794421 0.058256 0.803719 0.072917 0.770661 0.088349
0 0.782025 0.108025 0.793388 0.113426 0.772211 0.162037
0 0.794421 0.152778 0.805269 0.152778 0.795971 0.20679
0 0.794938 0.288194 0.78564 0.277006 0.809401 0.236883
0 0.869318 0.215278 0.857955 0.209877 0.853822 0.273148
0 0.883781 0.243056 0.872417 0.233025 0.856921 0.289352
0 0.857955 0.306327 0.862603 0.29321 0.891529 0.32716
0 0.848657 0.130401 0.857438 0.142747 0.824897 0.181327
0 0.821281 0.06713 0.830579 0.062114 0.847624 0.116512
0 0.835227 0.064429 0.850723 0.072145 0.839876 0.126543
0 0.848657 0.062886 0.857955 0.063657 0.853306 0.118827
0 0.869835 0.062114 0.857955 0.063657 0.860537 0.122685
0 0.875517 0.083719 0.865444 0.082176 0.869318 0.124614
0 0.877324 0.068673 0.866994 0.073302 0.889979 0.115741
0 0.891271 0.070216 0.886364 0.080633 0.903926 0.107639
0 0.87939 0.060957 0.870093 0.070216 0.90031 0.109182
0 0.91219 0.097994 0.919421 0.10108 0.916839 0.130787
0 0.916581 0.103781 0.920455 0.084877 0.888171 0.074074
0 0.926136 0.08642 0.917097 0.086034 0.920713 0.135802
0 0.916064 0.077932 0.906508 0.074846 0.901601 0.130787
0 0.885072 0.136574 0.880424 0.125386 0.853306 0.157793
0 0.881973 0.159336 0.874742 0.149691 0.855372 0.192515
0 0.916064 0.131944 0.909091 0.119599 0.881973 0.159336 0.916839 0.130787
0 0.925103 0.168981 0.924329 0.182099 0.891271 0.163194
0 0.931302 0.168981 0.923554 0.177469 0.912707 0.137731
0 0.929494 0.189815 0.921229 0.174769 0.897727 0.219907
0 0.9078 0.187886 0.899793 0.176698 0.878099 0.224537
0 0.866219 0.338349 0.855888 0.333333 0.844783 0.402778
0 0.817924 0.372299 0.827479 0.365741 0.83781 0.419367
0 0.930785 0.332562 0.931043 0.344522 0.892045 0.342593
0 0.928719 0.318287 0.922004 0.330633 0.894628 0.282793
0 0.935434 0.275077 0.925878 0.268904 0.918388 0.315201
0 0.928977 0.261188 0.923295 0.266975 0.90186 0.228781
0 0.928202 0.252315 0.933884 0.260031 0.902634 0.291281
0 0.930785 0.383488 0.93001 0.36767 0.895403 0.377315
0 0.932593 0.390432 0.926911 0.376929 0.903667 0.422068
0 0.763688 0.488812 0.766271 0.475309 0.802169 0.494599
0 0.813275 0.445216 0.817665 0.429012 0.776085 0.415895
0 0.855888 0.451003 0.862345 0.440586 0.892045 0.489198 0.854855 0.452932
0 0.846333 0.525463 0.835227 0.529707 0.850723 0.586034
0 0.832903 0.535108 0.821798 0.528549 0.834452 0.483025
0 0.796488 0.534336 0.794421 0.518904 0.832645 0.518519
0 0.808884 0.609568 0.799845 0.602623 0.821281 0.5625
0 0.911674 0.56713 0.915289 0.554398 0.875775 0.537423
0 0.932076 0.541281 0.923037 0.535494 0.919421 0.58912
0 0.935434 0.523534 0.926136 0.518519 0.924845 0.578318
0 0.933626 0.497299 0.924845 0.488812 0.913223 0.552469
0 0.884814 0.457176 0.891012 0.447145 0.914773 0.502701
0 0.898502 0.457176 0.903151 0.441358 0.864411 0.42554
0 0.932335 0.43287 0.928977 0.41821 0.896436 0.440972
0 0.926911 0.439815 0.937242 0.430941 0.913223 0.385417
0 0.923554 0.454861 0.92407 0.453318 0.926911 0.443287 0.89876 0.439043
0 0.926395 0.456019 0.92562 0.440972 0.897211 0.453318
0 0.937242 0.454475 0.926136 0.445216 0.90625 0.51196
0 0.81999 0.760031 0.821539 0.771219 0.787965 0.776235
0 0.767045 0.76466 0.757231 0.771605 0.747676 0.714892
0 0.740444 0.650077 0.750258 0.657793 0.762913 0.61304
0 0.878616 0.732639 0.883523 0.721065 0.853822 0.682485 0.879132 0.734568
0 0.886364 0.666281 0.896436 0.668596 0.883523 0.72608
0 0.92562 0.748071 0.933368 0.733796 0.901343 0.702932
0 0.927428 0.699846 0.9375 0.705247 0.917355 0.761574
0 0.878616 0.652778 0.88688 0.657407 0.896436 0.607253
0 0.895145 0.58179 0.901085 0.597222 0.859762 0.619213
0 0.87345 0.57446 0.88688 0.573688 0.879132 0.64159
0 0.911674 0.58179 0.922262 0.590278 0.895919 0.643904
0 0.928461 0.60108 0.93595 0.609182 0.911415 0.649691
0 0.927686 0.582176 0.934659 0.592207 0.914514 0.624228
0 0.927686 0.777006 0.935434 0.783179 0.913998 0.826389
0 0.868027 0.771605 0.868543 0.771605 0.878616 0.766975 0.878616 0.817901
0 0.877066 0.834877 0.878357 0.815586 0.827996 0.82446
0 0.865186 0.813657 0.868802 0.796296 0.826188 0.79591
0 0.840651 0.872685 0.843492 0.858025 0.804494 0.847608
0 0.936725 0.850694 0.933368 0.834491 0.902634 0.856096
0 0.913223 0.903935 0.902376 0.90162 0.917097 0.853781
0 0.892045 0.893133 0.90186 0.893133 0.886105 0.833333
0 0.900568 0.90625 0.892045 0.893133 0.919938 0.85571
0 0.887397 0.902006 0.876033 0.902006 0.879907 0.838735
0 0.861312 0.904321 0.869576 0.900849 0.843233 0.845679
0 0.858988 0.913194 0.868802 0.904707 0.835227 0.873071
0 0.845558 0.906636 0.852531 0.896219 0.8125 0.873457
0 0.79313 0.884259 0.795713 0.86767 0.841167 0.90625
0 0.811983 0.909722 0.817665 0.89892 0.784866 0.879244
0 0.771178 0.907407 0.758264 0.906636 0.765496 0.846065
0 0.750775 0.890818 0.737603 0.891975 0.742252 0.832176
0 0.738895 0.826775 0.748967 0.832948 0.728306 0.883102
0 0.4375 0.89429 0.447314 0.902778 0.463326 0.844522
0 0.48063 0.904321 0.490702 0.909722 0.512655 0.864969
0 0.502583 0.891975 0.493285 0.903935 0.471333 0.854167
0 0.530475 0.904707 0.541322 0.905864 0.534866 0.852238
0 0.56405 0.912037 0.569473 0.900463 0.535124 0.869985
0 0.573089 0.87963 0.570764 0.861497 0.614928 0.870756
0 0.603306 0.903549 0.615186 0.910494 0.622676 0.863812
0 0.638946 0.903549 0.644628 0.917052 0.684917 0.888503
0 0.651343 0.891975 0.646952 0.873457 0.68595 0.867284
0 0.689566 0.876929 0.702221 0.873843 0.680527 0.824846
0 0.481405 0.690586 0.477531 0.682099 0.456095 0.707948
0 0.429752 0.902392 0.416064 0.900849 0.428461 0.846451
0 0.41219 0.898148 0.401343 0.90162 0.396178 0.835262
0 0.395403 0.898148 0.386105 0.908179 0.36906 0.854167
0 0.35124 0.902778 0.340651 0.896991 0.360021 0.84838
0 0.327996 0.896991 0.339876 0.900077 0.337035 0.837963
0 0.311467 0.883102 0.30656 0.869599 0.337035 0.837963
0 0.317407 0.848765 0.30656 0.847608 0.321539 0.796682
0 0.30656 0.856481 0.298037 0.846451 0.320248 0.794753
0 0.300878 0.84375 0.309659 0.851466 0.303461 0.802469
0 0.289256 0.861111 0.30062 0.856481 0.288223 0.809028
0 0.292097 0.904707 0.305785 0.900463 0.293388 0.857639
0 0.312242 0.897762 0.301395 0.897762 0.30062 0.85841
0 0.274019 0.806327 0.2828 0.798225 0.254649 0.760802
0 0.198864 0.802083 0.203771 0.819059 0.246901 0.788194 0.199122 0.802083
0 0.210744 0.759645 0.211002 0.77662 0.179494 0.765432
0 0.172779 0.806327 0.173295 0.808256 0.177428 0.818673 0.200155 0.777392
0 0.176136 0.842978 0.186209 0.854167 0.221333 0.811728 0.176653 0.842593
0 0.25155 0.850309 0.253616 0.834105 0.284866 0.854167
0 0.253874 0.86767 0.253099 0.855324 0.281767 0.830247
0 0.244318 0.857639 0.256973 0.860725 0.253874 0.79591
0 0.264205 0.89892 0.259556 0.888889 0.292355 0.875386
0 0.262138 0.904321 0.253616 0.89429 0.284607 0.858796
0 0.252583 0.89892 0.264463 0.895448 0.256198 0.856481
0 0.243543 0.896605 0.254649 0.890432 0.228564 0.843364
0 0.230888 0.908179 0.230888 0.890432 0.276343 0.900463
0 0.232696 0.901235 0.225723 0.893519 0.247159 0.86034
0 0.222107 0.909336 0.215651 0.899691 0.244318 0.857639 0.22314 0.91088
0 0.217459 0.885031 0.225465 0.888117 0.231405 0.841435
0 0.213843 0.893133 0.224174 0.898148 0.217717 0.842593
0 0.208419 0.900077 0.198864 0.898534 0.219008 0.844907
0 0.197056 0.868441 0.203771 0.877701 0.223657 0.825617
0 0.178202 0.890818 0.18311 0.877701 0.208936 0.893904
0 0.189566 0.90162 0.180269 0.895448 0.197056 0.845679
0 0.176395 0.873071 0.175103 0.887346 0.214618 0.881559
0 0.16968 0.900849 0.178719 0.896605 0.161157 0.852238
0 0.163998 0.897377 0.17407 0.891204 0.15031 0.861497
0 0.145145 0.881559 0.144628 0.868056 0.189566 0.872685
0 0.159091 0.849151 0.1578 0.836806 0.192924 0.82446
0 0.493027 0.562114 0.508523 0.554398 0.481921 0.49267
0 0.327738 0.614969 0.337293 0.60571 0.350981 0.653549
0 0.250517 0.865355 0.254907 0.886574 0.289256 0.851852
0 0.138171 0.869985 0.137655 0.853009 0.183626 0.857639
0 0.140754 0.840278 0.13688 0.860725 0.184143 0.854938
0 0.142304 0.849923 0.154442 0.851852 0.178202 0.800926
0 0.134556 0.833719 0.142045 0.819059 0.170455 0.846065
0 0.133264 0.820216 0.139463 0.83642 0.176395 0.785494
0 0.133006 0.79591 0.140754 0.785494 0.16219 0.822917
0 0.134556 0.786265 0.139721 0.771991 0.163998 0.802855
0 0.140238 0.761188 0.139721 0.779707 0.184659 0.770833
0 0.15625 0.739198 0.157541 0.756173 0.202738 0.744599
0 0.135589 0.719907 0.143595 0.711806 0.155217 0.766975
0 0.137655 0.692515 0.147211 0.685185 0.153667 0.753472
0 0.139463 0.68287 0.149793 0.672454 0.167872 0.714892
0 0.134556 0.669367 0.140754 0.655864 0.176395 0.719522
0 0.155733 0.660108 0.157025 0.679012 0.193957 0.67554
0 0.315083 0.447917 0.315083 0.462963 0.349432 0.456404
0 0.213326 0.471836 0.228048 0.474537 0.225465 0.414738
0 0.191374 0.417052 0.20532 0.414738 0.199638 0.48804
0 0.179494 0.52662 0.19189 0.524691 0.190083 0.595293
0 0.177169 0.501543 0.183368 0.513117 0.158316 0.551698
0 0.133264 0.633873 0.138171 0.623457 0.157541 0.663966
0 0.141012 0.613426 0.137138 0.630015 0.163998 0.657022
0 0.13688 0.61767 0.139463 0.606867 0.19189 0.609568
0 0.139463 0.590664 0.139463 0.606867 0.179752 0.608025
0 0.141012 0.561343 0.150568 0.548225 0.175878 0.607639
0 0.139721 0.540123 0.148502 0.525077 0.178977 0.591435
0 0.138946 0.532407 0.140238 0.51929 0.180269 0.522762
0 0.136364 0.512346 0.142045 0.524691 0.160899 0.484954 0.166581 0.472994
0 0.220041 0.373457 0.228306 0.357639 0.256715 0.407793
0 0.180785 0.333333 0.191632 0.32716 0.197831 0.397377
0 0.18001 0.371142 0.189308 0.37037 0.18311 0.422454
0 0.181302 0.364583 0.187758 0.376929 0.170455 0.419753
0 0.17407 0.461034 0.173812 0.443673 0.220558 0.459491
0 0.168388 0.466821 0.177944 0.459105 0.186725 0.510031
0 0.16968 0.477623 0.162448 0.483025 0.18595 0.51466
0 0.146178 0.474923 0.144628 0.488812 0.182335 0.50733
0 0.139979 0.486883 0.147986 0.495756 0.178719 0.440586 0.13843 0.487654
0 0.143595 0.473765 0.141012 0.458333 0.181818 0.441744
0 0.152376 0.460648 0.162448 0.464506 0.161932 0.405478
0 0.142562 0.441358 0.145661 0.456019 0.18001 0.419753
0 0.153151 0.421296 0.145661 0.407793 0.17562 0.373071
0 0.149535 0.431327 0.142562 0.42091 0.173554 0.383488
0 0.141787 0.387731 0.14876 0.401235 0.176136 0.348765
0 0.143079 0.365741 0.15031 0.374614 0.173812 0.324074
0 0.15031 0.361497 0.149535 0.37963 0.193698 0.358796
0 0.142045 0.337191 0.14437 0.35108 0.181818 0.32716
0 0.156508 0.327932 0.165289 0.334491 0.174845 0.280864
0 0.31844 0.181327 0.323605 0.17284 0.353564 0.211034
0 0.356921 0.139275 0.356405 0.157407 0.318698 0.150849
0 0.325413 0.244599 0.332903 0.251157 0.34969 0.214892
0 0.271952 0.262731 0.279442 0.273148 0.305785 0.243827
0 0.229855 0.267747 0.236054 0.278549 0.204804 0.300154
0 0.243802 0.27392 0.23218 0.279321 0.213326 0.225694
0 0.217975 0.273148 0.230372 0.278549 0.218492 0.34375
0 0.162448 0.278549 0.166064 0.262346 0.210227 0.287037
0 0.150568 0.278549 0.146178 0.260417 0.173554 0.248843
0 0.145145 0.235725 0.157283 0.230324 0.157283 0.301312
0 0.188275 0.264275 0.177428 0.271605 0.163223 0.217593
0 0.183368 0.236111 0.192924 0.226466 0.203254 0.280478
0 0.183884 0.208333 0.184143 0.192901 0.22624 0.19946
0 0.18595 0.179398 0.198089 0.18017 0.190083 0.232253
0 0.171488 0.176312 0.180785 0.169753 0.168388 0.143133
0 0.161932 0.176312 0.16968 0.169753 0.176395 0.21875 0.161157 0.17284
0 0.179752 0.176312 0.18156 0.160108 0.221074 0.182099
0 0.249742 0.134259 0.258006 0.13966 0.245868 0.190972
0 0.26188 0.122299 0.271178 0.122299 0.263171 0.179012
0 0.204804 0.128086 0.212552 0.121142 0.234762 0.167824
0 0.184401 0.147377 0.187758 0.130401 0.221849 0.15625
0 0.153151 0.166281 0.159349 0.177855 0.169421 0.145833
0 0.146436 0.161265 0.159091 0.155864 0.16064 0.215278
0 0.265754 0.103395 0.271952 0.117284 0.233213 0.142747
0 0.204804 0.115741 0.211519 0.10108 0.235795 0.145448
0 0.215909 0.116512 0.215909 0.103395 0.256198 0.112269
0 0.241219 0.103009 0.242769 0.083719 0.276085 0.102238
0 0.237345 0.082562 0.241994 0.096836 0.206353 0.111883
0 0.226498 0.070216 0.236054 0.078704 0.206353 0.111883
0 0.197831 0.09838 0.19938 0.099151 0.207128 0.101852 0.190857 0.135802
0 0.186467 0.084877 0.194215 0.084105 0.18311 0.131173
0 0.208161 0.084877 0.215393 0.074074 0.18311 0.047068
0 0.244318 0.072531 0.243543 0.054784 0.208419 0.072145
0 0.246384 0.066358 0.254649 0.058642 0.266529 0.097994
0 0.270145 0.070216 0.265238 0.058642 0.242769 0.083719
0 0.266529 0.080247 0.272727 0.065586 0.239411 0.064815
0 0.274793 0.050154 0.272986 0.062114 0.239153 0.055556
0 0.282025 0.048997 0.287448 0.059414 0.264205 0.079861
0 0.289773 0.048997 0.295971 0.05787 0.271694 0.084877
0 0.295455 0.050926 0.302686 0.059414 0.277376 0.080247
0 0.307851 0.056713 0.297521 0.054012 0.290806 0.109568
0 0.176395 0.145833 0.177944 0.131173 0.203254 0.176312
0 0.165031 0.138889 0.17407 0.127315 0.189566 0.168596
0 0.150826 0.152006 0.1547 0.163966 0.178977 0.123843
0 0.145403 0.142747 0.152893 0.151235 0.176136 0.116127
0 0.152118 0.111111 0.156767 0.096836 0.191632 0.131173
0 0.171229 0.10108 0.172779 0.116127 0.208936 0.097994
0 0.157541 0.077932 0.159349 0.095679 0.208936 0.092978
0 0.168905 0.058256 0.177944 0.064815 0.159349 0.095679
0 0.176136 0.052855 0.170455 0.064815 0.205062 0.093364
0 0.345041 0.078704 0.346591 0.095293 0.304494 0.107253
0 0.352789 0.081019 0.347882 0.093364 0.389979 0.103009
0 0.358988 0.072145 0.350981 0.059414 0.340651 0.121528
0 0.362345 0.054784 0.364153 0.068673 0.323605 0.073688
0 0.36751 0.051698 0.375258 0.058642 0.358988 0.084877
0 0.376291 0.07909 0.384814 0.068287 0.408833 0.112654
0 0.422521 0.082948 0.419938 0.09838 0.388171 0.086806
0 0.429752 0.096836 0.420971 0.08912 0.415806 0.121142
0 0.432076 0.059799 0.422779 0.050154 0.411674 0.085262
0 0.436983 0.059799 0.444731 0.064815 0.426136 0.110725
0 0.474432 0.085262 0.474174 0.100309 0.436209 0.100309
0 0.443182 0.078704 0.447831 0.062114 0.48657 0.094522
0 0.478306 0.10108 0.480372 0.114583 0.439824 0.123843
0 0.505165 0.118441 0.501033 0.131944 0.477789 0.108025
0 0.48218 0.103009 0.491477 0.112654 0.511105 0.05787
0 0.526601 0.085262 0.517045 0.072531 0.491477 0.11767
0 0.556818 0.051698 0.560176 0.067515 0.523244 0.076003