0 0.359246 0.614198 0.370868 0.612269 0.35718 0.547454
0 0.356663 0.67091 0.364411 0.656636 0.394628 0.709491
0 0.440599 0.549383 0.432851 0.535108 0.403151 0.583333
0 0.412707 0.721065 0.419163 0.726852 0.426911 0.691358
0 0.408833 0.724923 0.419163 0.732639 0.443182 0.6875
0 0.658058 0.573688 0.665289 0.553241 0.614153 0.53125
0 0.680785 0.66821 0.688533 0.65162 0.638171 0.627701
0 0.709194 0.724923 0.715651 0.713349 0.678202 0.683642
0 0.719525 0.479167 0.705837 0.47608 0.720041 0.416281
0 0.610279 0.392361 0.59814 0.381559 0.629132 0.33912 0.610537 0.39159
0 0.586519 0.367284 0.573605 0.359568 0.59814 0.307485
0 0.28564 0.400077 0.297262 0.396991 0.293388 0.449074
0 0.224948 0.315201 0.239153 0.313272 0.242252 0.380787
0 0.246126 0.271605 0.257748 0.268904 0.250775 0.330633
0 0.290031 0.231096 0.302944 0.236111 0.291322 0.290123
0 0.439824 0.29784 0.449638 0.292052 0.428977 0.259259
0 0.524535 0.126157 0.520661 0.110725 0.479339 0.146219
0 0.426911 0.083719 0.436725 0.076775 0.45093 0.130787
0 0.413998 0.084491 0.419938 0.099151 0.37655 0.124228
0 0.432076 0.053627 0.420455 0.04591 0.416064 0.096065
0 0.339101 0.176312 0.330837 0.162809 0.360537 0.121142
0 0.361054 0.092207 0.352789 0.078704 0.330837 0.125
0 0.311983 0.011188 0.300362 0.020062 0.321023 0.070988
0 0.284349 0.020833 0.277118 0.008488 0.252583 0.056713
0 0.510331 0.059414 0.508264 0.036265 0.453512 0.057485
0 0.559401 0.070988 0.571539 0.060571 0.592975 0.123071
0 0.603822 0.039352 0.605888 0.059414 0.559401 0.070988
0 0.576705 0.087577 0.583161 0.066358 0.62061 0.103781
0 0.602531 0.122299 0.604597 0.10571 0.649019 0.115355
0 0.674845 0.145448 0.67562 0.161651 0.629132 0.152006
0 0.647727 0.04591 0.661932 0.050926 0.647211 0.106867
0 0.741994 0.168596 0.747934 0.187886 0.706612 0.190586
0 0.798812 0.121142 0.803461 0.13966 0.758264 0.150077
0 0.716167 0.104938 0.722107 0.089506 0.747934 0.136574
0 0.749742 0.052855 0.732438 0.052855 0.737603 0.118441
0 0.735021 0.033565 0.736829 0.052855 0.780217 0.02392
0 0.714876 0.069059 0.72469 0.072145 0.716167 0.104938
0 0.69938 0.065201 0.704545 0.04591 0.745351 0.090278
0 0.473399 0.00733 0.46126 0.0 0.430785 0.043981
0 0.485795 0.0 0.470816 0.000772 0.512913 0.039352
0 0.750517 0.001543 0.761364 0.0 0.769886 0.035494
0 0.772469 0.020833 0.770403 0.000772 0.728564 0.018133
0 0.723915 0.000772 0.712293 0.000772 0.703254 0.051698
0 0.701446 0.0 0.712293 0.000772 0.712293 0.000772 0.703254 0.051698
0 0.692407 0.000772 0.707128 0.000772 0.69938 0.065201
0 0.685176 0.00463 0.69938 0.010417 0.691116 0.0625
0 0.674845 0.0 0.687242 0.0 0.668388 0.04784
0 0.661415 0.0 0.674845 0.0 0.646436 0.036265
0 0.841426 0.166667 0.838326 0.148148 0.794938 0.164738
0 0.844008 0.153164 0.846591 0.134645 0.802686 0.124228
0 0.819473 0.033565 0.824638 0.052855 0.79313 0.063272
0 0.857696 0.009259 0.864669 0.027778 0.826705 0.04784
0 0.887913 0.099151 0.886105 0.115355 0.843492 0.094136
0 0.877066 0.152006 0.866736 0.142361 0.890496 0.103781
0 0.886622 0.158951 0.878357 0.177083 0.846591 0.134645
0 0.891271 0.194444 0.889979 0.211806 0.849948 0.193673
0 0.891271 0.277392 0.877583 0.280478 0.875775 0.227238
0 0.905992 0.254244 0.897727 0.261188 0.878357 0.220679
0 0.920196 0.234954 0.907283 0.236111 0.909866 0.195602
0 0.934401 0.207176 0.925362 0.213735 0.906767 0.162809
0 0.902893 0.192515 0.912448 0.185957 0.881457 0.14159
0 0.889979 0.22338 0.891787 0.239969 0.925362 0.213735
0 0.938275 0.254244 0.936983 0.272762 0.897727 0.247685
0 0.929236 0.287037 0.929236 0.30054 0.885331 0.292824
0 0.942149 0.326775 0.936983 0.344907 0.904184 0.302469
0 0.934401 0.371914 0.933626 0.371914 0.920196 0.373071 0.926653 0.311343
0 0.821539 0.290123 0.829287 0.278549 0.85563 0.328704
0 0.820764 0.29784 0.827996 0.315972 0.780733 0.332562
0 0.921488 0.047068 0.920196 0.059414 0.882231 0.053627
0 0.914514 0.069059 0.914514 0.054784 0.87061 0.066358
0 0.916322 0.031636 0.91374 0.048997 0.875 0.030478
0 0.933884 0.042052 0.924845 0.055556 0.897727 0.006559
0 0.917614 0.090278 0.905475 0.097994 0.897727 0.053627
0 0.908058 0.121142 0.916322 0.128086 0.923554 0.074074
0 0.926136 0.148148 0.929236 0.138503 0.895145 0.103781
0 0.934401 0.148148 0.920196 0.146219 0.923554 0.074074
0 0.926136 0.167438 0.929236 0.160494 0.896694 0.114969 0.924845 0.165509
0 0.935434 0.149691 0.933884 0.160494 0.895661 0.138889
0 0.934401 0.170525 0.927686 0.177469 0.903926 0.134259
0 0.936467 0.180556 0.930269 0.19213 0.904442 0.140432
0 0.789256 0.45216 0.795971 0.468364 0.756715 0.481867
0 0.809401 0.493056 0.818698 0.508488 0.771694 0.554012
0 0.870868 0.511574 0.871384 0.523148 0.832128 0.531636
0 0.87655 0.527006 0.866736 0.527006 0.872934 0.590664
0 0.844008 0.46142 0.841426 0.47608 0.808884 0.452932
0 0.879649 0.462963 0.866736 0.460262 0.875517 0.39429 0.882748 0.464506
0 0.917355 0.426312 0.91219 0.407407 0.878616 0.436728
0 0.892562 0.374228 0.903926 0.367284 0.917355 0.41358
0 0.938533 0.374228 0.943698 0.385802 0.910124 0.400849
0 0.945248 0.418981 0.934401 0.427469 0.914256 0.378858
0 0.931302 0.436728 0.941632 0.428241 0.91064 0.384259
0 0.941116 0.451389 0.934917 0.436728 0.900826 0.473765
0 0.942665 0.466821 0.934401 0.451389 0.906508 0.517747
0 0.93905 0.535494 0.927686 0.535494 0.930785 0.486111
0 0.941632 0.551312 0.93595 0.570216 0.890496 0.525463
0 0.941632 0.63233 0.944215 0.611883 0.902893 0.600694
0 0.820248 0.677855 0.827479 0.667052 0.795455 0.626543
0 0.716942 0.758873 0.716426 0.743441 0.67562 0.739583
0 0.767045 0.777392 0.769112 0.761188 0.730372 0.744985
0 0.739153 0.823688 0.724174 0.823688 0.730888 0.76196
0 0.706612 0.836806 0.693698 0.838349 0.696798 0.773534
0 0.616219 0.838349 0.622417 0.81983 0.664256 0.83912
0 0.776343 0.839892 0.777376 0.828318 0.816632 0.834491
0 0.769628 0.81983 0.77686 0.807485 0.807335 0.84838
0 0.739153 0.805941 0.74845 0.787423 0.777893 0.817515
0 0.842459 0.751157 0.837293 0.76196 0.792355 0.743441
0 0.822831 0.769676 0.827479 0.752701 0.870351 0.793596
0 0.846591 0.700231 0.85124 0.687114 0.879132 0.717978
0 0.940083 0.763503 0.943182 0.743441 0.892045 0.730324
0 0.947831 0.732639 0.951446 0.716435 0.907541 0.695602
0 0.944731 0.673997 0.93595 0.683256 0.91219 0.63233
0 0.949897 0.694059 0.941116 0.706404 0.911157 0.638503
0 0.938533 0.826775 0.944215 0.815972 0.916839 0.761188
0 0.951963 0.81983 0.942665 0.832176 0.917355 0.782793
0 0.947831 0.840664 0.939566 0.849923 0.915289 0.795139
0 0.939566 0.873843 0.926136 0.876157 0.923554 0.812114
0 0.831612 0.84375 0.82593 0.829861 0.865186 0.798997
0 0.826446 0.893904 0.819731 0.878472 0.864669 0.862269 0.827738 0.892747
0 0.856921 0.883102 0.867769 0.892361 0.88688 0.830633
0 0.887397 0.887731 0.87655 0.880015 0.902893 0.828318
0 0.881715 0.897762 0.872417 0.888503 0.896694 0.821373
0 0.899793 0.874614 0.907025 0.877701 0.912707 0.820602
0 0.892562 0.877701 0.899793 0.894676 0.933884 0.855324
0 0.896178 0.900077 0.889979 0.88233 0.928719 0.840664
0 0.816116 0.893904 0.79907 0.893133 0.809401 0.839892
0 0.766012 0.878472 0.765496 0.889275 0.807335 0.873843
0 0.748967 0.883102 0.757231 0.890046 0.780475 0.846836
0 0.745868 0.907793 0.746384 0.887731 0.793388 0.886188
0 0.736054 0.889275 0.747934 0.896219 0.759814 0.819059
0 0.713326 0.903164 0.699897 0.889275 0.733471 0.832176
0 0.691632 0.899306 0.702479 0.894676 0.685434 0.842978
0 0.673554 0.903935 0.68595 0.899306 0.672521 0.842978
0 0.642045 0.899306 0.653409 0.907022 0.66374 0.851466
0 0.605372 0.890818 0.616219 0.90162 0.637913 0.849151
0 0.494318 0.748843 0.497417 0.729552 0.534607 0.771991
0 0.570764 0.80054 0.582128 0.789738 0.551653 0.741127
0 0.560434 0.726466 0.568182 0.707948 0.603822 0.753472
0 0.508781 0.832948 0.512397 0.845293 0.54907 0.82446
0 0.399793 0.827546 0.407541 0.845293 0.450413 0.82909
0 0.573864 0.907022 0.565599 0.89159 0.608988 0.869985
0 0.559917 0.900077 0.548554 0.893904 0.566632 0.846836
0 0.530475 0.876929 0.525826 0.859954 0.566632 0.846836
0 0.547004 0.902392 0.534091 0.898534 0.550103 0.83912
0 0.507748 0.909336 0.503099 0.896219 0.541322 0.872299
0 0.495351 0.908565 0.493802 0.888503 0.533574 0.84838
0 0.477273 0.893133 0.480888 0.900849 0.508781 0.846065
0 0.478822 0.913966 0.475723 0.895448 0.519628 0.880787
0 0.467975 0.915509 0.456612 0.907022 0.501033 0.857639
0 0.459194 0.88233 0.463326 0.890818 0.495351 0.836806
0 0.449897 0.900077 0.46126 0.903935 0.491219 0.853781
0 0.440599 0.89159 0.452479 0.896991 0.467459 0.831404
0 0.416322 0.907022 0.430269 0.91088 0.434401 0.846836
0 0.396694 0.898534 0.403926 0.904707 0.419421 0.851466
0 0.391012 0.908565 0.40031 0.907793 0.396178 0.851466
0 0.382231 0.887731 0.373967 0.876157 0.407541 0.836034
0 0.384814 0.907793 0.392045 0.894676 0.367252 0.878472
0 0.378099 0.907793 0.366219 0.900077 0.386364 0.845293
0 0.316116 0.819059 0.315083 0.802083 0.35124 0.802083
0 0.345041 0.850694 0.353822 0.84375 0.33626 0.812114
0 0.36312 0.872299 0.36312 0.851466 0.314566 0.855324
0 0.361054 0.899306 0.349174 0.894676 0.365702 0.836806
0 0.339876 0.915509 0.335744 0.898534 0.37345 0.870756
0 0.345041 0.896219 0.33936 0.908565 0.316116 0.849923
0 0.315599 0.892361 0.306818 0.903164 0.283574 0.864583
0 0.300103 0.913966 0.305785 0.896991 0.258781 0.881559
0 0.262397 0.897762 0.272211 0.903935 0.278409 0.84838
0 0.276343 0.810571 0.286674 0.821373 0.315083 0.758102
0 0.250517 0.846836 0.24845 0.829861 0.289773 0.829861
0 0.227789 0.900077 0.236054 0.889275 0.216942 0.842207
0 0.240186 0.907793 0.233471 0.893904 0.27531 0.852238
0 0.22624 0.896219 0.243802 0.897762 0.260847 0.837577
0 0.21281 0.909336 0.22624 0.904707 0.207128 0.852238
0 0.199897 0.903935 0.192149 0.890046 0.229855 0.842978
0 0.171488 0.738812 0.175103 0.720293 0.219008 0.743441
0 0.157025 0.629244 0.167872 0.639275 0.139979 0.695602
0 0.130165 0.625386 0.133781 0.607639 0.176653 0.641975
0 0.096591 0.728009 0.091426 0.708719 0.137397 0.687886
0 0.090393 0.730324 0.080062 0.715664 0.106405 0.67091
0 0.096591 0.674769 0.099174 0.663194 0.141529 0.682485
0 0.083678 0.682485 0.08781 0.666667 0.115186 0.697531
0 0.094525 0.657793 0.095041 0.677855 0.133264 0.648534
0 0.084711 0.657022 0.090909 0.676312 0.129132 0.616127
0 0.081095 0.748843 0.083678 0.764275 0.122417 0.725694
0 0.087293 0.771991 0.085744 0.755015 0.131715 0.751157
0 0.148244 0.802083 0.14876 0.782793 0.199897 0.805941
0 0.116736 0.798225 0.129649 0.804398 0.147211 0.741898
0 0.135847 0.822145 0.135847 0.81983 0.135847 0.806713 0.179236 0.812114
0 0.186467 0.835262 0.181818 0.847608 0.145661 0.822145
0 0.196798 0.866898 0.186467 0.876157 0.172004 0.842978
0 0.176653 0.868441 0.164773 0.873843 0.159091 0.829861
0 0.173554 0.880015 0.178719 0.890046 0.210744 0.878472
0 0.175103 0.907022 0.190083 0.899306 0.189566 0.831404
0 0.178719 0.900077 0.167355 0.900849 0.172521 0.846836
0 0.158574 0.900849 0.171488 0.899306 0.159091 0.829861
0 0.164256 0.892361 0.152893 0.899306 0.137397 0.844522
0 0.144112 0.903164 0.159607 0.907022 0.151343 0.836034
0 0.129907 0.837577 0.12061 0.826775 0.150568 0.774306
0 0.085486 0.787423 0.089876 0.773534 0.127324 0.822145
0 0.11906 0.851466 0.128357 0.841435 0.095041 0.806713
0 0.112862 0.890046 0.11751 0.900077 0.130424 0.83912
0 0.11312 0.905478 0.109762 0.893904 0.146694 0.886188
0 0.105372 0.886188 0.113895 0.898534 0.123192 0.854552
0 0.102789 0.885417 0.100981 0.893904 0.131198 0.903935
0 0.114928 0.853009 0.10718 0.855324 0.097624 0.798225
0 0.094783 0.853781 0.097624 0.866127 0.137138 0.855324
0 0.086002 0.868441 0.094783 0.853781 0.12345 0.894676
0 0.087293 0.84838 0.092459 0.833719 0.127324 0.866127
0 0.08626 0.82909 0.090651 0.812886 0.124742 0.84838
0 0.118027 0.59375 0.110537 0.581404 0.143337 0.547454
0 0.096591 0.633102 0.095816 0.621528 0.138171 0.606867
0 0.089876 0.621528 0.087035 0.609182 0.135072 0.596065
0 0.087035 0.602238 0.096333 0.606867 0.09375 0.549769
0 0.083419 0.583719 0.084711 0.599923 0.116994 0.555941
0 0.179494 0.436343 0.181043 0.454861 0.224948 0.434799
0 0.155733 0.399306 0.166581 0.393904 0.174845 0.455633
0 0.142304 0.457176 0.137655 0.439429 0.179494 0.418596
0 0.11906 0.396991 0.129907 0.393904 0.140754 0.452546
0 0.091167 0.51659 0.088585 0.499614 0.135589 0.491898
0 0.099174 0.471836 0.107696 0.482639 0.126808 0.42554
0 0.092459 0.491898 0.090651 0.478781 0.136105 0.445602
0 0.088585 0.46875 0.096591 0.480324 0.121643 0.431713
0 0.088068 0.44483 0.094783 0.460262 0.12345 0.409336
0 0.083419 0.45409 0.094783 0.460262 0.104597 0.396991
0 0.192407 0.383102 0.201188 0.372299 0.2203 0.420139
0 0.149277 0.383102 0.154184 0.395448 0.187242 0.357639
0 0.200155 0.327546 0.211519 0.330633 0.195506 0.376157
0 0.248192 0.265818 0.256198 0.253472 0.226498 0.227238
0 0.175362 0.280478 0.178977 0.263503 0.219783 0.292052
0 0.189824 0.346836 0.199638 0.335262 0.169163 0.295139
0 0.182076 0.244213 0.184143 0.260417 0.229597 0.246528
0 0.159607 0.217207 0.170713 0.209491 0.179494 0.267361
0 0.150568 0.247299 0.161415 0.254244 0.138688 0.303627
0 0.127324 0.355324 0.124742 0.341435 0.164514 0.330633
0 0.110537 0.38233 0.106663 0.363812 0.153667 0.350694
0 0.086002 0.373843 0.090651 0.35841 0.126808 0.393904
0 0.101756 0.32909 0.094783 0.336806 0.120093 0.364583
0 0.088068 0.332948 0.094783 0.347608 0.120868 0.29591
0 0.124225 0.280478 0.118027 0.264275 0.159349 0.230324
0 0.10718 0.258873 0.115702 0.249614 0.126808 0.309799
0 0.094008 0.292052 0.092459 0.275849 0.133781 0.279707
0 0.091426 0.254244 0.099174 0.268904 0.12939 0.216435
0 0.120093 0.207176 0.122676 0.192515 0.159607 0.217207
0 0.125775 0.184799 0.135589 0.195602 0.155733 0.144676
0 0.155217 0.124614 0.158833 0.143904 0.200671 0.116898
0 0.168647 0.076003 0.160899 0.062886 0.130424 0.103781
0 0.105114 0.076003 0.105114 0.092978 0.146694 0.080633
0 0.102531 0.134645 0.106147 0.119985 0.145403 0.138503
0 0.098915 0.107639 0.094783 0.119213 0.125775 0.158565
0 0.089618 0.11767 0.098915 0.11304 0.111312 0.179398
0 0.0922 0.078318 0.101756 0.072145 0.106147 0.119985
0 0.251033 0.037423 0.256715 0.048225 0.220816 0.075231
0 0.241994 0.008102 0.240702 0.0 0.288481 0.005787
0 0.199122 0.048225 0.197056 0.032793 0.237862 0.025077
0 0.19189 0.040509 0.185692 0.022762 0.235537 0.0
0 0.166581 0.069059 0.167355 0.052855 0.128357 0.05054
0 0.098915 0.011188 0.109762 0.004244 0.11751 0.057485
0 0.159607 0.001157 0.150568 0.0 0.144886 0.041281
0 0.172262 0.001929 0.163481 0.0 0.16813 0.040509
0 0.187758 0.0 0.172262 0.001929 0.190341 0.069059
0 0.176911 0.034336 0.179494 0.053627 0.138946 0.049769
0 0.16813 0.044367 0.178977 0.036651 0.195506 0.088349