0 0.191632 0.076003 0.229081 0.097222 0.232438 0.078318
0 0.237345 0.10571 0.274019 0.088735 0.27531 0.108796
0 0.264205 0.152778 0.228306 0.142361 0.22469 0.166667
0 0.245868 0.251543 0.261364 0.204475 0.271178 0.215664
0 0.307593 0.283179 0.2797 0.308256 0.27531 0.287423
0 0.267045 0.296682 0.280992 0.35571 0.293647 0.344136
0 0.280992 0.438657 0.28874 0.494213 0.302686 0.48071
0 0.323089 0.462577 0.30501 0.521605 0.317665 0.525849
0 0.245093 0.433256 0.221333 0.39429 0.231147 0.386188
0 0.207903 0.287423 0.191116 0.32909 0.202221 0.336806
0 0.193182 0.347222 0.180527 0.292438 0.191116 0.286265
0 0.182593 0.171682 0.204287 0.116127 0.214101 0.131944
0 0.43156 0.169753 0.385847 0.197917 0.383523 0.171682
0 0.428719 0.128858 0.465134 0.110725 0.470041 0.128858
0 0.273244 0.075231 0.30501 0.041667 0.310434 0.05517
0 0.295713 0.081404 0.323864 0.046682 0.33032 0.057099
0 0.340651 0.084491 0.305527 0.074074 0.340651 0.063657
0 0.347882 0.106481 0.366736 0.053241 0.375775 0.0625
0 0.409607 0.107639 0.366736 0.072917 0.37655 0.056327
0 0.365444 0.121142 0.38843 0.06983 0.37939 0.061343
0 0.41813 0.067901 0.416064 0.049769 0.375775 0.067901
0 0.41374 0.084491 0.446281 0.068673 0.440599 0.054012
0 0.424329 0.06983 0.446281 0.040509 0.449638 0.056327
0 0.477789 0.049769 0.523502 0.045525 0.522211 0.063657
0 0.488378 0.096065 0.513688 0.05517 0.525568 0.066744
0 0.527634 0.074074 0.565083 0.065586 0.562758 0.089892
0 0.56844 0.065586 0.586777 0.042438 0.593233 0.056327
0 0.590393 0.106481 0.628874 0.091049 0.626033 0.108796
0 0.575413 0.171682 0.610021 0.195988 0.618543 0.173997
0 0.614928 0.215664 0.650052 0.232639 0.651343 0.212577
0 0.62345 0.250386 0.676653 0.280864 0.679494 0.252701
0 0.695764 0.334491 0.66064 0.346065 0.661415 0.326003
0 0.645919 0.415509 0.601498 0.418596 0.607955 0.393519
0 0.46875 0.420525 0.427169 0.445988 0.423037 0.42284
0 0.46436 0.407022 0.439824 0.408179 0.44189 0.424769
0 0.186209 0.416281 0.182593 0.358796 0.196023 0.36304
0 0.202221 0.464892 0.186209 0.537423 0.173554 0.516204
0 0.205837 0.525849 0.165031 0.536265 0.165031 0.513117
0 0.193957 0.588735 0.210744 0.532022 0.219783 0.540509
0 0.205837 0.610725 0.224174 0.544753 0.236829 0.556327
0 0.243027 0.657022 0.231921 0.588735 0.247159 0.587577
0 0.278151 0.570988 0.276085 0.635031 0.289514 0.633873
0 0.332903 0.625386 0.296488 0.608796 0.304236 0.588735
0 0.671229 0.226466 0.716942 0.210648 0.718233 0.23804
0 0.666839 0.141204 0.701963 0.179012 0.709194 0.160108
0 0.636105 0.121142 0.6578 0.089892 0.664773 0.102238
0 0.618543 0.066744 0.6578 0.072917 0.6578 0.089892
0 0.62345 0.059414 0.654959 0.040509 0.659091 0.056327
0 0.670455 0.042438 0.682335 0.053241 0.654959 0.094907
0 0.66968 0.104552 0.682335 0.053241 0.692149 0.058256
0 0.726756 0.084491 0.688017 0.076003 0.692149 0.058256
0 0.723915 0.053241 0.7203 0.038194 0.695764 0.072917
0 0.178977 0.162423 0.156508 0.110725 0.168647 0.101466
0 0.1875 0.116127 0.158058 0.088735 0.16374 0.074074
0 0.15031 0.109954 0.161415 0.054012 0.169163 0.061343
0 0.137655 0.092978 0.151085 0.049769 0.156508 0.057099
0 0.153151 0.125386 0.128357 0.089892 0.13688 0.07716
0 0.154442 0.102238 0.141012 0.157022 0.135589 0.149691
0 0.168647 0.155864 0.143853 0.121142 0.140496 0.132716
0 0.129132 0.11304 0.141012 0.157022 0.137655 0.108796
0 0.153667 0.189429 0.145403 0.147762 0.135589 0.149691
0 0.167872 0.171682 0.127066 0.170525 0.126291 0.153935
0 0.155217 0.200231 0.122934 0.182099 0.130682 0.165509
0 0.147469 0.228395 0.140496 0.168596 0.130682 0.174769
0 0.168647 0.243056 0.149535 0.185571 0.160899 0.179012
0 0.324638 0.648534 0.350723 0.677855 0.356147 0.665509
0 0.146694 0.256944 0.120093 0.210648 0.131973 0.201003
0 0.151085 0.265046 0.143337 0.210648 0.133264 0.216821
0 0.166322 0.287423 0.15031 0.248457 0.158058 0.242284
0 0.165031 0.241127 0.141787 0.286265 0.137655 0.272377
0 0.158058 0.321759 0.143853 0.268519 0.154442 0.263117
0 0.139721 0.29784 0.127841 0.248457 0.13688 0.24537
0 0.125775 0.236883 0.132748 0.225309 0.147469 0.273534
0 0.763171 0.087191 0.73218 0.05054 0.744576 0.035108
0 0.809917 0.09375 0.791322 0.041667 0.800878 0.035108
0 0.860021 0.090278 0.819473 0.049383 0.829804 0.035108
0 0.908316 0.086034 0.871901 0.049383 0.883781 0.033951
0 0.919421 0.131173 0.932593 0.065972 0.944473 0.076003
0 0.848399 0.129244 0.826705 0.074846 0.840134 0.070602
0 0.805269 0.122299 0.83781 0.121528 0.837293 0.134645
0 0.781767 0.143519 0.74251 0.130401 0.749225 0.113812
0 0.763946 0.188657 0.799329 0.164352 0.802428 0.182099
0 0.838585 0.168981 0.807593 0.176698 0.808368 0.160108
0 0.823089 0.190972 0.83187 0.24537 0.842975 0.237654
0 0.85124 0.179012 0.889721 0.211034 0.893337 0.193287
0 0.755682 0.272762 0.776601 0.236497 0.784607 0.248457
0 0.810434 0.277392 0.806043 0.3125 0.819473 0.313657
0 0.905217 0.268519 0.894886 0.197531 0.908316 0.199846
0 0.915548 0.249614 0.941632 0.209877 0.945248 0.228781
0 0.919421 0.167824 0.926653 0.217593 0.936209 0.21412
0 0.925878 0.156636 0.933368 0.209877 0.943698 0.20216
0 0.923037 0.319444 0.934143 0.267361 0.945248 0.27392
0 0.919421 0.303627 0.920713 0.241898 0.931043 0.24537
0 0.83781 0.377701 0.826705 0.332562 0.840134 0.326003
0 0.745351 0.401235 0.788223 0.41088 0.784607 0.432099
0 0.737345 0.477238 0.749225 0.418596 0.760847 0.428627
0 0.878616 0.44213 0.848915 0.484954 0.840909 0.46412
0 0.876291 0.410108 0.908316 0.346836 0.915548 0.364583
0 0.908316 0.47608 0.905992 0.417824 0.919421 0.416667
0 0.848915 0.554784 0.868285 0.489583 0.87939 0.499614
0 0.830579 0.559028 0.848399 0.608796 0.859246 0.596836
0 0.788223 0.53588 0.815599 0.585648 0.826705 0.571373
0 0.863895 0.599151 0.878616 0.657407 0.889721 0.650849
0 0.902376 0.63233 0.86157 0.587963 0.870351 0.567901
0 0.872676 0.646605 0.83781 0.645448 0.842975 0.625386
0 0.85124 0.680941 0.882231 0.657407 0.884556 0.673225
0 0.923037 0.609954 0.947314 0.555941 0.956353 0.566744
0 0.919421 0.577932 0.953254 0.529321 0.959969 0.549383
0 0.919938 0.540509 0.952479 0.505015 0.957128 0.522762
0 0.923037 0.500772 0.956353 0.493827 0.958419 0.510417
0 0.944473 0.456404 0.952479 0.499614 0.959969 0.489583
0 0.930527 0.35571 0.958419 0.386574 0.951963 0.397762
0 0.924587 0.361111 0.948864 0.41088 0.957128 0.401235
0 0.924587 0.374614 0.946798 0.418596 0.956353 0.408951
0 0.74251 0.64892 0.745351 0.700231 0.758523 0.698302
0 0.759298 0.726852 0.783316 0.775077 0.79313 0.756173
0 0.845041 0.734182 0.803719 0.749614 0.803719 0.722608
0 0.838843 0.793981 0.850723 0.734182 0.865444 0.736111
0 0.912448 0.67091 0.899277 0.743441 0.913223 0.747685
0 0.895661 0.807485 0.908316 0.744599 0.909866 0.810571
0 0.93156 0.786651 0.958161 0.734182 0.967459 0.749614
0 0.57593 0.67091 0.613895 0.679398 0.611054 0.701389
0 0.547004 0.72338 0.523244 0.67091 0.536415 0.664738
0 0.551911 0.686728 0.589876 0.733025 0.597624 0.719136
0 0.457645 0.66358 0.457128 0.73804 0.478822 0.725694
0 0.587035 0.825231 0.571023 0.765432 0.583678 0.758102
0 0.606663 0.805556 0.594783 0.753086 0.607438 0.749614
0 0.721333 0.817901 0.682593 0.807485 0.68905 0.786651
0 0.781767 0.782407 0.758006 0.826389 0.748709 0.807485
0 0.801395 0.82446 0.76343 0.836806 0.760072 0.817901
0 0.769112 0.83912 0.799329 0.894676 0.810692 0.880015
0 0.857696 0.872685 0.813533 0.868441 0.816374 0.84838
0 0.859246 0.804398 0.864669 0.870756 0.875258 0.867284
0 0.873192 0.809799 0.851498 0.86304 0.864669 0.870756
0 0.535899 0.811728 0.572314 0.790895 0.575155 0.807485
0 0.580062 0.858025 0.542097 0.874614 0.538481 0.850694
0 0.342459 0.727623 0.379649 0.702546 0.383264 0.721451
0 0.387397 0.809799 0.359246 0.847608 0.354339 0.836034
0 0.341684 0.786651 0.295971 0.829475 0.293905 0.807485
0 0.271436 0.658565 0.290548 0.709877 0.301653 0.697145
0 0.315857 0.753858 0.26937 0.755015 0.275052 0.734182
0 0.300878 0.786651 0.328512 0.750772 0.31999 0.739198
0 0.924587 0.800154 0.922521 0.865355 0.932851 0.859954
0 0.897211 0.83912 0.920971 0.881173 0.930785 0.870756
0 0.94344 0.881173 0.960486 0.819059 0.9703 0.832562
0 0.94499 0.905093 0.95687 0.845293 0.952738 0.911651
0 0.935692 0.881173 0.910382 0.919753 0.922521 0.923997
0 0.927169 0.881173 0.9047 0.930556 0.896952 0.917052
0 0.902634 0.88966 0.887138 0.930556 0.881457 0.920139
0 0.869576 0.928627 0.894886 0.902392 0.865186 0.920139
0 0.87939 0.901235 0.852014 0.930556 0.847624 0.917052
0 0.864669 0.885417 0.844267 0.930556 0.835744 0.920139
0 0.834969 0.908565 0.803461 0.93287 0.80062 0.918981
0 0.833678 0.89159 0.801911 0.912809 0.799329 0.894676
0 0.77376 0.890818 0.797004 0.93287 0.804752 0.923225
0 0.746384 0.927469 0.774535 0.886574 0.740702 0.910494
0 0.745868 0.890818 0.72469 0.929398 0.717717 0.917052
0 0.731663 0.844522 0.713326 0.89159 0.701446 0.875
0 0.645145 0.892747 0.68595 0.878086 0.684659 0.89892
0 0.580579 0.888503 0.60718 0.944444 0.617769 0.929398
0 0.622159 0.922068 0.665031 0.914738 0.662707 0.933642
0 0.262913 0.711034 0.222107 0.700617 0.225465 0.676312
0 0.56999 0.887346 0.566632 0.937886 0.574122 0.939043
0 0.56095 0.915895 0.602273 0.920139 0.602273 0.93287
0 0.561467 0.890818 0.587552 0.930556 0.574122 0.939043
0 0.536157 0.880015 0.554494 0.937886 0.565083 0.929398
0 0.681302 0.933642 0.685692 0.923225 0.652634 0.90625
0 0.666581 0.903549 0.676395 0.940972 0.683626 0.937114
0 0.692407 0.880787 0.686467 0.935571 0.696281 0.938657
0 0.724948 0.89892 0.685692 0.923225 0.686467 0.935571
0 0.734762 0.896605 0.693957 0.901235 0.694473 0.917438
0 0.70532 0.926312 0.727789 0.89159 0.710744 0.934799
0 0.679236 0.907022 0.704287 0.937114 0.708161 0.923225
0 0.288998 0.810185 0.252841 0.80517 0.255424 0.783179
0 0.286932 0.856096 0.331095 0.85108 0.327738 0.868056
0 0.340909 0.852238 0.309659 0.888117 0.302169 0.878086
0 0.228048 0.72338 0.206095 0.69946 0.214101 0.685571
0 0.217459 0.758488 0.208161 0.819059 0.216684 0.823302
0 0.184143 0.775077 0.18595 0.79321 0.219525 0.78125
0 0.353048 0.885031 0.352273 0.934799 0.361054 0.934028
0 0.366994 0.878858 0.378357 0.941744 0.38843 0.934028
0 0.418388 0.905864 0.393079 0.951775 0.383006 0.937886
0 0.395661 0.912037 0.434401 0.929012 0.436467 0.910108
0 0.451963 0.907793 0.41968 0.939815 0.413223 0.927855
0 0.475207 0.903164 0.443182 0.944059 0.436467 0.925926
0 0.510331 0.89892 0.543647 0.931327 0.538223 0.941744
0 0.515754 0.888117 0.540806 0.926698 0.533833 0.934028
0 0.541839 0.907407 0.518853 0.941744 0.513946 0.934414
0 0.514463 0.871528 0.512138 0.939815 0.502324 0.936728
0 0.487345 0.866512 0.508523 0.909336 0.501808 0.921296
0 0.48812 0.88233 0.50155 0.932485 0.508523 0.925926
0 0.486054 0.890046 0.49406 0.939815 0.500517 0.935957
0 0.474948 0.883102 0.490444 0.927855 0.485021 0.931327
0 0.483729 0.876157 0.478564 0.935957 0.487345 0.936728
0 0.472624 0.927855 0.489153 0.899306 0.478564 0.932485
0 0.237345 0.847994 0.232696 0.903935 0.241994 0.907407
0 0.257748 0.875772 0.252841 0.941744 0.26188 0.940586
0 0.264979 0.86034 0.270661 0.847222 0.241994 0.841049
0 0.230372 0.835262 0.230372 0.851852 0.268079 0.83912
0 0.260589 0.834491 0.301136 0.824846 0.263688 0.850309
0 0.33936 0.91088 0.297262 0.948302 0.295455 0.928627
0 0.292355 0.888889 0.278151 0.937886 0.271952 0.928627
0 0.298037 0.894676 0.272986 0.939815 0.267045 0.929784
0 0.305785 0.895448 0.284866 0.945988 0.278151 0.937886
0 0.31844 0.896219 0.287965 0.935957 0.281767 0.924769
0 0.319473 0.87963 0.300878 0.918596 0.29468 0.91088
0 0.346333 0.912809 0.300878 0.918596 0.305269 0.902778
0 0.274535 0.866512 0.291839 0.920525 0.299845 0.913966
0 0.252583 0.896219 0.233471 0.949074 0.222882 0.939043
0 0.211777 0.941744 0.239669 0.907407 0.207386 0.932485
0 0.216942 0.88696 0.206095 0.945216 0.193698 0.939815
0 0.18595 0.763117 0.144628 0.765046 0.147211 0.78125
0 0.183368 0.727623 0.148502 0.700617 0.157541 0.685957
0 0.167614 0.597222 0.140754 0.65162 0.134814 0.637731
0 0.146694 0.693287 0.115702 0.659722 0.125 0.646991
0 0.145145 0.671296 0.12939 0.630787 0.123967 0.634645
0 0.139721 0.670525 0.119576 0.63696 0.125 0.626543
0 0.12655 0.601466 0.134298 0.600309 0.133781 0.647762
0 0.160899 0.560571 0.133006 0.520062 0.139205 0.508488
0 0.141787 0.542052 0.12061 0.501157 0.128099 0.489583
0 0.144112 0.570216 0.118543 0.532022 0.12655 0.522377
0 0.158316 0.588349 0.121643 0.564815 0.124483 0.552469
0 0.147727 0.586806 0.118543 0.583333 0.121126 0.568673
0 0.151601 0.612654 0.11906 0.595679 0.123192 0.58179
0 0.137397 0.592978 0.119576 0.542824 0.128874 0.537037
0 0.145919 0.486497 0.120868 0.459105 0.129132 0.445216
0 0.139463 0.454861 0.119318 0.415895 0.127324 0.409336
0 0.145403 0.451775 0.142045 0.402006 0.150826 0.405478
0 0.143853 0.398148 0.134556 0.393904 0.133523 0.443673
0 0.152376 0.41821 0.123709 0.384259 0.129649 0.377701
0 0.163223 0.398148 0.126291 0.369599 0.121384 0.386574
0 0.160124 0.379244 0.125258 0.361497 0.122676 0.376929
0 0.162707 0.357253 0.126291 0.356481 0.127324 0.345293
0 0.165548 0.309414 0.123709 0.338735 0.128099 0.350309
0 0.146436 0.349151 0.133523 0.320988 0.142045 0.315972
0 0.154959 0.745756 0.119576 0.717207 0.12655 0.708333
0 0.158833 0.730324 0.121126 0.698688 0.126033 0.684028
0 0.146694 0.70409 0.123192 0.679012 0.119576 0.687886
0 0.148244 0.728781 0.116736 0.763503 0.111829 0.749614
0 0.140238 0.789738 0.115702 0.725309 0.128099 0.720679
0 0.144112 0.775849 0.133523 0.728009 0.124483 0.736883
0 0.155475 0.788966 0.118802 0.770833 0.118802 0.783951
0 0.161415 0.79784 0.123967 0.793596 0.124483 0.778935
0 0.124483 0.843364 0.115186 0.791281 0.12655 0.787037
0 0.151601 0.836806 0.122159 0.816744 0.11906 0.829475
0 0.165289 0.810957 0.127066 0.841821 0.131973 0.858796
0 0.190857 0.813272 0.159349 0.841049 0.155475 0.829475
0 0.212552 0.825617 0.18001 0.85571 0.176653 0.841821
0 0.159349 0.847608 0.186467 0.871142 0.179494 0.881559
0 0.151085 0.850694 0.172262 0.880787 0.166322 0.88966
0 0.153926 0.846451 0.119576 0.858025 0.116736 0.842593
0 0.149535 0.868827 0.122676 0.910108 0.115702 0.89892
0 0.126033 0.858025 0.151601 0.89159 0.143337 0.904321
0 0.123709 0.865355 0.119576 0.883102 0.156508 0.887346
0 0.127066 0.915123 0.127066 0.902006 0.17407 0.910108
0 0.158833 0.884259 0.140238 0.929784 0.134298 0.922454
0 0.165289 0.893904 0.144112 0.929012 0.152118 0.938657
0 0.161415 0.937886 0.169163 0.934414 0.162448 0.881559
0 0.173554 0.894676 0.155992 0.935571 0.149535 0.926312
0 0.194731 0.872685 0.172262 0.927083 0.179494 0.932099
0 0.211519 0.884259 0.184401 0.942515 0.179494 0.932099
0 0.206612 0.907793 0.181043 0.92091 0.183368 0.933642