0 0.353564 0.471065 0.362862 0.470679 0.358213 0.521219
0 0.261622 0.465664 0.268337 0.463735 0.26188 0.423611
0 0.28874 0.635031 0.294938 0.642361 0.266271 0.68017
0 0.247159 0.561343 0.255424 0.557099 0.238378 0.499614
0 0.181043 0.536651 0.183368 0.524306 0.221591 0.546296
0 0.220558 0.569059 0.226498 0.56713 0.226498 0.613426
0 0.402634 0.571759 0.391787 0.569444 0.39282 0.614969
0 0.250517 0.59375 0.252324 0.61034 0.289514 0.587191
0 0.230888 0.626929 0.233471 0.613426 0.260847 0.633488
0 0.231663 0.655093 0.238378 0.645833 0.216684 0.621528
0 0.344783 0.67284 0.347882 0.657793 0.386105 0.684028
0 0.395145 0.656636 0.407541 0.668981 0.381715 0.712577
0 0.502841 0.677083 0.504907 0.659722 0.536415 0.681713
0 0.487862 0.713349 0.495351 0.702546 0.470041 0.667824
0 0.490186 0.518133 0.500517 0.517361 0.495093 0.559799
0 0.536157 0.427469 0.544421 0.436728 0.560176 0.39429
0 0.548812 0.395062 0.548812 0.382716 0.509814 0.382716
0 0.276343 0.307485 0.286157 0.320988 0.252066 0.359954
0 0.26343 0.303241 0.271436 0.312114 0.250258 0.347994
0 0.230372 0.372299 0.241219 0.378472 0.252066 0.320216
0 0.172779 0.415895 0.185434 0.41358 0.176136 0.352623
0 0.145145 0.416667 0.159866 0.42554 0.162965 0.372299
0 0.132748 0.400463 0.146178 0.40625 0.142562 0.347994
0 0.127324 0.388503 0.10563 0.346065 0.113636 0.340664
0 0.477531 0.287037 0.506198 0.31713 0.512138 0.301698
0 0.521436 0.708333 0.533833 0.712577 0.517562 0.76659
0 0.334194 0.719136 0.340134 0.734182 0.297004 0.756559
0 0.293388 0.736111 0.29468 0.717207 0.25439 0.722608
0 0.235795 0.675926 0.238636 0.655093 0.198347 0.650077
0 0.15031 0.587191 0.159349 0.602238 0.185176 0.565586
0 0.143079 0.517747 0.155217 0.528549 0.173812 0.463349
0 0.176136 0.483025 0.18595 0.49537 0.155217 0.533179
0 0.148502 0.491898 0.161157 0.481867 0.141271 0.443287
0 0.095816 0.514275 0.10718 0.505401 0.12345 0.586034
0 0.135331 0.615741 0.146178 0.61034 0.13249 0.563657
0 0.090134 0.680941 0.093492 0.667052 0.128616 0.704861
0 0.084711 0.697917 0.089618 0.683642 0.123192 0.719136
0 0.083936 0.711034 0.090651 0.701775 0.112862 0.743056
0 0.082903 0.74537 0.08936 0.732253 0.112862 0.773148
0 0.11751 0.740355 0.125775 0.74537 0.133264 0.686728
0 0.08936 0.785108 0.089618 0.771219 0.121901 0.782407
0 0.080579 0.795525 0.087293 0.783179 0.114153 0.820216
0 0.137655 0.845679 0.145403 0.854167 0.161157 0.795525
0 0.156767 0.884645 0.165548 0.886574 0.167872 0.82909
0 0.171488 0.875386 0.184143 0.822145 0.18156 0.877315
0 0.191116 0.852238 0.201188 0.85571 0.205062 0.803241
0 0.230372 0.87037 0.249483 0.819444 0.259298 0.830247
0 0.288998 0.810571 0.254132 0.76929 0.296488 0.792438
0 0.291064 0.782022 0.322056 0.748843 0.326705 0.761188
0 0.106405 0.634645 0.114153 0.62963 0.125258 0.680941
0 0.08626 0.663966 0.088326 0.65162 0.125258 0.680941
0 0.0922 0.551312 0.104339 0.596451 0.11157 0.591821
0 0.094008 0.566744 0.082645 0.616898 0.092717 0.622685
0 0.108471 0.570602 0.082128 0.637731 0.089618 0.645062
0 0.104339 0.614969 0.081612 0.648534 0.08936 0.656636
0 0.09814 0.613812 0.127583 0.616898 0.09814 0.623457
0 0.121126 0.602623 0.095041 0.642747 0.102273 0.64892
0 0.118802 0.596836 0.127583 0.59375 0.12655 0.649306
0 0.136105 0.461034 0.096849 0.454475 0.096849 0.465664
0 0.095816 0.477623 0.096849 0.486883 0.120351 0.472222
0 0.135072 0.472608 0.089618 0.489583 0.092717 0.504244
0 0.085744 0.431713 0.092975 0.429398 0.095816 0.477623
0 0.196539 0.518904 0.204545 0.518519 0.196798 0.481867
0 0.115702 0.436343 0.127066 0.431327 0.112087 0.379244
0 0.277118 0.838735 0.317924 0.850309 0.319215 0.830247
0 0.349174 0.157022 0.353306 0.167052 0.321798 0.186343
0 0.372159 0.169753 0.38094 0.169367 0.376291 0.220679
0 0.361054 0.202546 0.365702 0.193287 0.341942 0.173611
0 0.341167 0.149306 0.341942 0.15625 0.319731 0.161265
0 0.358988 0.221451 0.353048 0.233796 0.327221 0.193287
0 0.303202 0.279707 0.295713 0.289352 0.279959 0.257716
0 0.298812 0.252701 0.295971 0.240355 0.259814 0.268904
0 0.18595 0.282793 0.196798 0.287037 0.198605 0.229552 0.196798 0.223765
0 0.16219 0.257716 0.169163 0.250772 0.18595 0.282793
0 0.153667 0.24267 0.162448 0.243441 0.168388 0.196373
0 0.196539 0.179398 0.191374 0.164352 0.168388 0.196373
0 0.102014 0.273534 0.102789 0.258488 0.149019 0.27662
0 0.093233 0.32909 0.097366 0.311728 0.140238 0.338735
0 0.457903 0.183256 0.458161 0.191744 0.423812 0.197531
0 0.259298 0.150463 0.260589 0.140432 0.219525 0.14159
0 0.407025 0.16358 0.403409 0.171682 0.377841 0.14159
0 0.386105 0.215664 0.408833 0.178627 0.403409 0.171682
0 0.16219 0.184799 0.171746 0.185571 0.165031 0.146605
0 0.419163 0.113426 0.426911 0.096065 0.469783 0.139275
0 0.719525 0.156636 0.732955 0.155478 0.725981 0.222608
0 0.743802 0.065586 0.753099 0.071759 0.738378 0.110725
0 0.759814 0.084491 0.763688 0.071759 0.794421 0.103009
0 0.802686 0.11034 0.814824 0.108025 0.8125 0.16821
0 0.814824 0.02392 0.827221 0.024306 0.81844 0.077932
0 0.835486 0.034722 0.845816 0.039352 0.832645 0.081019
0 0.8422 0.028935 0.851498 0.019676 0.872934 0.077932
0 0.872676 0.042824 0.87655 0.052083 0.8422 0.085648
0 0.858471 0.087191 0.866219 0.09375 0.842975 0.128472
0 0.759556 0.135802 0.760331 0.126157 0.78564 0.143904
0 0.688533 0.108025 0.6875 0.092978 0.719008 0.099537
0 0.659866 0.121914 0.663998 0.110725 0.689824 0.137346
0 0.693182 0.135802 0.689824 0.123457 0.715909 0.118441
0 0.773244 0.182099 0.7828 0.187886 0.768595 0.234182
0 0.806818 0.204475 0.818957 0.205247 0.813017 0.25463
0 0.844267 0.139275 0.855372 0.140432 0.847624 0.184028
0 0.845041 0.189429 0.852273 0.189815 0.835227 0.230324
0 0.64876 0.07909 0.658058 0.082562 0.646178 0.120756
0 0.665548 0.055556 0.671746 0.044753 0.695764 0.074846
0 0.588843 0.016975 0.600465 0.012346 0.600465 0.062114
0 0.705062 0.266975 0.7203 0.272762 0.702738 0.31713
0 0.746901 0.290123 0.759814 0.28858 0.756198 0.33179
0 0.770145 0.297068 0.766787 0.286651 0.800878 0.272762
0 0.819731 0.228009 0.832903 0.230324 0.816632 0.274691
0 0.865444 0.193287 0.879907 0.210648 0.841167 0.243441
0 0.884814 0.221836 0.896436 0.216435 0.904442 0.280478
0 0.906767 0.060185 0.917097 0.06713 0.899277 0.110725
0 0.327221 0.006173 0.332128 0.016204 0.295971 0.040123
0 0.345041 0.010802 0.352014 0.019676 0.323347 0.05054
0 0.327479 0.052083 0.295971 0.060571 0.326705 0.045139
0 0.340134 0.057485 0.341942 0.070216 0.290548 0.076775
0 0.367769 0.064043 0.369576 0.079861 0.326705 0.081019
0 0.358729 0.043596 0.365444 0.034336 0.392304 0.066358
0 0.377841 0.017747 0.382231 0.006559 0.418905 0.033951
0 0.360795 0.02392 0.368027 0.011188 0.39282 0.043981
0 0.26937 0.010031 0.278409 0.013117 0.268337 0.063272
0 0.248967 0.008873 0.258264 0.012346 0.247676 0.060957
0 0.279184 0.016204 0.283574 0.010031 0.301653 0.041667
0 0.559917 0.523148 0.563791 0.507716 0.595041 0.527392
0 0.631198 0.572531 0.637913 0.58912 0.597624 0.611497
0 0.661674 0.548225 0.665548 0.533565 0.618027 0.520448
0 0.639463 0.404707 0.648244 0.406636 0.639979 0.465278
0 0.592717 0.393519 0.597107 0.406636 0.625517 0.380401
0 0.665289 0.357639 0.678719 0.310185 0.686209 0.318673
0 0.676653 0.397377 0.677944 0.415123 0.711519 0.392361
0 0.679752 0.431327 0.676136 0.444444 0.71281 0.462577
0 0.7172 0.514275 0.719783 0.534336 0.757748 0.509645
0 0.698089 0.619213 0.707645 0.628858 0.678719 0.675154
0 0.657025 0.671296 0.662707 0.658951 0.622417 0.645833
0 0.577996 0.736497 0.623709 0.719522 0.624225 0.739198
0 0.624225 0.69483 0.629907 0.707948 0.659091 0.667438
0 0.691374 0.673997 0.69499 0.690201 0.725465 0.685571
0 0.723399 0.666667 0.730372 0.672068 0.74251 0.63233
0 0.755682 0.623071 0.732438 0.576003 0.741736 0.56713
0 0.758264 0.560571 0.772211 0.559799 0.767045 0.62963
0 0.729855 0.719522 0.731147 0.69946 0.690599 0.711806
0 0.732955 0.728009 0.69938 0.765818 0.708936 0.780093
0 0.628099 0.780093 0.638688 0.780093 0.63249 0.737269
0 0.558368 0.776235 0.561725 0.76196 0.600207 0.798997
0 0.600723 0.837577 0.608988 0.818673 0.566116 0.798997
0 0.547004 0.850694 0.550878 0.83642 0.511622 0.831019
0 0.456095 0.816744 0.502066 0.806327 0.501033 0.823302
0 0.429494 0.806327 0.43001 0.787423 0.381457 0.797068
0 0.399019 0.744985 0.362345 0.756173 0.368802 0.774306
0 0.397727 0.856481 0.403409 0.841435 0.37061 0.820602
0 0.422521 0.852623 0.427428 0.839506 0.401085 0.817515
0 0.848399 0.345679 0.856921 0.342593 0.857438 0.392747
0 0.889463 0.326775 0.896178 0.326003 0.891787 0.366127
0 0.880682 0.318673 0.863636 0.373457 0.88688 0.325231
0 0.909866 0.416281 0.915289 0.409336 0.891012 0.359568
0 0.91374 0.376157 0.921488 0.383488 0.904959 0.419753
0 0.885072 0.393904 0.890496 0.405093 0.864928 0.419753
0 0.920455 0.362269 0.926653 0.347222 0.893079 0.315586
0 0.89437 0.384259 0.920455 0.353781 0.916064 0.345293
0 0.909091 0.283179 0.916581 0.279707 0.921488 0.334105
0 0.890496 0.268133 0.900568 0.324074 0.9078 0.318287
0 0.868802 0.308256 0.881715 0.304398 0.86312 0.248071
0 0.834452 0.298225 0.840651 0.304398 0.854339 0.262731
0 0.845816 0.307099 0.844525 0.318673 0.880682 0.318673
0 0.838843 0.305556 0.8422 0.314043 0.817149 0.340664
0 0.802944 0.347222 0.81095 0.339892 0.796488 0.307099
0 0.785382 0.344522 0.787448 0.294367 0.779184 0.295139
0 0.80656 0.398148 0.817149 0.405864 0.79468 0.450617
0 0.893595 0.446759 0.892562 0.46412 0.851498 0.451389
0 0.922779 0.445988 0.922779 0.456019 0.889463 0.453318
0 0.922779 0.43287 0.923037 0.421682 0.884298 0.423225
0 0.87939 0.421682 0.871384 0.47338 0.887397 0.423611
0 0.888946 0.472994 0.898244 0.477238 0.872676 0.533179
0 0.88249 0.516204 0.889979 0.51929 0.879649 0.568673
0 0.829287 0.548611 0.840651 0.556713 0.821798 0.597222
0 0.798812 0.474151 0.790031 0.540895 0.801911 0.540123
0 0.763171 0.492284 0.76937 0.505401 0.7828 0.478781
0 0.928977 0.486111 0.926395 0.5 0.896178 0.48341
0 0.921229 0.475694 0.894112 0.510802 0.924329 0.484568
0 0.88843 0.537809 0.923812 0.505401 0.918905 0.493827
0 0.902893 0.568673 0.921229 0.518519 0.911157 0.510802
0 0.921229 0.550926 0.928977 0.5625 0.896178 0.594136
0 0.922262 0.581019 0.93001 0.596451 0.895919 0.630015
0 0.859504 0.602238 0.859504 0.615355 0.82438 0.607253
0 0.790806 0.553241 0.795971 0.565586 0.769112 0.586034
0 0.558626 0.028935 0.56689 0.023148 0.579545 0.077932
0 0.528926 0.025077 0.534091 0.017361 0.559659 0.060957
0 0.557335 0.077546 0.565857 0.082948 0.551395 0.125386
0 0.519112 0.104552 0.524277 0.092978 0.554236 0.133873
0 0.57438 0.118827 0.573089 0.131173 0.606147 0.131173
0 0.541064 0.132716 0.511364 0.133488 0.540289 0.123457
0 0.520919 0.020062 0.528926 0.025077 0.512655 0.070602
0 0.540806 0.068673 0.526085 0.027392 0.521952 0.035494
0 0.510589 0.024306 0.517045 0.022762 0.520403 0.064815
0 0.501291 0.018904 0.508781 0.018519 0.50749 0.070988
0 0.481147 0.024691 0.489928 0.01929 0.5 0.075231
0 0.675362 0.02392 0.681302 0.031636 0.652118 0.057099
0 0.684659 0.023148 0.690599 0.027392 0.66968 0.055941
0 0.688017 0.032793 0.685176 0.041281 0.713326 0.046296
0 0.696539 0.028164 0.722624 0.057099 0.69344 0.037423
0 0.751033 0.032793 0.756973 0.042052 0.723399 0.068287
0 0.773502 0.051312 0.753874 0.025849 0.748709 0.033179
0 0.763946 0.033179 0.770403 0.025849 0.78719 0.054784
0 0.777893 0.033951 0.781508 0.020833 0.811467 0.046296
0 0.211777 0.018904 0.220558 0.016204 0.227014 0.066358
0 0.224174 0.019676 0.23063 0.018904 0.227789 0.063272
0 0.233729 0.018519 0.23657 0.055556 0.229597 0.021605
0 0.239928 0.021605 0.246384 0.066358 0.234246 0.024306
0 0.242769 0.015046 0.260847 0.045139 0.239928 0.021605
0 0.270145 0.077932 0.255424 0.03125 0.247676 0.037037
0 0.272986 0.060571 0.256715 0.018133 0.253616 0.02662
0 0.291581 0.043981 0.265496 0.016204 0.26188 0.025077
0 0.361829 0.118441 0.36751 0.135417 0.328771 0.150463
0 0.379132 0.09375 0.381457 0.106867 0.347366 0.106096
0 0.409866 0.091435 0.414773 0.101852 0.375775 0.121528
0 0.44189 0.062886 0.447056 0.068673 0.423812 0.091435
0 0.432076 0.027006 0.438017 0.020062 0.458678 0.055941
0 0.447314 0.018519 0.470558 0.055941 0.442665 0.026235
0 0.481921 0.010802 0.483729 0.020062 0.458678 0.020062
0 0.400568 0.072917 0.409866 0.023534 0.401343 0.022762
0 0.351756 0.031636 0.360537 0.030478 0.356663 0.079861
0 0.196281 0.068673 0.201963 0.055941 0.228306 0.084877
0 0.243802 0.080247 0.241219 0.097222 0.278667 0.090278
0 0.191374 0.131944 0.200155 0.125 0.213068 0.17554
0 0.183884 0.158179 0.191374 0.153164 0.175103 0.118827
0 0.17407 0.067901 0.139721 0.090278 0.143853 0.106096
0 0.129649 0.070988 0.137138 0.126929 0.14437 0.12037
0 0.151601 0.178241 0.149793 0.11034 0.139721 0.115355
0 0.126808 0.13696 0.135072 0.137346 0.123709 0.085262
0 0.110795 0.137346 0.110021 0.125 0.145661 0.13233
0 0.102014 0.130015 0.099174 0.143904 0.134298 0.161265
0 0.132231 0.010802 0.138171 0.018519 0.112862 0.06713
0 0.134814 0.049769 0.143595 0.052855 0.13094 0.07716
0 0.168647 0.016975 0.175878 0.025849 0.13843 0.068673
0 0.184659 0.032793 0.150568 0.073688 0.179236 0.02392
0 0.15031 0.065972 0.156508 0.059799 0.169938 0.103009
0 0.161674 0.021991 0.195506 0.01196 0.196798 0.021605
0 0.198605 0.017747 0.204287 0.013503 0.216426 0.057099
0 0.180785 0.052855 0.20687 0.016975 0.210744 0.024691
0 0.206353 0.055941 0.182851 0.020062 0.177169 0.028549
0 0.294938 0.01196 0.290289 0.023534 0.327996 0.043596
0 0.102789 0.036651 0.113378 0.036651 0.109504 0.09375
0 0.124225 0.103009 0.112603 0.057099 0.106921 0.064043
0 0.114928 0.04591 0.114153 0.05517 0.151085 0.052855
0 0.114153 0.037809 0.114153 0.050154 0.158316 0.025849
0 0.127583 0.03858 0.126291 0.047068 0.150568 0.044753
0 0.100207 0.072917 0.104855 0.067901 0.11906 0.118827
0 0.100723 0.109182 0.106921 0.103781 0.118285 0.142361
0 0.096849 0.092207 0.102014 0.087963 0.127583 0.147377
0 0.128874 0.180556 0.13688 0.1875 0.116736 0.22338
0 0.868285 0.68017 0.870093 0.696373 0.829029 0.700617
0 0.876808 0.704475 0.886622 0.694059 0.857696 0.63696
0 0.869835 0.707176 0.830062 0.710262 0.832128 0.72608
0 0.856921 0.791667 0.868027 0.790123 0.854597 0.728395
0 0.7828 0.779707 0.783574 0.765818 0.750517 0.772377
0 0.76937 0.788194 0.772986 0.804784 0.805269 0.786265
0 0.816632 0.795525 0.794163 0.840278 0.803977 0.84838
0 0.889205 0.74267 0.902893 0.752701 0.875 0.810185
0 0.926136 0.76196 0.925362 0.778935 0.891271 0.752701
0 0.911157 0.799383 0.920455 0.802083 0.913481 0.858025
0 0.929236 0.788966 0.93595 0.798997 0.906508 0.832562
0 0.927169 0.791667 0.922262 0.805556 0.893079 0.762346
0 0.906767 0.905093 0.913998 0.905093 0.917355 0.854938
0 0.879907 0.862269 0.877841 0.875772 0.873192 0.908951 0.88249 0.908179
0 0.857696 0.90625 0.866994 0.914352 0.873709 0.879244
0 0.86751 0.85108 0.847624 0.904321 0.856405 0.91088
0 0.846333 0.787037 0.839618 0.849537 0.85124 0.851466
0 0.81095 0.853009 0.833419 0.823302 0.806043 0.839892
0 0.838843 0.909722 0.845816 0.901235 0.825155 0.85571
0 0.822572 0.870756 0.784091 0.901235 0.787965 0.915123
0 0.797779 0.871914 0.774793 0.89892 0.779184 0.908179
0 0.793388 0.86034 0.761622 0.884645 0.767304 0.896991
0 0.924845 0.694059 0.93156 0.709877 0.891012 0.727623
0 0.925362 0.662037 0.924845 0.67554 0.891787 0.666281
0 0.921746 0.657022 0.925362 0.645062 0.885072 0.625772
0 0.924587 0.613426 0.930785 0.623843 0.896694 0.652392
0 0.776085 0.826003 0.778409 0.810185 0.739928 0.805556
0 0.774793 0.832562 0.778409 0.820602 0.805269 0.85571
0 0.74251 0.903164 0.750517 0.91088 0.762397 0.863426
0 0.716942 0.908951 0.727014 0.910494 0.72314 0.861497
0 0.693182 0.910494 0.703771 0.91088 0.697831 0.851466
0 0.682076 0.908951 0.691374 0.904321 0.677169 0.84838
0 0.656767 0.908951 0.670971 0.912423 0.667872 0.853009
0 0.609246 0.871914 0.609246 0.854938 0.646694 0.861497
0 0.619318 0.914352 0.629907 0.907793 0.61312 0.862654
0 0.59814 0.909722 0.607438 0.911651 0.602531 0.84838
0 0.575671 0.907793 0.585227 0.914352 0.596333 0.850309
0 0.570764 0.895062 0.578254 0.903549 0.591426 0.856096
0 0.561983 0.84838 0.565341 0.91088 0.573347 0.909722
0 0.588843 0.853395 0.560176 0.878086 0.565857 0.890046
0 0.555785 0.861497 0.541064 0.909722 0.54907 0.914352
0 0.554494 0.908179 0.561467 0.905093 0.555269 0.858796
0 0.546488 0.862269 0.531508 0.91088 0.539773 0.916281
0 0.519628 0.85571 0.533574 0.90625 0.522211 0.912423
0 0.487345 0.850309 0.503616 0.91358 0.512655 0.904707
0 0.460227 0.866512 0.418905 0.899691 0.425878 0.916667
0 0.431302 0.857639 0.39282 0.897377 0.402634 0.91358
0 0.410899 0.851852 0.377324 0.889275 0.382748 0.903935
0 0.371901 0.83912 0.354855 0.904707 0.36751 0.910108
0 0.325671 0.847994 0.36157 0.855324 0.358729 0.874614
0 0.324122 0.817901 0.336519 0.885031 0.347882 0.883488
0 0.347366 0.782407 0.350207 0.83179 0.361054 0.82909
0 0.320764 0.87963 0.342459 0.920139 0.349432 0.91088
0 0.326188 0.87963 0.353306 0.912037 0.358213 0.902006
0 0.314824 0.866512 0.301911 0.91088 0.309401 0.91821
0 0.300103 0.862269 0.292097 0.91088 0.301911 0.91088
0 0.294163 0.866512 0.274277 0.907022 0.283316 0.91821
0 0.242769 0.865741 0.268853 0.915895 0.274277 0.89892
0 0.249742 0.917438 0.255165 0.899691 0.214101 0.87963
0 0.180785 0.915895 0.189308 0.905093 0.164256 0.872299
0 0.162448 0.905093 0.16374 0.892361 0.12939 0.887731
0 0.13843 0.912037 0.143337 0.907793 0.130165 0.880401
0 0.130682 0.909722 0.118285 0.862654 0.136364 0.903164
0 0.133264 0.843364 0.100207 0.877315 0.104339 0.886574
0 0.112603 0.908951 0.122417 0.903164 0.102531 0.850309
0 0.104597 0.907407 0.112087 0.900077 0.084711 0.844907
0 0.108988 0.808642 0.083419 0.851852 0.089101 0.857253
0 0.10563 0.834877 0.080837 0.866127 0.087293 0.875386
0 0.112345 0.844907 0.086002 0.88233 0.0922 0.890432
0 0.095816 0.422454 0.130165 0.454475 0.093233 0.433256
0 0.103564 0.426312 0.111312 0.423225 0.104597 0.386188
0 0.133006 0.423225 0.103564 0.429398 0.107438 0.441358
0 0.123709 0.400463 0.094525 0.372299 0.091167 0.385417
0 0.099948 0.368441 0.10124 0.378086 0.137655 0.365355
0 0.088585 0.366512 0.097366 0.375 0.108213 0.331404
0 0.094525 0.303241 0.11751 0.271219 0.103306 0.315972
0 0.092459 0.243827 0.097882 0.261188 0.125517 0.225694
0 0.094783 0.19483 0.101498 0.189429 0.110279 0.243056
0 0.110279 0.229552 0.141787 0.202932 0.105888 0.221065
0 0.106921 0.183642 0.120868 0.225694 0.101498 0.189429
0 0.102014 0.167824 0.102789 0.178627 0.135072 0.169367
0 0.096591 0.180556 0.130165 0.165895 0.098657 0.192515
0 0.097624 0.145448 0.105114 0.13966 0.118802 0.173611
0 0.143853 0.15162 0.110795 0.158179 0.106663 0.147762
0 0.626291 0.177469 0.635589 0.181327 0.622417 0.224151
0 0.601756 0.222994 0.603822 0.241898 0.567149 0.239969
0 0.575671 0.15625 0.532541 0.160494 0.571798 0.138503
0 0.824122 0.19213 0.834711 0.20409 0.841942 0.159336
0 0.880682 0.182485 0.909349 0.167438 0.887913 0.198302
0 0.794938 0.027392 0.797521 0.01659 0.83187 0.033565
0 0.886364 0.045525 0.895145 0.041667 0.902893 0.097222
0 0.890496 0.094522 0.896436 0.104167 0.86906 0.121528
0 0.863378 0.142361 0.888946 0.116127 0.884814 0.107639
0 0.894628 0.116898 0.896694 0.128472 0.873192 0.130401
0 0.911932 0.137731 0.918388 0.145833 0.896694 0.177855
0 0.917097 0.19213 0.923037 0.184028 0.901601 0.146991
0 0.913998 0.148534 0.914256 0.195216 0.921488 0.195216
0 0.883264 0.217978 0.914256 0.195216 0.916581 0.20679
0 0.91968 0.234568 0.915806 0.241512 0.88094 0.199074
0 0.923812 0.239969 0.920455 0.251543 0.899277 0.228395
0 0.698347 0.23804 0.702738 0.224923 0.66813 0.209105
0 0.745351 0.240355 0.756973 0.248071 0.737087 0.286651
0 0.870868 0.03588 0.878616 0.027392 0.894886 0.078318
0 0.874225 0.078704 0.874483 0.040509 0.883523 0.042824