0 0.369835 0.084105 0.322056 0.096836 0.322572 0.075617
0 0.35563 0.16821 0.333936 0.120756 0.347882 0.115741
0 0.323347 0.150077 0.350723 0.181713 0.359762 0.16821
0 0.432335 0.174383 0.393595 0.195602 0.390754 0.171296
0 0.438533 0.106096 0.466684 0.148148 0.476498 0.135417
0 0.496384 0.094522 0.476498 0.135417 0.506715 0.104938
0 0.502583 0.070602 0.533574 0.042052 0.537707 0.056713
0 0.558884 0.072531 0.541322 0.042052 0.534091 0.054784
0 0.478048 0.068287 0.504649 0.040123 0.508264 0.054784
0 0.404184 0.076775 0.436467 0.04321 0.442924 0.059799
0 0.520145 0.127315 0.558884 0.115741 0.558884 0.134645
0 0.629132 0.16088 0.671229 0.156636 0.671229 0.179784
0 0.659349 0.203704 0.702996 0.204861 0.702221 0.222608
0 0.278409 0.19946 0.29313 0.148148 0.302169 0.158565
0 0.270661 0.154321 0.231147 0.162809 0.231921 0.145062
0 0.275568 0.100694 0.310692 0.115741 0.312758 0.094522
0 0.260072 0.062886 0.293905 0.053627 0.295196 0.072531
0 0.340909 0.073688 0.377583 0.048225 0.381715 0.065201
0 0.376033 0.078704 0.399277 0.040123 0.410382 0.049383
0 0.702221 0.16088 0.716942 0.214506 0.728306 0.19946
0 0.681818 0.23534 0.720558 0.262731 0.726756 0.245756
0 0.646694 0.25733 0.695764 0.290123 0.702221 0.26466
0 0.622676 0.406636 0.617252 0.346836 0.631973 0.342593
0 0.694473 0.335262 0.664256 0.359182 0.66219 0.33912
0 0.467459 0.404321 0.447056 0.417052 0.445764 0.403549
0 0.471074 0.424383 0.429494 0.448688 0.428719 0.42554
0 0.283316 0.319444 0.294421 0.370756 0.305785 0.357253
0 0.270661 0.299383 0.243802 0.337191 0.238895 0.320216
0 0.197572 0.258488 0.19189 0.202932 0.203254 0.19946
0 0.169421 0.280478 0.170713 0.225694 0.18001 0.228009
0 0.182851 0.354938 0.172262 0.304784 0.181302 0.301312
0 0.18001 0.402392 0.185434 0.353009 0.196023 0.36034
0 0.189824 0.420139 0.208678 0.36767 0.196023 0.36034
0 0.224174 0.375 0.198864 0.41088 0.215134 0.414738
0 0.247417 0.429784 0.224174 0.38966 0.233988 0.380401
0 0.278409 0.433642 0.293905 0.487269 0.307851 0.476852
0 0.722624 0.238426 0.764721 0.221836 0.766271 0.241512
0 0.629907 0.082948 0.664256 0.053627 0.672779 0.073688
0 0.689566 0.101852 0.653667 0.116512 0.653667 0.096836
0 0.678202 0.120756 0.713585 0.099923 0.716942 0.115741
0 0.694473 0.131173 0.72469 0.120756 0.721849 0.11034
0 0.756973 0.121914 0.714101 0.104167 0.756457 0.101852
0 0.778151 0.184028 0.764721 0.134645 0.77686 0.131173
0 0.808368 0.131173 0.773244 0.099923 0.780217 0.089506
0 0.78874 0.082948 0.760589 0.056713 0.768337 0.045139
0 0.716167 0.082948 0.752066 0.05787 0.754132 0.070602
0 0.762655 0.097608 0.73812 0.055556 0.730372 0.062886
0 0.709969 0.091435 0.728306 0.047454 0.73812 0.055556
0 0.684659 0.094522 0.716942 0.051698 0.723915 0.062114
0 0.682593 0.071373 0.709969 0.042052 0.713585 0.054784
0 0.773244 0.287809 0.783833 0.234182 0.794938 0.241512
0 0.745868 0.451775 0.748709 0.38233 0.765496 0.386574
0 0.766787 0.405478 0.805527 0.409722 0.803461 0.42554
0 0.326963 0.462191 0.309401 0.525077 0.323347 0.530478
0 0.316374 0.631173 0.311983 0.56713 0.33032 0.565201
0 0.238378 0.525077 0.253099 0.468364 0.262138 0.481096
0 0.206612 0.527392 0.165806 0.509259 0.162965 0.531636
0 0.238895 0.562114 0.202479 0.55054 0.209452 0.53588
0 0.219267 0.613426 0.221333 0.562114 0.232696 0.562114
0 0.246126 0.659722 0.237603 0.598765 0.25155 0.593364
0 0.186983 0.584105 0.162448 0.63966 0.17562 0.653164
0 0.146178 0.509259 0.123709 0.460262 0.132231 0.447531
0 0.144886 0.554784 0.122934 0.504244 0.137138 0.494599
0 0.196798 0.165895 0.21436 0.11034 0.225723 0.123071
0 0.173554 0.142747 0.185434 0.198688 0.197572 0.185957
0 0.169421 0.190201 0.19189 0.128086 0.20093 0.141975
0 0.210744 0.068287 0.241736 0.037809 0.248192 0.052469
0 0.186209 0.11034 0.196023 0.054784 0.184143 0.052469
0 0.168647 0.068287 0.186209 0.042052 0.191116 0.05054
0 0.175103 0.099923 0.137138 0.088349 0.140496 0.069444
0 0.153151 0.104938 0.158058 0.055556 0.147727 0.055556
0 0.161674 0.121914 0.134298 0.099923 0.141271 0.088349
0 0.173037 0.11034 0.142045 0.111497 0.143337 0.099923
0 0.166581 0.157407 0.172262 0.114583 0.179236 0.118827
0 0.165289 0.141975 0.132231 0.120756 0.139979 0.104938
0 0.140496 0.184028 0.144112 0.126157 0.152634 0.129244
0 0.153151 0.17554 0.1547 0.121914 0.166581 0.123843
0 0.164514 0.150077 0.12939 0.172454 0.136364 0.184028
0 0.167872 0.216435 0.140496 0.187886 0.153151 0.17554
0 0.16374 0.220679 0.129907 0.196373 0.136364 0.178627
0 0.158833 0.243827 0.130682 0.207948 0.139205 0.198688
0 0.160899 0.226852 0.132231 0.26466 0.125 0.255401
0 0.140496 0.303627 0.12939 0.25733 0.137138 0.254244
0 0.162448 0.287809 0.12655 0.274306 0.12939 0.25733
0 0.147727 0.305556 0.147727 0.260417 0.135589 0.263503
0 0.15031 0.341435 0.15186 0.395833 0.142045 0.395833
0 0.162965 0.38233 0.12939 0.396991 0.125775 0.38233
0 0.168647 0.408565 0.12939 0.396991 0.125775 0.413966
0 0.164514 0.397762 0.128099 0.418981 0.128099 0.408179
0 0.167872 0.39429 0.131973 0.43017 0.128099 0.418981
0 0.163481 0.455247 0.13688 0.422068 0.133523 0.433256
0 0.157541 0.454475 0.126033 0.438272 0.13249 0.425926
0 0.161932 0.47338 0.128616 0.451389 0.135589 0.439043
0 0.155217 0.498457 0.139463 0.445602 0.131973 0.457948
0 0.866994 0.096451 0.820506 0.06713 0.827996 0.047454
0 0.848657 0.127315 0.869318 0.080247 0.860021 0.076003
0 0.86751 0.102238 0.852531 0.049383 0.864669 0.045139
0 0.922521 0.12037 0.914514 0.062114 0.927169 0.059414
0 0.907025 0.139275 0.932851 0.125386 0.934401 0.137346
0 0.873192 0.16821 0.910382 0.159722 0.910899 0.176698
0 0.869835 0.199074 0.913223 0.192901 0.914514 0.211034
0 0.90186 0.279321 0.893853 0.213735 0.906508 0.210262
0 0.835486 0.220293 0.844525 0.268133 0.853822 0.260802
0 0.818182 0.289738 0.814308 0.324846 0.827996 0.321373
0 0.842975 0.378858 0.834969 0.336806 0.843492 0.334877
0 0.889721 0.400077 0.925362 0.342593 0.934401 0.360725
0 0.825671 0.477238 0.849174 0.416281 0.858213 0.427469
0 0.890496 0.463349 0.855372 0.485725 0.852531 0.462577
0 0.920196 0.481481 0.901343 0.434414 0.913998 0.42554
0 0.921229 0.424769 0.962552 0.440972 0.957386 0.457562
0 0.925362 0.405864 0.958419 0.384645 0.963068 0.403549
0 0.92407 0.447145 0.949897 0.489969 0.957386 0.47608
0 0.938533 0.508873 0.962552 0.485725 0.955579 0.471836
0 0.914514 0.263117 0.942407 0.294753 0.947056 0.282022
0 0.933884 0.298997 0.946023 0.24537 0.955579 0.249614
0 0.937242 0.32716 0.955579 0.290509 0.947056 0.282022
0 0.926395 0.246142 0.94189 0.19483 0.94938 0.203318
0 0.921229 0.185185 0.944215 0.136574 0.951188 0.145062
0 0.853306 0.557485 0.869835 0.502701 0.884039 0.510417
0 0.841684 0.578704 0.878357 0.605324 0.883523 0.58642
0 0.86751 0.631944 0.905217 0.641975 0.902893 0.621528
0 0.909866 0.596836 0.958419 0.584105 0.959194 0.602623
0 0.922004 0.567901 0.955579 0.537809 0.962035 0.55054
0 0.912707 0.537809 0.954029 0.518133 0.955579 0.531636
0 0.961519 0.518133 0.966426 0.509645 0.941374 0.494213
0 0.84969 0.653935 0.821798 0.667052 0.823864 0.647377
0 0.869318 0.636188 0.877841 0.695216 0.889721 0.690201
0 0.870868 0.695216 0.906508 0.668596 0.909349 0.688272
0 0.901343 0.704475 0.895661 0.77392 0.910899 0.771991
0 0.932851 0.707176 0.956353 0.656636 0.964876 0.672068
0 0.943698 0.741512 0.964876 0.688272 0.955579 0.679012
0 0.847366 0.743056 0.806818 0.755015 0.805785 0.729552
0 0.841684 0.797068 0.864669 0.75 0.856147 0.741512
0 0.769112 0.737269 0.788998 0.783179 0.799329 0.771219
0 0.714101 0.695988 0.752324 0.671296 0.75594 0.691744
0 0.753616 0.702932 0.75749 0.750772 0.766271 0.744985
0 0.590909 0.685957 0.632231 0.707176 0.62655 0.725309
0 0.555527 0.692515 0.580579 0.697917 0.593233 0.728395
0 0.606405 0.810571 0.595041 0.754244 0.609246 0.754244
0 0.590393 0.827932 0.577738 0.767747 0.588068 0.762731
0 0.463326 0.671296 0.467975 0.748071 0.483213 0.737269
0 0.510847 0.809799 0.477014 0.842207 0.468492 0.820988
0 0.54468 0.8125 0.581095 0.795139 0.583419 0.813272
0 0.728306 0.826003 0.684401 0.814043 0.690599 0.796296
0 0.779442 0.78858 0.761105 0.831019 0.751291 0.817515
0 0.80501 0.828704 0.766787 0.844136 0.764463 0.826003
0 0.750775 0.87037 0.778151 0.854167 0.780992 0.868827
0 0.797004 0.900463 0.770661 0.832948 0.807851 0.891204
0 0.735279 0.834491 0.713585 0.880015 0.706095 0.868056
0 0.846333 0.868056 0.80501 0.842207 0.803977 0.868056
0 0.857696 0.807099 0.875 0.87037 0.885331 0.856096
0 0.860537 0.855324 0.878357 0.901235 0.889205 0.891204
0 0.936725 0.823688 0.959711 0.873071 0.969525 0.863812
0 0.944215 0.871528 0.933368 0.925154 0.945248 0.929398
0 0.933884 0.900463 0.898502 0.939043 0.892562 0.92091
0 0.904184 0.908951 0.872159 0.934028 0.86751 0.92091
0 0.858213 0.934028 0.892562 0.912423 0.855372 0.92091
0 0.870351 0.908179 0.836519 0.939815 0.832645 0.926312
0 0.854339 0.903935 0.823864 0.929398 0.821023 0.912423
0 0.833678 0.880015 0.860021 0.916667 0.843492 0.871528
0 0.628616 0.904707 0.666581 0.866127 0.670455 0.88696
0 0.680785 0.869599 0.71126 0.920139 0.717975 0.902392
0 0.755165 0.887731 0.725465 0.937114 0.736312 0.94483
0 0.775568 0.901235 0.745868 0.935571 0.755682 0.946373
0 0.794163 0.902392 0.766787 0.939815 0.759298 0.929012
0 0.805269 0.918981 0.778409 0.945602 0.774019 0.933256
0 0.815599 0.905478 0.777118 0.922068 0.781508 0.937886
0 0.334452 0.643519 0.352273 0.684414 0.361312 0.674769
0 0.357438 0.717593 0.389979 0.699846 0.392304 0.71875
0 0.387138 0.814043 0.357438 0.851466 0.350723 0.830633
0 0.456612 0.831404 0.432851 0.87037 0.424845 0.858025
0 0.54313 0.893519 0.506198 0.878086 0.509814 0.859182
0 0.516529 0.885802 0.53874 0.938657 0.548295 0.933256
0 0.54907 0.891204 0.56095 0.946373 0.569731 0.940972
0 0.579545 0.929784 0.546229 0.897762 0.585486 0.916667
0 0.670455 0.89892 0.656767 0.945216 0.667355 0.951389
0 0.488636 0.846451 0.481663 0.901235 0.494318 0.903164
0 0.284866 0.672068 0.300878 0.728781 0.309659 0.718364
0 0.302686 0.750386 0.267304 0.756173 0.268337 0.738426
0 0.30656 0.772377 0.333161 0.721065 0.343233 0.738426
0 0.262655 0.765818 0.227273 0.76196 0.227789 0.747685
0 0.677686 0.893133 0.699122 0.947917 0.706612 0.939815
0 0.719267 0.920139 0.695764 0.934799 0.691374 0.926698
0 0.68001 0.942901 0.71126 0.920139 0.676653 0.929012
0 0.700155 0.910108 0.676653 0.925154 0.671229 0.914352
0 0.659349 0.89892 0.672779 0.937886 0.681043 0.930556
0 0.659866 0.909336 0.636364 0.945988 0.63094 0.937114
0 0.600981 0.890046 0.637913 0.925926 0.63094 0.932485
0 0.596074 0.915123 0.622676 0.944444 0.626033 0.935571
0 0.600465 0.915895 0.637913 0.929784 0.634814 0.941358
0 0.585227 0.907793 0.572056 0.94213 0.566632 0.936343
0 0.502841 0.871914 0.514205 0.938657 0.523502 0.937886
0 0.501291 0.885802 0.485279 0.931327 0.493027 0.936343
0 0.497934 0.880015 0.498967 0.932485 0.490186 0.931327
0 0.462552 0.887346 0.48063 0.935571 0.490186 0.926698
0 0.477273 0.898148 0.461002 0.941358 0.453254 0.936343
0 0.43156 0.887731 0.446798 0.935571 0.454804 0.930556
0 0.415031 0.901235 0.389979 0.941358 0.383006 0.929784
0 0.430785 0.918596 0.38688 0.922454 0.385589 0.937886
0 0.380682 0.872685 0.369318 0.934799 0.381198 0.937114
0 0.344267 0.935571 0.375258 0.910108 0.348657 0.948688
0 0.331612 0.872685 0.334452 0.938657 0.346333 0.934028
0 0.311467 0.937886 0.332386 0.903164 0.318182 0.947145
0 0.247934 0.701389 0.207903 0.686728 0.213068 0.669753
0 0.189566 0.656636 0.193957 0.648534 0.218492 0.672068
0 0.206353 0.734182 0.167097 0.716049 0.174845 0.701389
0 0.219008 0.753472 0.208161 0.810571 0.221074 0.814815
0 0.289773 0.810571 0.24845 0.827932 0.246126 0.811343
0 0.259298 0.827546 0.282283 0.840664 0.277118 0.853781
0 0.29313 0.854552 0.260847 0.880787 0.257748 0.863426
0 0.323089 0.866127 0.295196 0.895448 0.292097 0.881559
0 0.309401 0.883102 0.276085 0.866127 0.275052 0.88233
0 0.262655 0.854552 0.241219 0.913194 0.231921 0.900077
0 0.223915 0.846451 0.252841 0.862654 0.246643 0.877315
0 0.222107 0.850694 0.192149 0.878086 0.187758 0.864198
0 0.247934 0.83179 0.221074 0.881559 0.21126 0.869213
0 0.21281 0.847222 0.245093 0.888117 0.236829 0.898534
0 0.199897 0.893519 0.201446 0.906636 0.235795 0.888889
0 0.20093 0.929398 0.208678 0.944059 0.243027 0.899306
0 0.188017 0.874228 0.198864 0.869985 0.20532 0.917438
0 0.225981 0.936728 0.24561 0.896991 0.219008 0.927855
0 0.253357 0.899306 0.231405 0.940972 0.224432 0.932099
0 0.312758 0.927855 0.286932 0.913194 0.282283 0.927855
0 0.304494 0.899306 0.267562 0.943287 0.263688 0.935957
0 0.260331 0.910108 0.240702 0.935957 0.234762 0.926312
0 0.286932 0.910108 0.247934 0.936728 0.24561 0.921296
0 0.275052 0.885417 0.259814 0.939043 0.25155 0.935957
0 0.159091 0.586806 0.130165 0.554398 0.136105 0.543596
0 0.127841 0.540509 0.14437 0.565586 0.132748 0.533951
0 0.137655 0.603009 0.133781 0.553241 0.127324 0.560571
0 0.135072 0.605324 0.122417 0.559799 0.127841 0.552469
0 0.157283 0.636574 0.130165 0.611883 0.136105 0.599923
0 0.132748 0.625 0.121901 0.580247 0.127841 0.577932
0 0.153409 0.66088 0.118027 0.633102 0.124225 0.622685
0 0.144886 0.677855 0.132748 0.630787 0.124742 0.638889
0 0.150826 0.699074 0.144886 0.66088 0.136622 0.66821
0 0.146436 0.699846 0.120351 0.650463 0.127841 0.642747
0 0.1547 0.72338 0.120868 0.672068 0.127841 0.661651
0 0.134556 0.725309 0.120351 0.688657 0.127841 0.684414
0 0.220041 0.826003 0.184659 0.855324 0.19344 0.869213
0 0.185176 0.849537 0.152376 0.854552 0.154184 0.865355
0 0.147986 0.866127 0.118027 0.834877 0.124742 0.822145
0 0.170971 0.836034 0.126808 0.807485 0.124742 0.822145
0 0.18905 0.806713 0.158574 0.82446 0.167097 0.836034
0 0.165031 0.826003 0.116477 0.831019 0.118543 0.849537
0 0.165548 0.701389 0.140496 0.748843 0.132748 0.73804
0 0.159607 0.72608 0.119835 0.734954 0.121384 0.744599
0 0.160124 0.774691 0.127841 0.740741 0.125258 0.752701
0 0.115444 0.755401 0.121384 0.744599 0.144886 0.789352
0 0.154184 0.789352 0.122934 0.752701 0.120351 0.765818
0 0.143853 0.802469 0.118027 0.765818 0.124742 0.756944
0 0.137138 0.809028 0.115444 0.778935 0.125258 0.770833
0 0.153667 0.844907 0.122934 0.847994 0.125258 0.858796
0 0.160124 0.87963 0.120351 0.868441 0.122934 0.883873
0 0.142562 0.891975 0.125258 0.858796 0.120351 0.868441
0 0.213585 0.878086 0.181302 0.917438 0.173812 0.904321
0 0.154959 0.89159 0.176911 0.943673 0.183626 0.933642
0 0.141787 0.895448 0.15031 0.938657 0.158058 0.931327
0 0.18905 0.924769 0.153926 0.921296 0.153151 0.933642
0 0.162448 0.893519 0.131715 0.912037 0.135847 0.92554
0 0.161415 0.889275 0.121643 0.893133 0.12345 0.90625
0 0.159607 0.885417 0.124742 0.887346 0.127841 0.899691
0 0.163223 0.88696 0.163481 0.925154 0.153667 0.92284