0 0.529184 0.242284 0.522211 0.231867 0.547262 0.200617
0 0.594525 0.146605 0.599432 0.134259 0.562242 0.125386
0 0.687242 0.194059 0.697056 0.194059 0.69499 0.246142
0 0.670713 0.147762 0.68156 0.145833 0.673295 0.102238
0 0.690083 0.102238 0.695248 0.089892 0.725981 0.128472
0 0.72624 0.108025 0.718233 0.113812 0.704029 0.064043
0 0.728822 0.125772 0.737087 0.120756 0.7203 0.082176
0 0.719008 0.183256 0.710744 0.17284 0.735279 0.143133
0 0.706095 0.195988 0.699122 0.183642 0.724948 0.148534
0 0.698347 0.189043 0.690599 0.177469 0.718233 0.146605
0 0.69189 0.135031 0.690083 0.150463 0.727531 0.153549
0 0.694473 0.164352 0.690083 0.150463 0.719783 0.121528
0 0.739669 0.156636 0.749483 0.163966 0.758523 0.123457
0 0.759814 0.092978 0.764205 0.108025 0.731147 0.131559
0 0.774535 0.090664 0.779184 0.102238 0.75 0.127701
0 0.741736 0.180556 0.749225 0.171682 0.768595 0.219136
0 0.757231 0.177855 0.758264 0.157407 0.715651 0.161265
0 0.796488 0.198688 0.803461 0.194059 0.811467 0.229552
0 0.811467 0.150463 0.817665 0.140046 0.843492 0.186343
0 0.844267 0.170139 0.832128 0.170139 0.837035 0.122685
0 0.832128 0.116127 0.838326 0.105324 0.857955 0.141975
0 0.880424 0.133102 0.873967 0.120756 0.847366 0.153549
0 0.861829 0.152392 0.850723 0.157407 0.865444 0.204861
0 0.855372 0.224151 0.844267 0.219136 0.852789 0.178627
0 0.849948 0.241127 0.839618 0.240355 0.841167 0.304012
0 0.862862 0.237654 0.866219 0.225694 0.828254 0.222222
0 0.868802 0.243441 0.877066 0.237269 0.85718 0.196759
0 0.853306 0.243441 0.86312 0.243056 0.853822 0.295525
0 0.882231 0.248843 0.877066 0.237269 0.854597 0.277778
0 0.88094 0.262731 0.875775 0.256944 0.862345 0.290509
0 0.876033 0.306713 0.866994 0.3125 0.850207 0.27392
0 0.821539 0.07446 0.831353 0.075617 0.817924 0.136188
0 0.846333 0.114198 0.855372 0.111111 0.846333 0.069444
0 0.856405 0.081019 0.865702 0.080247 0.866736 0.130401
0 0.870868 0.09838 0.877324 0.089892 0.864153 0.065972
0 0.838326 0.039738 0.833936 0.05517 0.868027 0.066744
0 0.841684 0.025077 0.829545 0.025077 0.83187 0.086034
0 0.815341 0.053241 0.8125 0.042438 0.787448 0.062114
0 0.809401 0.03858 0.811983 0.050154 0.782283 0.055941
0 0.826963 0.033951 0.822314 0.018519 0.787965 0.047454
0 0.755682 0.027392 0.75594 0.01466 0.784349 0.03125
0 0.74406 0.048611 0.748709 0.033179 0.78564 0.062114
0 0.74561 0.018519 0.75439 0.025077 0.732438 0.070602
0 0.727531 0.036651 0.72469 0.024306 0.752583 0.01929
0 0.704287 0.033179 0.713068 0.022377 0.735021 0.067515
0 0.736312 0.007716 0.740961 0.017361 0.71436 0.034722
0 0.706612 0.006944 0.712552 0.017747 0.677169 0.042438
0 0.664773 0.017747 0.651343 0.011574 0.652634 0.076389
0 0.634298 0.039738 0.640754 0.03125 0.662965 0.072531
0 0.621384 0.067515 0.631715 0.067515 0.62655 0.113812
0 0.600207 0.091821 0.607955 0.081404 0.587293 0.051312
0 0.540806 0.079475 0.539514 0.060957 0.575671 0.072531
0 0.637655 0.015818 0.640754 0.03125 0.605372 0.05054
0 0.602789 0.039738 0.59814 0.025463 0.566632 0.060185
0 0.585227 0.01196 0.588068 0.027006 0.549845 0.041667
0 0.631715 0.011574 0.622676 0.005787 0.604855 0.059028
0 0.620351 0.003086 0.629132 0.021219 0.594525 0.036651
0 0.687242 0.490355 0.693182 0.478781 0.66219 0.44483
0 0.656508 0.572917 0.660124 0.586806 0.629907 0.599151
0 0.837035 0.565201 0.846333 0.561728 0.845558 0.608796
0 0.883523 0.585648 0.889979 0.576775 0.865444 0.534722
0 0.8422 0.50463 0.833936 0.496142 0.855372 0.460262
0 0.878357 0.432485 0.86751 0.426312 0.855114 0.475694
0 0.862345 0.423611 0.87345 0.431327 0.875775 0.364969
0 0.883523 0.411265 0.884298 0.398534 0.849948 0.405478
0 0.833161 0.34375 0.844267 0.340664 0.846074 0.397377
0 0.879132 0.345679 0.872676 0.334877 0.850723 0.375386
0 0.601498 0.700617 0.605888 0.689815 0.567924 0.671682
0 0.561467 0.786265 0.556818 0.773534 0.588585 0.752701
0 0.522211 0.596451 0.529959 0.58642 0.547779 0.624228
0 0.545455 0.885417 0.549845 0.872299 0.518079 0.864583
0 0.582903 0.885802 0.585486 0.871914 0.540031 0.861497
0 0.59375 0.878086 0.586002 0.888503 0.562758 0.847994
0 0.655733 0.883873 0.662707 0.869985 0.625258 0.842207
0 0.704804 0.766204 0.713326 0.761188 0.713068 0.799769
0 0.737087 0.769676 0.744835 0.770833 0.739153 0.802469
0 0.784866 0.842207 0.786932 0.856867 0.744835 0.86034
0 0.79907 0.837577 0.80501 0.850694 0.771436 0.875772
0 0.823605 0.809414 0.83187 0.816358 0.811209 0.868441
0 0.827996 0.802855 0.838326 0.802855 0.828771 0.864198
0 0.870093 0.869213 0.871901 0.853009 0.827996 0.858796
0 0.790289 0.689815 0.784091 0.676312 0.822831 0.653549
0 0.801653 0.705633 0.795455 0.695988 0.772727 0.726466
0 0.808884 0.738812 0.816632 0.728395 0.797004 0.711806
0 0.864669 0.661651 0.854339 0.658951 0.852273 0.716049
0 0.870868 0.737654 0.883264 0.739198 0.87345 0.685957
0 0.867769 0.79591 0.876033 0.80054 0.883264 0.751543
0 0.853306 0.796682 0.859504 0.806713 0.877066 0.764275
0 0.889463 0.842978 0.879649 0.841435 0.883781 0.787809
0 0.876033 0.846065 0.874483 0.857639 0.840909 0.830633
0 0.875517 0.826775 0.872934 0.841435 0.834711 0.822917
0 0.880165 0.846836 0.866736 0.841435 0.880165 0.787809
0 0.842975 0.791281 0.838326 0.802855 0.874483 0.821373
0 0.504132 0.899306 0.505682 0.884645 0.472107 0.880015
0 0.481405 0.89159 0.471074 0.885417 0.491736 0.84375
0 0.49845 0.821373 0.496901 0.84375 0.449897 0.833719
0 0.450413 0.896219 0.456612 0.881559 0.411157 0.856867
0 0.455062 0.799769 0.457128 0.782022 0.39876 0.776235
0 0.436983 0.75733 0.430785 0.744985 0.405475 0.777392
0 0.455062 0.694059 0.455579 0.680941 0.429752 0.691744
0 0.399277 0.716435 0.404959 0.701003 0.366219 0.687114
0 0.356405 0.697145 0.366219 0.701775 0.353822 0.759645
0 0.358988 0.750386 0.360021 0.731867 0.402376 0.748843
0 0.373967 0.763503 0.383264 0.756559 0.392045 0.811343
0 0.351756 0.825231 0.351756 0.83912 0.389979 0.828318
0 0.331095 0.835262 0.331353 0.849923 0.379132 0.838349
0 0.374483 0.798997 0.369835 0.784336 0.339876 0.816744
0 0.362603 0.765818 0.370868 0.78125 0.330062 0.809799
0 0.321798 0.802083 0.330062 0.809799 0.304236 0.836034
0 0.313533 0.835262 0.31095 0.815972 0.360021 0.816744
0 0.309401 0.808256 0.317665 0.805941 0.308884 0.772762
0 0.301136 0.822145 0.302686 0.806713 0.270145 0.808256
0 0.345558 0.771219 0.333678 0.765818 0.317665 0.805941
0 0.286157 0.768904 0.286157 0.749614 0.32593 0.754244
0 0.290289 0.793596 0.288223 0.775077 0.250258 0.790509
0 0.304752 0.744213 0.31095 0.731867 0.283574 0.69946
0 0.345558 0.900077 0.341684 0.88233 0.380682 0.866898
0 0.360537 0.893904 0.351756 0.898534 0.325413 0.84838
0 0.289773 0.889275 0.289256 0.869985 0.334194 0.88233
0 0.280992 0.88696 0.284091 0.866898 0.245868 0.86767
0 0.260589 0.85841 0.26188 0.84375 0.303202 0.849923
0 0.209711 0.886188 0.225723 0.88696 0.217459 0.819059
0 0.175103 0.892361 0.186467 0.89159 0.180785 0.832948
0 0.198347 0.903935 0.206612 0.888503 0.171488 0.85841
0 0.192149 0.862269 0.203512 0.859182 0.193698 0.811343
0 0.201963 0.811343 0.198864 0.792824 0.165289 0.815201
0 0.168388 0.875386 0.158316 0.880015 0.154442 0.830633
0 0.149277 0.889275 0.141012 0.876157 0.172004 0.835262
0 0.166064 0.832176 0.155475 0.840664 0.153926 0.796682
0 0.150568 0.833719 0.141012 0.832176 0.144112 0.783565
0 0.129907 0.841435 0.141012 0.832176 0.111054 0.786651
0 0.135072 0.871528 0.144112 0.861497 0.118285 0.822917
0 0.13249 0.893133 0.119318 0.896991 0.115702 0.83912
0 0.231921 0.793596 0.226756 0.778935 0.207645 0.802855
0 0.225723 0.769676 0.221074 0.75733 0.195764 0.789738
0 0.218492 0.746528 0.225207 0.756559 0.191116 0.780478
0 0.238636 0.775849 0.232955 0.76196 0.205579 0.792052
0 0.156508 0.784336 0.153151 0.76659 0.195764 0.768904
0 0.163481 0.80517 0.152893 0.792052 0.189566 0.752701
0 0.146178 0.768133 0.151343 0.782022 0.182851 0.743441
0 0.137655 0.760417 0.146178 0.768133 0.163223 0.720293
0 0.124483 0.762731 0.137397 0.765046 0.141529 0.721836
0 0.119318 0.711806 0.119576 0.725694 0.154442 0.717978
0 0.113636 0.746528 0.107955 0.73341 0.138946 0.710262
0 0.146694 0.704861 0.134298 0.704861 0.145145 0.649306
0 0.134814 0.618441 0.145403 0.616127 0.149793 0.69483
0 0.396178 0.644676 0.396694 0.626929 0.354855 0.621528
0 0.354855 0.673997 0.350723 0.659336 0.317149 0.684799
0 0.356921 0.65625 0.34969 0.669367 0.323864 0.612269
0 0.343492 0.631559 0.337293 0.614583 0.378099 0.597608
0 0.370351 0.57446 0.366736 0.592978 0.334194 0.577546
0 0.321798 0.588735 0.309917 0.590664 0.316116 0.64159
0 0.307851 0.606867 0.29907 0.592207 0.27531 0.630015
0 0.27686 0.644676 0.278409 0.629244 0.249742 0.630787
0 0.300103 0.63233 0.289256 0.640046 0.307851 0.685571
0 0.292872 0.677083 0.283058 0.668596 0.265496 0.71412
0 0.273244 0.677855 0.283058 0.668596 0.252324 0.633102
0 0.286674 0.645448 0.28719 0.663966 0.248967 0.649306
0 0.260072 0.663194 0.249483 0.655478 0.235021 0.701775
0 0.247676 0.70409 0.244576 0.717978 0.225207 0.707948
0 0.243285 0.709491 0.238636 0.701003 0.22314 0.745756
0 0.258781 0.730324 0.254132 0.73804 0.221591 0.713349
0 0.248967 0.765818 0.246384 0.751929 0.21436 0.763503
0 0.263946 0.745756 0.254132 0.73804 0.235021 0.763503
0 0.261364 0.731867 0.257231 0.744985 0.220558 0.71875
0 0.198864 0.738812 0.210744 0.741127 0.207645 0.697917
0 0.207645 0.754244 0.216426 0.746528 0.192665 0.71875
0 0.164773 0.71412 0.176653 0.70409 0.196281 0.754244
0 0.192665 0.716435 0.180269 0.717978 0.180785 0.663194
0 0.22314 0.686343 0.225207 0.707948 0.188017 0.701003
0 0.21126 0.677855 0.206095 0.662423 0.179752 0.687886
0 0.233471 0.676312 0.23657 0.66088 0.19938 0.653935
0 0.241994 0.647762 0.23657 0.66088 0.217459 0.637731
0 0.22314 0.624614 0.213326 0.613812 0.194731 0.65162
0 0.175103 0.661651 0.162707 0.663194 0.161674 0.60841
0 0.172521 0.630015 0.168388 0.614583 0.19938 0.597608
0 0.192665 0.592978 0.201446 0.582176 0.225723 0.623071
0 0.1875 0.583719 0.195248 0.57446 0.226756 0.60841
0 0.167872 0.597608 0.159607 0.587577 0.14876 0.621528
0 0.180269 0.576389 0.166064 0.575231 0.166064 0.620756
0 0.13249 0.609954 0.146694 0.609182 0.135072 0.565201
0 0.320764 0.572917 0.323864 0.561343 0.301136 0.544367
0 0.243802 0.562114 0.241736 0.548225 0.208678 0.562114
0 0.193698 0.55054 0.184917 0.538194 0.163481 0.572917
0 0.412707 0.51196 0.402376 0.508488 0.392562 0.555556
0 0.380165 0.527778 0.374483 0.513117 0.346591 0.546296
0 0.451963 0.473765 0.449897 0.457562 0.408574 0.481481
0 0.365702 0.42554 0.362603 0.408179 0.326963 0.429784
0 0.292355 0.46142 0.30062 0.450617 0.322831 0.498457
0 0.295455 0.48534 0.305269 0.494599 0.278409 0.527778
0 0.274277 0.510802 0.282541 0.503086 0.265496 0.473765
0 0.259298 0.487269 0.248967 0.486111 0.252841 0.450231
0 0.258781 0.51929 0.264463 0.51196 0.239153 0.484568
0 0.273244 0.516975 0.258781 0.51929 0.252841 0.484568
0 0.24251 0.510802 0.228822 0.516204 0.218492 0.472222
0 0.262655 0.548225 0.253616 0.556713 0.232955 0.518519
0 0.232438 0.53858 0.228306 0.52392 0.202996 0.54591
0 0.207128 0.516204 0.204545 0.533951 0.170971 0.515432
0 0.487603 0.3125 0.481921 0.30787 0.494318 0.277006
0 0.447314 0.315586 0.454545 0.325617 0.429752 0.354167
0 0.446798 0.236883 0.458161 0.233025 0.442665 0.196759
0 0.444731 0.176698 0.444731 0.192901 0.413223 0.185957
0 0.415806 0.205247 0.403926 0.210648 0.417872 0.266975
0 0.402376 0.229167 0.407025 0.24537 0.367252 0.263889
0 0.387397 0.280093 0.384298 0.261574 0.340909 0.282407
0 0.359504 0.341049 0.371901 0.341049 0.365702 0.286265
0 0.334711 0.334105 0.345558 0.334105 0.336777 0.291667
0 0.327996 0.302469 0.330579 0.316358 0.297004 0.329475
0 0.316632 0.275463 0.306302 0.27392 0.305269 0.317901
0 0.318182 0.261574 0.316632 0.24537 0.352789 0.241512
0 0.295971 0.270062 0.309401 0.277006 0.314566 0.228395
0 0.299845 0.295525 0.302169 0.278549 0.262397 0.277778
0 0.263171 0.340278 0.277893 0.350309 0.296488 0.299383
0 0.315083 0.371142 0.319215 0.356481 0.286157 0.344136
0 0.291839 0.362654 0.291839 0.347994 0.265496 0.354938
0 0.278409 0.363426 0.289256 0.361883 0.28719 0.40162
0 0.308884 0.393519 0.306818 0.411265 0.274277 0.405093
0 0.279442 0.396605 0.269112 0.408951 0.25749 0.369599
0 0.263946 0.356481 0.25749 0.369599 0.239411 0.347222
0 0.391012 0.155864 0.380165 0.148148 0.362087 0.203704
0 0.409607 0.119985 0.41064 0.135802 0.376033 0.138503
0 0.507748 0.128858 0.505165 0.143519 0.471591 0.131944
0 0.480888 0.082948 0.469008 0.083719 0.474174 0.132716
0 0.475723 0.064429 0.465909 0.062886 0.46436 0.103781
0 0.453512 0.114969 0.442665 0.118056 0.440083 0.07446
0 0.423037 0.092978 0.42562 0.11034 0.38688 0.104552
0 0.37655 0.121914 0.370868 0.109568 0.402893 0.092978
0 0.33626 0.091435 0.347107 0.082176 0.37345 0.12963
0 0.32438 0.14892 0.324897 0.127315 0.371901 0.145833
0 0.34969 0.179784 0.344008 0.190586 0.322314 0.162037
0 0.304752 0.194444 0.304236 0.176698 0.342975 0.179012
0 0.303202 0.214506 0.290806 0.215278 0.293905 0.162809
0 0.27531 0.234568 0.272727 0.216821 0.309401 0.216821
0 0.277893 0.178241 0.271694 0.165123 0.246384 0.20216
0 0.286157 0.160494 0.286157 0.175926 0.249483 0.162809
0 0.27376 0.097608 0.284091 0.095293 0.293388 0.145062
0 0.267562 0.270833 0.263171 0.256173 0.298554 0.244599
0 0.254649 0.266204 0.256198 0.266975 0.265496 0.261574 0.252324 0.217593
0 0.246384 0.267747 0.254132 0.280864 0.221591 0.309028
0 0.492769 0.014275 0.480888 0.017361 0.5 0.076775
0 0.509298 0.079861 0.5 0.090664 0.479855 0.045139
0 0.477789 0.051698 0.478306 0.03588 0.440083 0.041281
0 0.463326 0.014275 0.469525 0.0 0.487087 0.025077
0 0.458161 0.020448 0.455579 0.00733 0.431302 0.025077
0 0.446798 0.005787 0.440599 0.001157 0.411674 0.028164
0 0.415806 0.01659 0.427686 0.008488 0.447831 0.059028
0 0.457128 0.075231 0.457128 0.056713 0.418905 0.070988
0 0.397211 0.089506 0.405217 0.098765 0.431818 0.072145
0 0.394112 0.085262 0.398502 0.096836 0.425103 0.056713
0 0.406508 0.064815 0.405992 0.083333 0.364669 0.067901
0 0.36312 0.099923 0.359504 0.086034 0.389979 0.069059
0 0.403409 0.052855 0.399793 0.03588 0.364669 0.063657
0 0.371384 0.017361 0.364153 0.005787 0.341942 0.034336
0 0.313533 0.022762 0.304752 0.03588 0.340909 0.081404
0 0.325413 0.09375 0.329029 0.074074 0.289256 0.063657
0 0.318182 0.108025 0.321798 0.091435 0.285124 0.081404
0 0.300103 0.018133 0.306302 0.032022 0.276343 0.059799
0 0.27531 0.00733 0.280475 0.018133 0.241994 0.048225
0 0.292355 0.011188 0.283058 0.001157 0.26188 0.045139
0 0.269628 0.059799 0.260072 0.054398 0.253616 0.089506
0 0.239411 0.092593 0.254132 0.09375 0.243802 0.154321
0 0.250258 0.087577 0.239411 0.092593 0.247676 0.030478
0 0.244576 0.082948 0.239411 0.092593 0.197831 0.076003
0 0.234504 0.11034 0.228822 0.097608 0.206612 0.135802
0 0.23812 0.14892 0.22624 0.149691 0.236829 0.20679
0 0.219008 0.17284 0.225207 0.158951 0.198864 0.138889
0 0.194215 0.153549 0.198864 0.166667 0.229339 0.135802
0 0.188533 0.167438 0.202479 0.168981 0.18595 0.232253
0 0.17407 0.233025 0.169938 0.217593 0.203512 0.195216
0 0.201963 0.233025 0.207645 0.217593 0.241994 0.234568
0 0.198347 0.260802 0.186983 0.249228 0.219525 0.199846
0 0.217975 0.239198 0.22469 0.248071 0.201446 0.26929
0 0.235021 0.256944 0.229855 0.24537 0.202996 0.283951
0 0.231405 0.26929 0.221074 0.26466 0.209194 0.308642
0 0.190599 0.313272 0.20093 0.299769 0.160124 0.258488
0 0.192149 0.283951 0.202479 0.272762 0.169421 0.235725
0 0.202479 0.115741 0.196281 0.100694 0.173037 0.132716
0 0.172521 0.209105 0.158058 0.20216 0.183368 0.140432
0 0.214876 0.029707 0.204029 0.029707 0.209194 0.076003
0 0.202996 0.013503 0.191632 0.01466 0.202479 0.073688
0 0.179236 0.011188 0.182335 0.023534 0.145145 0.035108
0 0.190083 0.03125 0.18595 0.015818 0.157541 0.045139
0 0.174587 0.056713 0.171488 0.038966 0.14282 0.073688
0 0.186983 0.046682 0.17407 0.046682 0.180785 0.107253
0 0.157541 0.136574 0.147986 0.121914 0.172521 0.095679
0 0.153151 0.138117 0.139979 0.131173 0.135847 0.189815
0 0.134814 0.14892 0.123967 0.147377 0.127066 0.111883
0 0.170455 0.067515 0.175103 0.085262 0.14282 0.095679
0 0.127324 0.064815 0.137655 0.064429 0.143595 0.109568
0 0.146178 0.054398 0.13249 0.059028 0.145403 0.107253
0 0.111829 0.111883 0.105372 0.100694 0.131715 0.076775
0 0.254132 0.415123 0.261622 0.421296 0.241736 0.453704
0 0.237603 0.439043 0.243802 0.426698 0.223657 0.416667
0 0.214876 0.414352 0.223657 0.416667 0.217459 0.366512
0 0.239411 0.337963 0.234504 0.35108 0.204029 0.32716
0 0.197314 0.393519 0.201963 0.385031 0.177686 0.35571
0 0.173554 0.38966 0.185434 0.397377 0.192149 0.340278
0 0.16064 0.392747 0.174587 0.392747 0.166839 0.447531
0 0.165806 0.340278 0.176136 0.346451 0.157541 0.38966
0 0.142045 0.392747 0.152376 0.392747 0.152376 0.339506
0 0.121901 0.412037 0.13249 0.410108 0.133264 0.463735
0 0.147986 0.451003 0.142045 0.434799 0.167355 0.418981
0 0.194731 0.412809 0.184917 0.407793 0.17407 0.451389
0 0.19938 0.454475 0.198347 0.440972 0.17407 0.451389
0 0.208678 0.445988 0.199897 0.4375 0.192665 0.490355
0 0.21126 0.404321 0.210744 0.404321 0.200413 0.396219 0.182851 0.445988
0 0.213843 0.465664 0.22314 0.46142 0.204029 0.416667
0 0.205062 0.490741 0.213843 0.494213 0.217975 0.458333
0 0.237603 0.472222 0.238636 0.459877 0.213843 0.465664
0 0.244318 0.47608 0.249483 0.459105 0.215909 0.447145
0 0.182335 0.508873 0.18905 0.500772 0.168388 0.47608
0 0.17562 0.506559 0.166064 0.501543 0.180269 0.457176
0 0.161674 0.525463 0.147986 0.521605 0.168388 0.47608
0 0.159607 0.48804 0.164256 0.506944 0.127066 0.512731
0 0.131198 0.547068 0.141529 0.54784 0.141012 0.490741
0 0.155733 0.569444 0.16064 0.554784 0.128099 0.527392
0 0.111829 0.537423 0.121384 0.533565 0.124483 0.58912
0 0.112603 0.494599 0.113636 0.484182 0.15186 0.48804
0 0.110537 0.474151 0.111829 0.489198 0.146694 0.466821
0 0.106405 0.507716 0.097882 0.490355 0.136364 0.466821
0 0.09375 0.498843 0.106405 0.507716 0.118802 0.449846
0 0.070506 0.48804 0.067665 0.474537 0.09969 0.467978
0 0.058884 0.463349 0.065083 0.478009 0.097882 0.433642
0 0.083161 0.430941 0.068698 0.426698 0.076963 0.368056
0 0.084969 0.365741 0.086002 0.364583 0.092459 0.354167 0.116219 0.407793
0 0.105372 0.351852 0.111829 0.362654 0.139463 0.334877
0 0.114411 0.37963 0.107438 0.366512 0.139979 0.337963
0 0.156508 0.334105 0.167872 0.330247 0.159091 0.287809
0 0.145145 0.329475 0.131715 0.324074 0.151343 0.280093
0 0.143595 0.284722 0.151343 0.298611 0.11157 0.328704
0 0.126033 0.275463 0.127324 0.260031 0.167355 0.280093
0 0.113636 0.314043 0.104081 0.310957 0.11312 0.272377
0 0.066116 0.547068 0.0625 0.532407 0.09969 0.51929
0 0.072056 0.634645 0.070248 0.649306 0.104855 0.652392
0 0.06405 0.627701 0.058884 0.63696 0.09375 0.65625
0 0.070506 0.604552 0.066116 0.61304 0.116736 0.640046
0 0.057335 0.609182 0.064308 0.596065 0.090134 0.643904
0 0.06689 0.590664 0.068698 0.603781 0.106405 0.58912
0 0.065083 0.577546 0.06689 0.590664 0.104081 0.565201
0 0.071281 0.553627 0.064308 0.562114 0.098915 0.59838
0 0.090134 0.668596 0.080837 0.674769 0.098915 0.700231
0 0.074638 0.701003 0.070248 0.684799 0.112603 0.661651
0 0.072831 0.771991 0.072831 0.75733 0.129907 0.756559
0 0.058368 0.782022 0.064308 0.767361 0.089876 0.790509
0 0.093492 0.752701 0.086002 0.747299 0.091942 0.721065
0 0.102789 0.704861 0.088326 0.707176 0.095041 0.75733
0 0.071798 0.754244 0.069215 0.743441 0.11157 0.712577
0 0.058884 0.738812 0.06689 0.727238 0.083419 0.782793
0 0.066116 0.717978 0.068698 0.735725 0.113636 0.717978
0 0.064308 0.694059 0.059917 0.707948 0.104081 0.745756
0 0.111312 0.857253 0.115186 0.872685 0.147986 0.84375
0 0.107438 0.898534 0.119318 0.896991 0.104081 0.846451
0 0.067407 0.825231 0.070506 0.836034 0.101498 0.80787
0 0.075155 0.844522 0.066116 0.844522 0.083419 0.793596
0 0.062242 0.828318 0.061467 0.845679 0.098399 0.837963
0 0.062758 0.863812 0.069215 0.869599 0.079545 0.820602 0.063791 0.861497