0 0.524793 0.346451 0.517562 0.340278 0.503099 0.382716
0 0.629132 0.378086 0.633264 0.363426 0.595041 0.354938
0 0.688533 0.326389 0.700413 0.318673 0.714876 0.373457
0 0.740702 0.340278 0.747934 0.333333 0.753616 0.378086
0 0.585744 0.224537 0.576963 0.216049 0.598657 0.168981
0 0.492252 0.287809 0.493802 0.268519 0.452996 0.272377
0 0.534091 0.267747 0.534091 0.267747 0.528926 0.257716 0.509298 0.286265
0 0.475723 0.261574 0.466426 0.273148 0.449897 0.225309
0 0.420971 0.218364 0.422004 0.201389 0.464876 0.214506
0 0.367252 0.240741 0.367769 0.22608 0.408574 0.225309
0 0.446798 0.195216 0.446281 0.178241 0.489669 0.195988
0 0.486054 0.175154 0.495351 0.167438 0.512397 0.217593
0 0.517045 0.199074 0.517562 0.181327 0.558368 0.195988
0 0.517562 0.16358 0.516012 0.148148 0.557335 0.145833
0 0.618285 0.126543 0.618285 0.112654 0.583161 0.124228
0 0.539256 0.076003 0.545455 0.063657 0.573864 0.104938
0 0.511364 0.094522 0.510331 0.081404 0.536674 0.075231
0 0.382748 0.106481 0.38843 0.091435 0.430269 0.126543
0 0.431302 0.076775 0.428719 0.065972 0.391012 0.077546
0 0.685434 0.177469 0.68595 0.157407 0.634814 0.16821
0 0.713326 0.160494 0.717459 0.143133 0.677169 0.131944
0 0.677686 0.071373 0.685434 0.082948 0.646694 0.115741
0 0.734504 0.091435 0.732955 0.108025 0.697314 0.089892
0 0.751033 0.138889 0.756715 0.151235 0.72469 0.175154
0 0.73657 0.210648 0.728306 0.202932 0.754649 0.162809
0 0.759298 0.175926 0.771178 0.176698 0.764463 0.224537
0 0.548554 0.040509 0.555785 0.02662 0.592459 0.06983
0 0.602789 0.034336 0.612603 0.030093 0.617252 0.07909
0 0.630682 0.020833 0.641012 0.020448 0.635331 0.07446
0 0.509298 0.041281 0.502583 0.044367 0.513946 0.075231
0 0.496384 0.035108 0.507231 0.038966 0.487603 0.085648
0 0.436467 0.038194 0.441632 0.025849 0.472624 0.054784
0 0.419938 0.063657 0.41219 0.049769 0.393079 0.077546
0 0.414773 0.034336 0.42407 0.034336 0.419938 0.06983
0 0.349174 0.092593 0.345558 0.07909 0.383264 0.066744
0 0.354339 0.039352 0.358988 0.025849 0.392562 0.060957
0 0.654959 0.020833 0.647727 0.032793 0.67562 0.05787
0 0.646178 0.025849 0.63843 0.038966 0.670455 0.069059
0 0.669938 0.018904 0.661674 0.028935 0.698864 0.063657
0 0.695248 0.042438 0.695248 0.059799 0.733988 0.051698
0 0.717459 0.02392 0.711777 0.034336 0.739669 0.05787
0 0.740186 0.019676 0.729855 0.028164 0.757231 0.072917
0 0.369318 0.406636 0.365702 0.39429 0.33626 0.408179
0 0.361054 0.381944 0.36157 0.393519 0.326963 0.396605
0 0.249483 0.385802 0.235537 0.388117 0.23657 0.324846
0 0.241994 0.280093 0.254649 0.280093 0.247676 0.333333
0 0.24845 0.262346 0.24251 0.24537 0.278409 0.232253
0 0.279442 0.171296 0.280475 0.189043 0.229855 0.192901
0 0.179236 0.280093 0.18905 0.287037 0.169938 0.340278
0 0.186467 0.400463 0.193182 0.409722 0.21281 0.373457
0 0.231405 0.435957 0.232438 0.417438 0.190083 0.418596
0 0.318182 0.158951 0.318182 0.147377 0.342459 0.147377
0 0.341426 0.028164 0.337293 0.042824 0.377066 0.064429
0 0.321281 0.028164 0.31405 0.040509 0.355888 0.062114
0 0.325413 0.062114 0.335227 0.055941 0.351756 0.101466
0 0.293905 0.054012 0.297004 0.043596 0.33781 0.075617
0 0.309401 0.033565 0.29907 0.033565 0.310434 0.082948
0 0.280992 0.032407 0.291322 0.032022 0.290289 0.090664
0 0.239153 0.113426 0.244318 0.099923 0.281508 0.135031
0 0.213326 0.05054 0.217975 0.036651 0.261364 0.066358
0 0.189566 0.111883 0.179752 0.103395 0.209194 0.065201
0 0.173554 0.158951 0.170971 0.141975 0.210227 0.133488
0 0.170971 0.033565 0.165806 0.046682 0.205062 0.065972
0 0.159607 0.058256 0.165806 0.046682 0.195764 0.087963
0 0.153926 0.096065 0.158058 0.08912 0.183884 0.115741
0 0.161932 0.040123 0.153151 0.043981 0.164514 0.095293
0 0.141271 0.048997 0.150568 0.04321 0.160124 0.083719
0 0.131715 0.055556 0.127324 0.065201 0.161932 0.085648
0 0.116219 0.073688 0.114928 0.085648 0.172262 0.089506
0 0.119576 0.039352 0.118802 0.050926 0.163998 0.049769
0 0.147986 0.119213 0.140238 0.106481 0.112345 0.159722
0 0.096074 0.177855 0.096074 0.177855 0.105888 0.184028 0.122159 0.127701
0 0.104081 0.189815 0.111829 0.196373 0.130424 0.14429
0 0.12345 0.176312 0.129649 0.187886 0.159607 0.143519
0 0.137655 0.190586 0.12655 0.1875 0.12061 0.255015
0 0.102014 0.20679 0.106405 0.218364 0.13688 0.18287
0 0.105114 0.064429 0.109762 0.078704 0.138688 0.055556
0 0.11312 0.070988 0.105114 0.081404 0.140238 0.106481
0 0.107696 0.094907 0.113636 0.083333 0.134298 0.112654
0 0.102789 0.093364 0.103306 0.079861 0.146694 0.090278
0 0.102014 0.103009 0.10718 0.088349 0.134298 0.112654
0 0.107696 0.128086 0.106921 0.125772 0.103822 0.116512 0.140238 0.106481
0 0.120868 0.413194 0.13094 0.412423 0.14282 0.469522
0 0.115702 0.477238 0.105372 0.47338 0.118027 0.41358
0 0.097107 0.508873 0.104855 0.513889 0.115702 0.477238
0 0.096333 0.521219 0.102014 0.532022 0.12345 0.487654
0 0.120351 0.542824 0.128357 0.551312 0.144628 0.508873
0 0.147211 0.600309 0.157541 0.602238 0.158316 0.543596
0 0.197056 0.548611 0.208678 0.545525 0.191116 0.488426
0 0.231921 0.530864 0.242252 0.533951 0.242769 0.475309
0 0.339101 0.677855 0.346591 0.689043 0.373967 0.65162
0 0.309917 0.699846 0.315599 0.687114 0.278409 0.665123 0.308884 0.698688
0 0.18905 0.708719 0.198089 0.697145 0.16219 0.650463
0 0.103564 0.63233 0.113636 0.638117 0.116994 0.577546
0 0.097624 0.662423 0.10718 0.67091 0.121643 0.59838
0 0.098657 0.69213 0.105888 0.701775 0.128616 0.646991
0 0.302169 0.759645 0.307851 0.743441 0.268079 0.710648
0 0.230372 0.802855 0.226498 0.814815 0.191116 0.791667
0 0.236829 0.820216 0.234504 0.836034 0.197056 0.824074
0 0.19499 0.850309 0.183368 0.854938 0.175103 0.79321
0 0.146694 0.757716 0.134814 0.757716 0.145919 0.692901
0 0.105114 0.710648 0.107696 0.723765 0.151085 0.689429
0 0.105114 0.733796 0.102531 0.753086 0.149277 0.746142
0 0.09814 0.808642 0.104597 0.817515 0.124742 0.76929
0 0.116219 0.834105 0.105372 0.83179 0.114411 0.77392
0 0.119318 0.838735 0.114153 0.825231 0.154959 0.804784
0 0.098657 0.839892 0.10718 0.844522 0.123967 0.791281
0 0.112862 0.877315 0.124742 0.875386 0.109762 0.826003
0 0.122676 0.884259 0.118802 0.871528 0.15625 0.853009
0 0.136105 0.887731 0.145919 0.880401 0.12345 0.834105
0 0.16968 0.833719 0.165289 0.847608 0.125258 0.812886
0 0.168388 0.88233 0.15625 0.883102 0.167097 0.820216
0 0.199638 0.891975 0.206612 0.878086 0.163481 0.853009
0 0.225465 0.885802 0.229081 0.872685 0.188017 0.854938
0 0.25749 0.88696 0.262138 0.874228 0.215134 0.85108
0 0.265496 0.883102 0.271952 0.873457 0.243543 0.833719
0 0.294421 0.878086 0.295196 0.860725 0.251808 0.856096
0 0.310434 0.879244 0.315599 0.864583 0.275568 0.837963
0 0.342717 0.881944 0.346849 0.87037 0.311725 0.855324
0 0.352531 0.87037 0.346591 0.881944 0.31844 0.840664
0 0.412448 0.874228 0.402893 0.878086 0.389463 0.82446
0 0.421488 0.868441 0.417097 0.879244 0.389463 0.857253
0 0.373709 0.870756 0.38688 0.868441 0.375775 0.804012
0 0.384039 0.885031 0.380165 0.870756 0.42562 0.861883
0 0.582903 0.663194 0.579804 0.673997 0.548037 0.653549
0 0.521178 0.774306 0.518337 0.760417 0.558368 0.753086
0 0.544163 0.814429 0.547521 0.797454 0.50155 0.796296
0 0.46436 0.835648 0.458419 0.819444 0.421746 0.856867
0 0.46281 0.861883 0.459711 0.876157 0.421746 0.856867
0 0.492769 0.876157 0.496384 0.861111 0.461519 0.850309
0 0.50439 0.841821 0.499742 0.854167 0.464876 0.821373
0 0.51343 0.868441 0.505424 0.876157 0.482955 0.838735
0 0.540548 0.874614 0.544421 0.860725 0.50439 0.841821 0.539256 0.873457
0 0.558626 0.849537 0.562242 0.836034 0.521694 0.831019
0 0.56689 0.873457 0.571281 0.862654 0.530217 0.843364
0 0.575413 0.871528 0.578512 0.859954 0.552686 0.834105
0 0.588068 0.872685 0.595816 0.861111 0.548037 0.859182
0 0.593492 0.873457 0.600465 0.864583 0.564824 0.837577 0.594008 0.876157
0 0.610279 0.850309 0.604339 0.864583 0.570248 0.826389
0 0.636105 0.857253 0.627583 0.86767 0.602531 0.829861
0 0.652893 0.860725 0.650826 0.869599 0.634039 0.858796
0 0.62939 0.839892 0.632748 0.827932 0.597107 0.820216
0 0.662965 0.861111 0.665548 0.846451 0.62939 0.82446
0 0.678461 0.86767 0.681818 0.856096 0.655992 0.847608 0.676395 0.866127
0 0.661932 0.836034 0.659091 0.844522 0.639721 0.818287
0 0.617769 0.747299 0.627066 0.739583 0.645145 0.795139
0 0.698089 0.864583 0.699122 0.84838 0.660382 0.841821
0 0.705837 0.837963 0.701963 0.845293 0.665806 0.82716
0 0.714101 0.859954 0.71281 0.864969 0.677169 0.839892
0 0.706353 0.868827 0.715909 0.866898 0.69344 0.818287
0 0.719783 0.866898 0.72624 0.859182 0.694731 0.822531
0 0.727531 0.847608 0.72314 0.861111 0.695248 0.815586
0 0.741219 0.859182 0.74845 0.850309 0.716167 0.817515
0 0.756715 0.861883 0.765754 0.850309 0.727014 0.810571
0 0.779959 0.854167 0.783833 0.843364 0.74845 0.822145
0 0.795455 0.852238 0.783833 0.853395 0.781767 0.787423
0 0.793388 0.650849 0.792872 0.634259 0.74561 0.645833
0 0.786932 0.713349 0.795455 0.710262 0.785124 0.658565
0 0.785899 0.777778 0.784349 0.762731 0.822572 0.770448
0 0.813533 0.851466 0.816632 0.836034 0.786415 0.825231
0 0.826963 0.849537 0.816116 0.850309 0.819215 0.799383
0 0.844008 0.84838 0.850981 0.837577 0.825155 0.799383
0 0.857955 0.804012 0.85563 0.817515 0.822056 0.801312
0 0.86312 0.839506 0.851498 0.842593 0.845816 0.78858
0 0.866994 0.774306 0.866477 0.787809 0.83032 0.780864
0 0.896178 0.777006 0.895403 0.78588 0.865961 0.780093
0 0.899535 0.784722 0.903409 0.772377 0.873709 0.75
0 0.904442 0.761574 0.89876 0.775077 0.869835 0.738426
0 0.878099 0.843364 0.868285 0.842593 0.865961 0.780093
0 0.893079 0.837963 0.881973 0.847222 0.867252 0.782793
0 0.90186 0.820602 0.899535 0.80517 0.865186 0.809028
0 0.893079 0.8125 0.898244 0.810571 0.887138 0.765432
0 0.889721 0.802855 0.888946 0.814429 0.853048 0.787809
0 0.905217 0.802855 0.898244 0.814429 0.875 0.779707
0 0.862087 0.72608 0.863378 0.736497 0.825155 0.748071
0 0.89437 0.717978 0.896694 0.731481 0.860537 0.735725
0 0.864411 0.723765 0.852273 0.728781 0.846333 0.682485
0 0.858729 0.667052 0.847624 0.676698 0.86906 0.72608
0 0.813017 0.713349 0.801136 0.716049 0.801136 0.654321
0 0.777893 0.618056 0.783058 0.605324 0.814308 0.640818
0 0.833678 0.638117 0.838843 0.621914 0.796746 0.59838
0 0.843233 0.670139 0.855372 0.665895 0.836777 0.604167
0 0.854339 0.614198 0.863895 0.616127 0.866994 0.670139
0 0.88249 0.662037 0.891787 0.664352 0.884039 0.712191
0 0.896694 0.646605 0.903151 0.658179 0.876291 0.705633
0 0.899277 0.641975 0.891529 0.645833 0.88843 0.609954
0 0.903409 0.624614 0.895403 0.634259 0.878616 0.592593
0 0.883781 0.631559 0.891787 0.640046 0.865702 0.685185
0 0.869835 0.571373 0.876291 0.578318 0.850981 0.619599
0 0.893595 0.584105 0.88249 0.579475 0.877324 0.635031
0 0.807076 0.45679 0.796746 0.456019 0.805785 0.411265
0 0.86312 0.496142 0.863378 0.481867 0.819473 0.487654
0 0.847624 0.506173 0.860021 0.506173 0.85563 0.583333
0 0.894886 0.573688 0.892304 0.581019 0.863895 0.562114
0 0.886364 0.565586 0.879907 0.566744 0.869576 0.528164
0 0.896952 0.56983 0.892304 0.55787 0.861312 0.576389
0 0.895661 0.553241 0.887655 0.562114 0.872159 0.520448
0 0.896952 0.533951 0.890496 0.523148 0.874225 0.563657
0 0.883264 0.521219 0.881973 0.508873 0.856147 0.508102
0 0.892304 0.500386 0.89282 0.51196 0.854855 0.500386
0 0.890496 0.496528 0.885331 0.506944 0.850465 0.474151
0 0.895661 0.471451 0.890496 0.481096 0.865961 0.44213
0 0.890496 0.448302 0.893595 0.46142 0.851756 0.467207
0 0.87939 0.435571 0.88843 0.439429 0.881973 0.487654
0 0.771436 0.276235 0.782541 0.267747 0.790806 0.312886
0 0.797521 0.320988 0.791581 0.309414 0.81405 0.29784
0 0.813533 0.35841 0.819473 0.350694 0.801395 0.312886 0.813275 0.357639
0 0.811725 0.251543 0.820506 0.243441 0.79468 0.200231
0 0.823864 0.20679 0.829804 0.197531 0.853048 0.241512
0 0.838843 0.265818 0.840134 0.279321 0.807851 0.293981
0 0.827738 0.252315 0.837293 0.255401 0.820506 0.309028
0 0.841426 0.309028 0.833678 0.298611 0.819473 0.350694
0 0.845816 0.293596 0.836002 0.284336 0.820764 0.334491
0 0.854339 0.323688 0.853048 0.322531 0.8453 0.314815 0.831612 0.364198
0 0.866994 0.34375 0.860537 0.329475 0.832903 0.369213
0 0.852273 0.384259 0.862087 0.384645 0.854339 0.436343
0 0.886622 0.434799 0.885072 0.419367 0.851498 0.434799
0 0.891787 0.433642 0.88843 0.415509 0.843233 0.429012
0 0.859246 0.371914 0.867252 0.368056 0.872417 0.419367
0 0.874742 0.35841 0.873192 0.359182 0.865186 0.36304 0.880165 0.417438
0 0.887913 0.364198 0.881198 0.355324 0.858729 0.407407
0 0.891529 0.349923 0.884556 0.33912 0.854855 0.376929
0 0.885072 0.347994 0.885072 0.347994 0.87939 0.338349 0.851756 0.375772
0 0.876291 0.336034 0.881457 0.342207 0.847107 0.375
0 0.888946 0.328704 0.884556 0.33912 0.854339 0.323688
0 0.884556 0.311343 0.887913 0.32446 0.860021 0.334491
0 0.88249 0.288194 0.883781 0.30054 0.847624 0.302469
0 0.854339 0.27662 0.846591 0.288966 0.874225 0.320988
0 0.850981 0.266975 0.842459 0.265818 0.842717 0.298611
0 0.874225 0.272377 0.871643 0.258102 0.845816 0.273534
0 0.764721 0.033951 0.759814 0.042824 0.793388 0.067515
0 0.777376 0.028549 0.784866 0.03125 0.778409 0.073688
0 0.767304 0.023148 0.764721 0.033951 0.792872 0.046296
0 0.747417 0.023148 0.743543 0.035108 0.775826 0.055556
0 0.786932 0.035108 0.792614 0.029321 0.804494 0.077546
0 0.817407 0.03858 0.810692 0.034336 0.807593 0.081404
0 0.789256 0.019676 0.786674 0.03125 0.822831 0.047454
0 0.809401 0.087963 0.805527 0.072917 0.778667 0.100309
0 0.816116 0.088735 0.816374 0.102623 0.778667 0.106481
0 0.822314 0.119985 0.814566 0.115741 0.804494 0.165123
0 0.83781 0.087191 0.830062 0.07716 0.801653 0.130401
0 0.817924 0.21142 0.81095 0.206404 0.830579 0.171682 0.817924 0.213349
0 0.813275 0.14892 0.806818 0.159336 0.837035 0.1875
0 0.832128 0.135031 0.8422 0.135031 0.835744 0.196373
0 0.86751 0.105324 0.865702 0.091049 0.829545 0.109182
0 0.869576 0.084491 0.86751 0.072917 0.836002 0.094907
0 0.87345 0.069444 0.871643 0.058256 0.840651 0.082562
0 0.858988 0.054398 0.860279 0.066744 0.820506 0.076775
0 0.852789 0.044367 0.844525 0.038966 0.831353 0.078318
0 0.843233 0.023148 0.840651 0.033179 0.871901 0.055556
0 0.834452 0.01929 0.830062 0.028549 0.857696 0.058256
0 0.826446 0.021605 0.821281 0.033179 0.854597 0.059799
0 0.815857 0.022377 0.811209 0.033951 0.843492 0.059028
0 0.849432 0.116898 0.856405 0.109182 0.870093 0.14429
0 0.875258 0.124614 0.87345 0.138117 0.8422 0.121142
0 0.869318 0.17091 0.872934 0.163194 0.844783 0.119985
0 0.87655 0.170139 0.875517 0.158179 0.840909 0.152006
0 0.873192 0.18287 0.878357 0.173997 0.840909 0.152006
0 0.875775 0.188657 0.868802 0.195988 0.840393 0.159336
0 0.878357 0.206404 0.86906 0.211806 0.864411 0.177469
0 0.864928 0.223765 0.856147 0.222994 0.860279 0.168981
0 0.866477 0.241512 0.866736 0.25463 0.822314 0.256559
0 0.884814 0.265818 0.879132 0.275463 0.854597 0.238812
0 0.883781 0.247299 0.877324 0.237269 0.856663 0.278164
0 0.868027 0.244213 0.873967 0.236883 0.840393 0.190586
0 0.88094 0.23534 0.877324 0.225694 0.840393 0.242284
0 0.881715 0.221836 0.876808 0.211806 0.837035 0.241127