0 0.607954 0.569830 0.009297 0.027006
0 0.573476 0.415895 0.014721 0.020062
0 0.587164 0.376157 0.016270 0.023919
0 0.648115 0.395448 0.017304 0.014661
0 0.697572 0.452353 0.011880 0.026620
0 0.527376 0.357254 0.020661 0.013889
0 0.333549 0.292052 0.015238 0.025463
0 0.378228 0.230324 0.018853 0.014660
0 0.433626 0.266590 0.011880 0.027006
0 0.489799 0.253472 0.023503 0.017747
0 0.524019 0.224537 0.022211 0.016976
0 0.478048 0.170524 0.021178 0.016975
0 0.416968 0.192130 0.014721 0.015432
0 0.550491 0.185185 0.019369 0.015432
0 0.618802 0.221258 0.018595 0.019676
0 0.582516 0.153164 0.019887 0.014661
0 0.604726 0.142361 0.015238 0.011574
0 0.350207 0.200617 0.015495 0.015432
0 0.297004 0.297453 0.012397 0.020833
0 0.321926 0.203704 0.019887 0.023148
0 0.319732 0.174575 0.008265 0.025077
0 0.341942 0.145062 0.019628 0.016975
0 0.632490 0.246528 0.011880 0.023920
0 0.679494 0.283179 0.017045 0.013888
0 0.699639 0.328125 0.013947 0.031250
0 0.679236 0.237461 0.017562 0.021219
0 0.660770 0.214120 0.018854 0.016203
0 0.651988 0.193672 0.017304 0.013889
0 0.669034 0.194251 0.012655 0.020447
0 0.692278 0.173997 0.017820 0.016204
0 0.733213 0.165895 0.007748 0.024692
0 0.519111 0.281057 0.008265 0.016589
0 0.752841 0.303820 0.011880 0.021219
0 0.748708 0.341050 0.010847 0.010803
0 0.738120 0.363330 0.011364 0.026042
0 0.775956 0.382523 0.015754 0.018904
0 0.807335 0.374421 0.009297 0.022763
0 0.832645 0.340471 0.011363 0.031250
0 0.797650 0.279128 0.016787 0.022762
0 0.822056 0.276427 0.012914 0.026620
0 0.829546 0.242670 0.010331 0.023920
0 0.811208 0.223187 0.010847 0.024306
0 0.794680 0.224152 0.009814 0.025463
0 0.792871 0.199846 0.014463 0.013889
0 0.773760 0.203125 0.009298 0.023534
0 0.736054 0.210263 0.017562 0.017747
0 0.752454 0.280478 0.021953 0.019290
0 0.772985 0.174961 0.013946 0.015818
0 0.818182 0.130401 0.008264 0.023148
0 0.661415 0.144869 0.007748 0.025849
0 0.659995 0.131173 0.015754 0.021605
0 0.637913 0.125000 0.021694 0.016976
0 0.681819 0.131558 0.014463 0.016203
0 0.695377 0.119598 0.015754 0.013889
0 0.738636 0.125000 0.019628 0.016976
0 0.465909 0.078704 0.017562 0.013117
0 0.524277 0.060764 0.015496 0.023534
0 0.565341 0.103105 0.009814 0.023341
0 0.572314 0.046971 0.011364 0.026813
0 0.562500 0.027295 0.016528 0.016783
0 0.603306 0.034722 0.010331 0.030093
0 0.651860 0.107060 0.020661 0.015818
0 0.626808 0.106578 0.019112 0.018326
0 0.620093 0.055266 0.010848 0.030285
0 0.488378 0.030285 0.018078 0.021219
0 0.472366 0.033275 0.013946 0.023341
0 0.428978 0.036555 0.010847 0.022956
0 0.423812 0.031057 0.010848 0.024306
0 0.451833 0.034916 0.016271 0.021219
0 0.455836 0.030478 0.012913 0.021605
0 0.453254 0.025078 0.011880 0.021605
0 0.435434 0.034336 0.009298 0.029321
0 0.760201 0.098669 0.010589 0.020640
0 0.749483 0.077932 0.016529 0.014661
0 0.716297 0.071760 0.021435 0.014661
0 0.753487 0.046490 0.019370 0.025077
0 0.729210 0.046490 0.014205 0.021219
0 0.704028 0.040123 0.018595 0.017747
0 0.686596 0.060186 0.024018 0.017747
0 0.661674 0.063851 0.011363 0.020448
0 0.660382 0.038580 0.010847 0.023920
0 0.639463 0.032986 0.018595 0.014274
0 0.627841 0.037809 0.008781 0.027006
0 0.632748 0.034336 0.013430 0.026235
0 0.812500 0.082465 0.015496 0.012924
0 0.806496 0.057292 0.011493 0.025077
0 0.797198 0.047550 0.016400 0.020255
0 0.848528 0.152392 0.016787 0.020062
0 0.837810 0.204958 0.009298 0.018711
0 0.838197 0.192709 0.010072 0.028163
0 0.855695 0.169946 0.015883 0.010416
0 0.864024 0.194058 0.015754 0.012345
0 0.873515 0.142361 0.013817 0.019290
0 0.864798 0.114969 0.013172 0.013889
0 0.852660 0.108025 0.009040 0.023919
0 0.870093 0.093557 0.005166 0.025849
0 0.874225 0.090085 0.009814 0.028935
0 0.725077 0.452064 0.005940 0.016783
0 0.840974 0.457754 0.011751 0.012731
0 0.862281 0.429495 0.009943 0.020255
0 0.861054 0.417438 0.016013 0.011574
0 0.871836 0.413291 0.015108 0.021798
0 0.866800 0.440104 0.013301 0.016010
0 0.870997 0.432098 0.015754 0.013117
0 0.867575 0.365548 0.016917 0.028936
0 0.870351 0.347415 0.009814 0.024306
0 0.879390 0.359568 0.008781 0.027778
0 0.846979 0.332947 0.011105 0.033179
0 0.846462 0.280285 0.011622 0.022763
0 0.872418 0.310956 0.018078 0.017747
0 0.867381 0.293403 0.019370 0.023534
0 0.874613 0.295236 0.016270 0.012925
0 0.769370 0.546296 0.014980 0.009259
0 0.809465 0.636284 0.015625 0.022955
0 0.842652 0.559125 0.012010 0.022569
0 0.822831 0.466532 0.009297 0.026427
0 0.848140 0.587770 0.003615 0.019676
0 0.857954 0.579765 0.011363 0.023341
0 0.870351 0.590856 0.019628 0.011189
0 0.874549 0.558835 0.019499 0.008874
0 0.868931 0.536266 0.015754 0.013889
0 0.881198 0.544175 0.007748 0.024305
0 0.869318 0.522955 0.017562 0.011188
0 0.877970 0.515721 0.014205 0.031443
0 0.858277 0.487268 0.018466 0.011575
0 0.869900 0.495177 0.021049 0.011959
0 0.870997 0.482832 0.019887 0.011188
0 0.870028 0.467785 0.020273 0.011959
0 0.876937 0.449460 0.019370 0.020062
0 0.757296 0.679977 0.018466 0.015818
0 0.704416 0.699074 0.009556 0.026235
0 0.751808 0.733796 0.019628 0.014661
0 0.756651 0.755980 0.019241 0.012732
0 0.764333 0.705247 0.012139 0.017747
0 0.793388 0.682678 0.017562 0.013503
0 0.790031 0.724827 0.007232 0.022955
0 0.815728 0.740741 0.009556 0.023920
0 0.837551 0.720293 0.011363 0.021605
0 0.811725 0.757620 0.010847 0.031057
0 0.708419 0.805845 0.011363 0.031828
0 0.751808 0.816068 0.014980 0.014467
0 0.791968 0.800540 0.020402 0.013889
0 0.820313 0.784915 0.018983 0.011960
0 0.850013 0.753665 0.007102 0.014274
0 0.852595 0.748167 0.011751 0.006751
0 0.855372 0.673997 0.009814 0.028550
0 0.861506 0.651813 0.016658 0.015818
0 0.869318 0.687886 0.019628 0.012346
0 0.879907 0.713348 0.013430 0.021605
0 0.878745 0.697724 0.012139 0.025077
0 0.881004 0.685571 0.015883 0.023920
0 0.880811 0.647280 0.009556 0.027584
0 0.835744 0.762925 0.008264 0.025077
0 0.851821 0.785108 0.003486 0.027778
0 0.875516 0.765722 0.011363 0.015239
0 0.871642 0.769290 0.021178 0.016204
0 0.871126 0.624228 0.015496 0.026234
0 0.874097 0.619695 0.020403 0.022570
0 0.873709 0.603974 0.020145 0.015046
0 0.610796 0.680555 0.019111 0.013889
0 0.659607 0.744309 0.014463 0.017554
0 0.644628 0.758295 0.021694 0.015818
0 0.588585 0.774112 0.020661 0.014275
0 0.528280 0.765046 0.015754 0.013889
0 0.553784 0.815104 0.013301 0.028742
0 0.571669 0.840663 0.013172 0.020061
0 0.607761 0.841435 0.020532 0.015432
0 0.624161 0.836613 0.013042 0.023534
0 0.634039 0.842399 0.017562 0.016589
0 0.630424 0.814140 0.017562 0.016783
0 0.640431 0.832176 0.016658 0.015432
0 0.657670 0.815007 0.021435 0.013503
0 0.685176 0.838349 0.013429 0.011574
0 0.688792 0.825135 0.010331 0.027971
0 0.680849 0.843268 0.012267 0.024112
0 0.751678 0.841243 0.013172 0.021991
0 0.767949 0.847029 0.018853 0.015046
0 0.784930 0.842882 0.012267 0.024884
0 0.800103 0.819155 0.007231 0.017168
0 0.809401 0.844426 0.021694 0.011767
0 0.801008 0.850502 0.012655 0.010417
0 0.828189 0.810571 0.018208 0.011574
0 0.829094 0.822531 0.005811 0.022377
0 0.824962 0.832658 0.013301 0.019098
0 0.843105 0.839121 0.014721 0.018518
0 0.836518 0.847608 0.010331 0.013888
0 0.824896 0.844232 0.019111 0.012924
0 0.845300 0.802083 0.014463 0.021605
0 0.865638 0.808642 0.012526 0.012346
0 0.866478 0.817805 0.006715 0.021798
0 0.872869 0.787134 0.014592 0.014853
0 0.874096 0.805556 0.016271 0.010031
0 0.869125 0.819058 0.018983 0.008487
0 0.862281 0.832562 0.012009 0.008488
0 0.865832 0.831790 0.016787 0.013889
0 0.856534 0.839120 0.016270 0.013118
0 0.356340 0.829476 0.007619 0.022377
0 0.373321 0.838734 0.015238 0.016204
0 0.413740 0.826196 0.015495 0.011960
0 0.468686 0.815007 0.018724 0.013503
0 0.502841 0.841242 0.014979 0.011960
0 0.491348 0.837577 0.012138 0.022377
0 0.443375 0.635803 0.018983 0.013889
0 0.307916 0.715663 0.013817 0.022377
0 0.300426 0.833044 0.022598 0.023726
0 0.238701 0.825232 0.014075 0.026234
0 0.244834 0.782311 0.020661 0.018325
0 0.200091 0.833430 0.017691 0.016011
0 0.211648 0.827932 0.021952 0.015432
0 0.155992 0.816358 0.013430 0.028550
0 0.126743 0.822048 0.022082 0.015625
0 0.115057 0.793885 0.013172 0.031829
0 0.135008 0.783950 0.018208 0.023919
0 0.195764 0.470486 0.019628 0.014274
0 0.127776 0.539738 0.016400 0.023149
0 0.109440 0.588927 0.010202 0.031250
0 0.115057 0.386092 0.010072 0.026813
0 0.136105 0.387346 0.012397 0.030093
0 0.181302 0.389564 0.009814 0.027199
0 0.176007 0.321084 0.008006 0.021798
0 0.225594 0.328318 0.012138 0.027006
0 0.253422 0.340953 0.019241 0.021026
0 0.252711 0.249036 0.008523 0.023533
0 0.179365 0.252604 0.015238 0.017168
0 0.143207 0.261767 0.011105 0.025848
0 0.119770 0.245563 0.008136 0.012732
0 0.293776 0.203029 0.012655 0.019869
0 0.307335 0.152585 0.018078 0.013503
0 0.388171 0.147280 0.017562 0.020254
0 0.309336 0.112268 0.018983 0.012345
0 0.295196 0.090857 0.020145 0.022762
0 0.237668 0.075810 0.017691 0.011960
0 0.215328 0.116705 0.012784 0.024306
0 0.211647 0.188175 0.013172 0.027971
0 0.163482 0.147087 0.018595 0.019483
0 0.141012 0.193287 0.011880 0.030864
0 0.129520 0.153935 0.008523 0.015432
0 0.159737 0.078318 0.023502 0.015432
0 0.184659 0.054206 0.018595 0.014275
0 0.139592 0.038194 0.015754 0.014661
0 0.141593 0.027584 0.019757 0.013503
0 0.162126 0.016107 0.018465 0.012924
0 0.208936 0.019291 0.009814 0.021605
0 0.228952 0.023052 0.016787 0.023727
0 0.252582 0.035687 0.010331 0.021991
0 0.313404 0.019387 0.018337 0.018711
0 0.326381 0.025849 0.011751 0.021605
0 0.350594 0.035783 0.011106 0.025270
0 0.354662 0.013600 0.012010 0.010996
0 0.873256 0.249036 0.009685 0.020447
0 0.870739 0.247878 0.009556 0.018133
0 0.868996 0.248360 0.021307 0.012925
0 0.872740 0.259838 0.016916 0.011188
0 0.873192 0.227913 0.015496 0.019869
0 0.873838 0.218461 0.014721 0.017168
0 0.867640 0.075135 0.008523 0.019097
0 0.863249 0.066647 0.008006 0.019869
0 0.865444 0.056231 0.009814 0.029128
0 0.858342 0.052276 0.009040 0.028164
0 0.840070 0.050733 0.010718 0.022762
0 0.850078 0.046200 0.010073 0.024498
0 0.829287 0.062886 0.012913 0.007716
0 0.823541 0.042246 0.016916 0.012731
0 0.816568 0.053916 0.014850 0.020640
0 0.815793 0.037712 0.014333 0.018326
