0 0.455127 0.428337 0.016142 0.015240
0 0.521114 0.399595 0.013559 0.022570
0 0.536674 0.396701 0.008265 0.021798
0 0.653861 0.368634 0.017692 0.013503
0 0.480501 0.515432 0.009556 0.023148
0 0.394628 0.522184 0.021178 0.017361
0 0.419551 0.562500 0.019369 0.013888
0 0.361376 0.579958 0.019241 0.005981
0 0.333032 0.442419 0.016788 0.026041
0 0.348270 0.619020 0.019369 0.015046
0 0.493931 0.615452 0.012138 0.026428
0 0.513236 0.585166 0.008652 0.024113
0 0.539385 0.519387 0.013172 0.025656
0 0.545454 0.631269 0.010331 0.029899
0 0.570118 0.585745 0.011105 0.029513
0 0.623127 0.549961 0.016142 0.013503
0 0.594008 0.648920 0.022211 0.016204
0 0.646242 0.557967 0.000903 0.029514
0 0.665225 0.331983 0.018725 0.013504
0 0.713714 0.188657 0.009039 0.023919
0 0.822314 0.320988 0.015496 0.023919
0 0.880811 0.345872 0.021436 0.012732
0 0.719783 0.565779 0.018078 0.015046
0 0.690083 0.587577 0.015496 0.023148
0 0.695765 0.608411 0.011363 0.024691
0 0.760912 0.603395 0.023115 0.018518
0 0.855501 0.551697 0.022986 0.015433
0 0.854404 0.515432 0.021049 0.017746
0 0.896177 0.507427 0.012397 0.034915
0 0.839876 0.447724 0.022211 0.018904
0 0.911932 0.449171 0.010330 0.027971
0 0.942794 0.420139 0.009555 0.031636
0 0.935951 0.474344 0.011363 0.022763
0 0.944732 0.535012 0.012397 0.026041
0 0.948218 0.556809 0.009040 0.025656
0 0.926007 0.636478 0.008523 0.020254
0 0.876162 0.616512 0.018336 0.015432
0 0.848979 0.624614 0.021565 0.014660
0 0.858083 0.602720 0.006973 0.020254
0 0.787255 0.639081 0.016142 0.014275
0 0.762332 0.639082 0.015625 0.016590
0 0.703577 0.638021 0.012010 0.026042
0 0.886364 0.674961 0.010331 0.020448
0 0.940083 0.705247 0.007231 0.023148
0 0.856598 0.699846 0.018207 0.014661
0 0.861312 0.754340 0.010848 0.027585
0 0.883071 0.793692 0.016400 0.018325
0 0.910253 0.799575 0.014204 0.036651
0 0.921875 0.856675 0.021952 0.013503
0 0.883071 0.850695 0.012010 0.033179
0 0.879907 0.820987 0.019112 0.013117
0 0.853241 0.794175 0.017175 0.013503
0 0.822314 0.793403 0.012914 0.015046
0 0.801007 0.795524 0.010072 0.029321
0 0.794486 0.738715 0.018466 0.016783
0 0.791128 0.763407 0.015883 0.019869
0 0.778990 0.709491 0.017691 0.016204
0 0.741542 0.741320 0.020273 0.016589
0 0.716297 0.711902 0.011621 0.026428
0 0.692924 0.738040 0.017562 0.013889
0 0.701704 0.680459 0.011363 0.018326
0 0.711002 0.803627 0.018595 0.013889
0 0.843492 0.832658 0.017045 0.016782
0 0.858406 0.848380 0.018983 0.014661
0 0.854146 0.859857 0.017433 0.016397
0 0.822314 0.844618 0.007748 0.026042
0 0.835873 0.853685 0.016788 0.021027
0 0.808303 0.860340 0.015108 0.015433
0 0.821927 0.864005 0.017821 0.015818
0 0.795261 0.863619 0.014334 0.015046
0 0.801137 0.864391 0.018078 0.013503
0 0.770790 0.858411 0.014205 0.023149
0 0.743801 0.855710 0.019111 0.015432
0 0.758522 0.860822 0.016529 0.022184
0 0.710421 0.821663 0.013558 0.021798
0 0.697185 0.828896 0.021953 0.013503
0 0.704803 0.858893 0.010331 0.024498
0 0.690858 0.857349 0.016529 0.026041
0 0.654572 0.815779 0.016787 0.014275
0 0.680010 0.780478 0.020145 0.016975
0 0.672779 0.857254 0.019112 0.013889
0 0.661544 0.850213 0.009039 0.027971
0 0.649148 0.861111 0.015754 0.022377
0 0.616090 0.857446 0.011106 0.025078
0 0.603951 0.862172 0.016787 0.020254
0 0.598528 0.820794 0.020919 0.017361
0 0.605178 0.767747 0.020015 0.016975
0 0.624419 0.758488 0.018724 0.023148
0 0.608148 0.712384 0.018466 0.028164
0 0.600335 0.743152 0.016787 0.014082
0 0.760072 0.698978 0.009814 0.022184
0 0.595946 0.701003 0.014721 0.028550
0 0.544615 0.677952 0.016658 0.010995
0 0.528797 0.654707 0.014721 0.013118
0 0.507102 0.643711 0.011622 0.031250
0 0.485860 0.685185 0.015883 0.015432
0 0.460743 0.665895 0.020661 0.019290
0 0.465974 0.634838 0.016400 0.017362
0 0.385072 0.643036 0.010331 0.026042
0 0.499483 0.722994 0.020661 0.018518
0 0.521953 0.723765 0.019111 0.015432
0 0.511622 0.748649 0.019628 0.013503
0 0.526472 0.755691 0.016787 0.014467
0 0.470687 0.783757 0.024018 0.014275
0 0.489864 0.787327 0.015625 0.019483
0 0.485924 0.843364 0.016787 0.015432
0 0.509750 0.831694 0.017175 0.019483
0 0.527118 0.813079 0.014463 0.019676
0 0.545842 0.809993 0.019370 0.012731
0 0.556818 0.841821 0.018079 0.014660
0 0.551976 0.843075 0.012268 0.023726
0 0.527247 0.852238 0.010072 0.023920
0 0.534608 0.860146 0.016529 0.008873
0 0.522857 0.865548 0.016787 0.012732
0 0.552751 0.859664 0.009685 0.017554
0 0.542291 0.864487 0.016142 0.018711
0 0.555204 0.869117 0.020015 0.017169
0 0.402312 0.755401 0.020016 0.019290
0 0.422520 0.761189 0.018078 0.001543
0 0.427041 0.790124 0.021952 0.015433
0 0.384685 0.810957 0.023502 0.016204
0 0.396435 0.815104 0.018595 0.014082
0 0.371126 0.775849 0.015496 0.011574
0 0.366090 0.799093 0.012138 0.029899
0 0.339295 0.800444 0.016658 0.017940
0 0.424457 0.830439 0.010072 0.025077
0 0.446604 0.849923 0.016400 0.013117
0 0.453448 0.857832 0.012009 0.021219
0 0.433884 0.860725 0.009814 0.023148
0 0.456741 0.869020 0.019370 0.013503
0 0.422262 0.855324 0.010847 0.026234
0 0.385072 0.851466 0.015496 0.014660
0 0.363895 0.847125 0.011880 0.023341
0 0.344008 0.848380 0.010331 0.023920
0 0.309595 0.819541 0.017175 0.022184
0 0.318634 0.771219 0.018982 0.016204
0 0.341038 0.687982 0.017821 0.017169
0 0.332451 0.651235 0.016142 0.015432
0 0.334259 0.709491 0.019241 0.020833
0 0.315470 0.735532 0.016788 0.019676
0 0.282089 0.744309 0.013559 0.029900
0 0.262074 0.745467 0.015883 0.018326
0 0.230501 0.709491 0.018337 0.014661
0 0.273244 0.692515 0.020145 0.015432
0 0.269499 0.653550 0.015754 0.012345
0 0.274599 0.625386 0.013559 0.025463
0 0.249032 0.627797 0.014076 0.014467
0 0.229339 0.643133 0.013946 0.012346
0 0.290096 0.856385 0.016141 0.017940
0 0.300878 0.866994 0.013946 0.018325
0 0.286092 0.871045 0.016141 0.014081
0 0.262267 0.830536 0.012139 0.029514
0 0.249096 0.768325 0.014205 0.010417
0 0.244577 0.753761 0.018078 0.026428
0 0.218039 0.779899 0.017175 0.012731
0 0.218362 0.802373 0.017820 0.016397
0 0.197572 0.731096 0.017562 0.007716
0 0.202221 0.699460 0.021694 0.016976
0 0.251485 0.860918 0.017175 0.022762
0 0.243995 0.866705 0.017433 0.015046
0 0.236312 0.866416 0.013430 0.019483
0 0.217329 0.859375 0.019369 0.015818
0 0.211260 0.850405 0.010847 0.029899
0 0.181818 0.859278 0.006715 0.018325
0 0.189566 0.855999 0.008781 0.026428
0 0.191245 0.864294 0.013688 0.022956
0 0.151860 0.827643 0.010847 0.026813
0 0.157800 0.841821 0.007747 0.025462
0 0.170067 0.853009 0.009039 0.023148
0 0.171875 0.853395 0.011106 0.029321
0 0.184530 0.628858 0.009040 0.027006
0 0.192278 0.625385 0.011622 0.020833
0 0.171294 0.670428 0.009944 0.021026
0 0.161739 0.659336 0.015625 0.016976
0 0.159607 0.642361 0.010847 0.015432
0 0.158058 0.639854 0.018078 0.017361
0 0.157412 0.615548 0.018337 0.015818
0 0.163288 0.707755 0.014592 0.015818
0 0.163158 0.711420 0.015367 0.017747
0 0.155927 0.703029 0.016400 0.023727
0 0.188404 0.769483 0.018336 0.010416
0 0.181560 0.786844 0.019112 0.020448
0 0.164644 0.740259 0.015754 0.016397
0 0.159091 0.729745 0.020661 0.014275
0 0.159672 0.749615 0.013559 0.009259
0 0.165031 0.758873 0.023244 0.010803
0 0.171358 0.773630 0.014205 0.019097
0 0.164127 0.769869 0.017304 0.011188
0 0.164579 0.788001 0.021307 0.008101
0 0.148954 0.757041 0.012784 0.020254
0 0.279829 0.578318 0.020403 0.014660
0 0.267498 0.544657 0.020015 0.018325
0 0.298554 0.493345 0.009814 0.029899
0 0.304752 0.444252 0.011880 0.008873
0 0.252841 0.463060 0.010330 0.031057
0 0.202738 0.496335 0.019628 0.014274
0 0.193569 0.528453 0.011622 0.032215
0 0.196087 0.581404 0.020274 0.016204
0 0.158251 0.547743 0.014851 0.020254
0 0.154894 0.570795 0.010201 0.024306
0 0.152957 0.554205 0.017174 0.020448
0 0.447379 0.321759 0.013817 0.030092
0 0.405669 0.321952 0.018724 0.016590
0 0.239152 0.417052 0.010847 0.027006
0 0.163482 0.474151 0.017045 0.012346
0 0.162642 0.478009 0.020532 0.014661
0 0.162319 0.411265 0.019886 0.013889
0 0.165935 0.375000 0.018337 0.010802
0 0.155087 0.351177 0.008523 0.027199
0 0.415677 0.264950 0.010589 0.027971
0 0.394176 0.236497 0.017691 0.013118
0 0.377324 0.223669 0.010847 0.020641
0 0.358600 0.193287 0.017820 0.015432
0 0.438016 0.169463 0.000517 0.024113
0 0.446862 0.119888 0.012268 0.023726
0 0.491994 0.140625 0.019112 0.011960
0 0.475401 0.155093 0.017433 0.016204
0 0.408639 0.067515 0.016400 0.015432
0 0.369964 0.094715 0.020402 0.015047
0 0.337487 0.086420 0.016658 0.010802
0 0.299458 0.096451 0.014205 0.011574
0 0.430591 0.012442 0.016399 0.014854
0 0.443440 0.017071 0.018078 0.016397
0 0.491994 0.011767 0.019112 0.013503
0 0.284220 0.250193 0.012138 0.018904
0 0.243543 0.260224 0.009814 0.026620
0 0.209129 0.282407 0.013301 0.020833
0 0.191891 0.254822 0.009815 0.025077
0 0.177557 0.247974 0.009556 0.029129
0 0.153151 0.244599 0.005682 0.018518
0 0.153280 0.210648 0.006456 0.013888
0 0.157154 0.206983 0.007490 0.020448
0 0.172521 0.207465 0.008265 0.024499
0 0.185434 0.199556 0.009814 0.024112
0 0.202673 0.228684 0.010718 0.024499
0 0.218750 0.215953 0.010330 0.028356
0 0.231276 0.228492 0.009556 0.027971
0 0.287965 0.175926 0.011364 0.009260
0 0.203900 0.149016 0.006457 0.020254
0 0.227402 0.107156 0.009556 0.028356
0 0.248450 0.080150 0.015496 0.028357
0 0.187113 0.127122 0.010589 0.024306
0 0.181302 0.118731 0.007748 0.025270
0 0.158574 0.117670 0.018078 0.019290
0 0.171100 0.072916 0.008523 0.022377
0 0.159478 0.083237 0.006973 0.022956
0 0.158962 0.072145 0.010072 0.020062
0 0.161480 0.180749 0.016142 0.009645
0 0.155604 0.181521 0.016270 0.013503
0 0.159672 0.168692 0.013559 0.014854
0 0.160446 0.158372 0.017691 0.015046
0 0.316955 0.049190 0.013817 0.017361
0 0.306948 0.056135 0.020403 0.013503
0 0.336002 0.017940 0.016529 0.019676
0 0.310563 0.017361 0.019886 0.015432
0 0.250194 0.024692 0.016916 0.010803
0 0.260782 0.016493 0.016142 0.021412
0 0.243091 0.017264 0.012784 0.012925
0 0.170971 0.040606 0.009297 0.023341
0 0.180914 0.033083 0.009556 0.022955
0 0.199251 0.041956 0.009040 0.026042
0 0.202415 0.037423 0.011492 0.028550
0 0.201575 0.034916 0.020403 0.013503
0 0.201381 0.019868 0.016142 0.010417
0 0.207193 0.031250 0.012009 0.027006
