0 0.395532 0.483699 0.013172 0.023727
0 0.477919 0.492284 0.012138 0.021605
0 0.493285 0.510320 0.021694 0.017168
0 0.479081 0.529996 0.009814 0.022184
0 0.530992 0.440490 0.010331 0.022955
0 0.489282 0.426794 0.014721 0.016010
0 0.565341 0.479263 0.009814 0.026427
0 0.605113 0.481867 0.014979 0.019290
0 0.609117 0.554977 0.016270 0.014274
0 0.538353 0.547936 0.014205 0.023342
0 0.614282 0.622203 0.020920 0.016782
0 0.652118 0.602334 0.010847 0.026041
0 0.689566 0.564044 0.018595 0.013889
0 0.709194 0.573496 0.009298 0.032793
0 0.664773 0.359954 0.019628 0.014661
0 0.423424 0.347801 0.010589 0.021220
0 0.344008 0.375193 0.010331 0.026620
0 0.346075 0.507620 0.009297 0.027199
0 0.281766 0.545428 0.018078 0.015239
0 0.377066 0.547840 0.023760 0.016203
0 0.394499 0.567516 0.014205 0.010803
0 0.344267 0.582561 0.017045 0.013889
0 0.309659 0.600791 0.010847 0.030285
0 0.332774 0.630401 0.022986 0.015432
0 0.390367 0.608796 0.015238 0.015432
0 0.422392 0.603009 0.021435 0.012346
0 0.481018 0.583141 0.018854 0.012731
0 0.454158 0.603009 0.024018 0.017747
0 0.482309 0.631559 0.019370 0.015432
0 0.402247 0.642457 0.018337 0.021026
0 0.356018 0.654128 0.020920 0.014274
0 0.376808 0.671779 0.018078 0.025270
0 0.683497 0.309993 0.019886 0.013503
0 0.625129 0.048225 0.019370 0.013889
0 0.564308 0.142940 0.018078 0.016590
0 0.481663 0.182099 0.020145 0.015432
0 0.505294 0.038773 0.021952 0.015046
0 0.492252 0.048033 0.012396 0.024306
0 0.473528 0.046875 0.018854 0.013504
0 0.406895 0.070891 0.020403 0.019097
0 0.383265 0.124229 0.018595 0.013889
0 0.454287 0.221258 0.008781 0.022762
0 0.418130 0.273341 0.011880 0.027392
0 0.397210 0.219907 0.018595 0.015432
0 0.286673 0.188272 0.013429 0.012345
0 0.279184 0.333140 0.009814 0.030478
0 0.309788 0.094522 0.018336 0.013889
0 0.367769 0.080632 0.019628 0.013889
0 0.374871 0.047261 0.012138 0.021219
0 0.348657 0.063272 0.020661 0.013117
0 0.360537 0.063658 0.019628 0.010803
0 0.363507 0.048515 0.013688 0.019097
0 0.272469 0.123071 0.010848 0.022377
0 0.313016 0.040316 0.014463 0.011960
0 0.283833 0.046489 0.018078 0.018133
0 0.310046 0.037423 0.015238 0.012346
0 0.303073 0.049961 0.018853 0.017361
0 0.270596 0.034723 0.010460 0.010031
0 0.796487 0.073495 0.021695 0.014275
0 0.753874 0.217207 0.019111 0.011574
0 0.752325 0.464602 0.010847 0.031057
0 0.746901 0.533372 0.021694 0.015818
0 0.927944 0.440393 0.006715 0.021991
0 0.905217 0.490548 0.007748 0.016589
0 0.926007 0.526234 0.022985 0.020061
0 0.941890 0.677083 0.009815 0.033951
0 0.924845 0.739101 0.012914 0.031058
0 0.873709 0.710841 0.016012 0.011188
0 0.863894 0.743055 0.017046 0.022377
0 0.836777 0.741512 0.018595 0.019290
0 0.801653 0.752508 0.017562 0.015818
0 0.779313 0.715471 0.018337 0.016590
0 0.778539 0.691937 0.016271 0.020447
0 0.806302 0.695216 0.014463 0.022377
0 0.799328 0.627122 0.012913 0.029707
0 0.847237 0.647377 0.021436 0.016203
0 0.856921 0.633391 0.009297 0.026042
0 0.887655 0.651910 0.012914 0.032986
0 0.875129 0.638311 0.017821 0.018133
0 0.750258 0.676311 0.010847 0.021605
0 0.719008 0.705054 0.010331 0.019676
0 0.677428 0.687114 0.020145 0.015432
0 0.694214 0.730999 0.014463 0.019868
0 0.672779 0.732060 0.013946 0.014274
0 0.633006 0.738619 0.017046 0.018904
0 0.596591 0.648052 0.011364 0.029899
0 0.585228 0.657793 0.010331 0.030865
0 0.521436 0.727720 0.021177 0.016782
0 0.511622 0.680459 0.012914 0.032215
0 0.521823 0.695216 0.016271 0.013118
0 0.582516 0.746914 0.021952 0.019290
0 0.943828 0.766783 0.008006 0.028164
0 0.925620 0.772955 0.009297 0.021991
0 0.863378 0.773727 0.012914 0.022763
0 0.928074 0.839892 0.013172 0.026235
0 0.917872 0.860339 0.012396 0.036265
0 0.901085 0.878087 0.013947 0.027007
0 0.874742 0.823495 0.010847 0.023534
0 0.842588 0.884259 0.015754 0.020833
0 0.821152 0.882909 0.011105 0.023534
0 0.798296 0.851466 0.019111 0.016976
0 0.760976 0.777778 0.017821 0.027006
0 0.738636 0.789159 0.014463 0.016589
0 0.707903 0.802276 0.011880 0.027392
0 0.738636 0.816358 0.021694 0.016204
0 0.808239 0.881945 0.017821 0.014660
0 0.797133 0.880208 0.015238 0.027392
0 0.773502 0.863040 0.014980 0.027778
0 0.759556 0.871914 0.017046 0.030092
0 0.778926 0.886767 0.019629 0.017362
0 0.763946 0.891010 0.016529 0.013503
0 0.741478 0.864005 0.012913 0.028935
0 0.735279 0.891204 0.016012 0.014661
0 0.696281 0.758680 0.010330 0.028935
0 0.612216 0.772377 0.018337 0.014661
0 0.694990 0.855903 0.011880 0.020448
0 0.672004 0.832947 0.010331 0.027778
0 0.697701 0.884067 0.012655 0.022763
0 0.688404 0.887345 0.004908 0.020833
0 0.671617 0.878858 0.011622 0.017746
0 0.659995 0.875579 0.013688 0.015046
0 0.672004 0.882330 0.010330 0.024692
0 0.662448 0.876736 0.012913 0.028164
0 0.631715 0.811343 0.021694 0.021605
0 0.632102 0.842978 0.017820 0.015432
0 0.641529 0.873457 0.015496 0.023920
0 0.647211 0.880787 0.016529 0.027778
0 0.582386 0.805555 0.020145 0.014661
0 0.602919 0.808642 0.018337 0.016204
0 0.603048 0.834877 0.018078 0.014661
0 0.594912 0.844908 0.019886 0.016203
0 0.574510 0.850694 0.020403 0.015432
0 0.565858 0.870370 0.020145 0.011574
0 0.574510 0.869213 0.012139 0.024691
0 0.588455 0.880015 0.013172 0.027778
0 0.615573 0.884066 0.018854 0.019676
0 0.616735 0.882138 0.015495 0.026620
0 0.632877 0.886189 0.014205 0.026235
0 0.536157 0.763503 0.020661 0.016976
0 0.520919 0.825425 0.013947 0.025849
0 0.517562 0.805555 0.024794 0.019291
0 0.512655 0.847029 0.012913 0.021219
0 0.539515 0.886381 0.013946 0.019676
0 0.396695 0.680941 0.010331 0.023149
0 0.448089 0.691358 0.018078 0.014660
0 0.497159 0.697917 0.014980 0.021605
0 0.488895 0.728781 0.020145 0.013889
0 0.469008 0.720679 0.015496 0.014660
0 0.440341 0.717979 0.020145 0.012345
0 0.439953 0.737847 0.018853 0.019676
0 0.387396 0.745949 0.012397 0.026620
0 0.494189 0.760803 0.024019 0.016203
0 0.511234 0.768904 0.020919 0.015432
0 0.506714 0.787616 0.016529 0.011960
0 0.470816 0.792439 0.016012 0.014660
0 0.486570 0.803627 0.019628 0.012345
0 0.443827 0.801697 0.024018 0.017747
0 0.503228 0.846451 0.018337 0.022377
0 0.501162 0.877315 0.014205 0.023920
0 0.483729 0.879437 0.009814 0.022763
0 0.463585 0.886574 0.014979 0.016204
0 0.464747 0.887924 0.015238 0.016589
0 0.453642 0.847801 0.018337 0.025848
0 0.434401 0.888889 0.015496 0.017746
0 0.433239 0.880209 0.017303 0.018133
0 0.420842 0.883488 0.015754 0.023920
0 0.396436 0.876543 0.018078 0.022377
0 0.379261 0.881945 0.016271 0.014661
0 0.366606 0.882524 0.018854 0.018133
0 0.375000 0.882716 0.011364 0.028550
0 0.373321 0.823881 0.014721 0.016590
0 0.351110 0.702739 0.016271 0.019676
0 0.320506 0.694058 0.013946 0.029321
0 0.297004 0.669367 0.012396 0.026234
0 0.270726 0.676311 0.017433 0.016975
0 0.272792 0.716435 0.020532 0.018518
0 0.316633 0.728009 0.018595 0.009259
0 0.297262 0.735340 0.023244 0.017747
0 0.337293 0.817708 0.022728 0.021219
0 0.356663 0.886767 0.012914 0.017362
0 0.337035 0.881752 0.018078 0.018133
0 0.334840 0.893132 0.017304 0.013889
0 0.300878 0.886575 0.008781 0.017747
0 0.297004 0.834491 0.012396 0.027778
0 0.266917 0.832947 0.015238 0.024691
0 0.260976 0.795332 0.019886 0.015046
0 0.267562 0.841821 0.010330 0.027006
0 0.262332 0.761478 0.018983 0.015625
0 0.246384 0.756173 0.023761 0.017747
0 0.230178 0.734182 0.015108 0.012346
0 0.231211 0.728009 0.019241 0.015432
0 0.226757 0.707947 0.018595 0.016975
0 0.197572 0.757330 0.016012 0.015432
0 0.203125 0.786651 0.014721 0.027778
0 0.206353 0.601466 0.016012 0.012346
0 0.216297 0.573303 0.020403 0.014661
0 0.155734 0.641204 0.011881 0.023920
0 0.168130 0.679013 0.021178 0.022376
0 0.166064 0.558256 0.016013 0.018519
0 0.238119 0.874228 0.012397 0.025463
0 0.227015 0.835455 0.014979 0.032022
0 0.222172 0.882909 0.013559 0.021991
0 0.212810 0.881366 0.007232 0.023534
0 0.201188 0.882330 0.008781 0.023148
0 0.159479 0.722801 0.013172 0.027392
0 0.154701 0.746720 0.019112 0.016590
0 0.160447 0.762925 0.019758 0.018133
0 0.188533 0.823014 0.011364 0.027585
0 0.246771 0.508294 0.012139 0.029707
0 0.244318 0.445891 0.010330 0.025270
0 0.204804 0.395641 0.012914 0.032021
0 0.216942 0.353588 0.009298 0.026620
0 0.186079 0.333912 0.017820 0.018132
0 0.172973 0.338156 0.013817 0.018132
0 0.174910 0.362462 0.012526 0.034336
0 0.168647 0.361304 0.017045 0.020448
0 0.153796 0.362847 0.008006 0.014275
0 0.157154 0.329861 0.011622 0.017746
0 0.155604 0.400656 0.015755 0.019676
0 0.166581 0.411459 0.020145 0.016589
0 0.164902 0.444541 0.015754 0.016011
0 0.158703 0.468750 0.018853 0.014660
0 0.187371 0.527681 0.016270 0.022570
0 0.181560 0.509452 0.011880 0.018133
0 0.155346 0.560281 0.015238 0.026813
0 0.156250 0.538098 0.018078 0.014854
0 0.246126 0.286266 0.010848 0.027778
0 0.238637 0.260224 0.011363 0.028163
0 0.222882 0.237172 0.009814 0.028356
0 0.171229 0.268132 0.016012 0.013117
0 0.154055 0.278743 0.007489 0.017361
0 0.156767 0.253086 0.010847 0.023148
0 0.167097 0.235243 0.016013 0.021412
0 0.205578 0.172068 0.009297 0.020062
0 0.161544 0.190393 0.012138 0.012731
0 0.225982 0.110243 0.008781 0.025270
0 0.231276 0.057099 0.011106 0.027006
0 0.209711 0.059414 0.010331 0.023920
0 0.201188 0.072242 0.008781 0.031057
0 0.169550 0.125000 0.008523 0.021604
0 0.157284 0.141204 0.008781 0.023148
0 0.160512 0.133874 0.011105 0.023920
0 0.164644 0.125000 0.019369 0.015432
0 0.162061 0.116898 0.016270 0.014660
0 0.168905 0.078221 0.008264 0.019869
0 0.181302 0.076292 0.009297 0.023727
0 0.186208 0.071856 0.008781 0.028742
0 0.178977 0.065587 0.011880 0.023920
0 0.197830 0.062403 0.009297 0.028356
0 0.196797 0.046489 0.007232 0.011960
0 0.182593 0.052276 0.010848 0.031250
0 0.163158 0.778357 0.018983 0.009645
0 0.161544 0.795524 0.016270 0.010031
0 0.163352 0.806906 0.015754 0.011960
0 0.160059 0.811728 0.018466 0.011574
0 0.161286 0.821856 0.018853 0.020641
0 0.152699 0.782600 0.013559 0.015046
0 0.159414 0.842303 0.015625 0.020640
0 0.159608 0.856675 0.008781 0.026620
0 0.156896 0.849537 0.019370 0.018518
0 0.175233 0.841918 0.006973 0.023727
0 0.190341 0.862751 0.005165 0.022184
0 0.195377 0.877990 0.016788 0.016396
0 0.192665 0.877314 0.008265 0.029321
0 0.181302 0.872395 0.010331 0.026813
0 0.166968 0.864391 0.005940 0.018904
0 0.171875 0.867187 0.008006 0.022570
0 0.184143 0.883488 0.007748 0.023149
0 0.167807 0.884838 0.016400 0.014274
