0 0.182787 0.257427 0.012267 0.031443
0 0.353177 0.259163 0.011105 0.022183
0 0.377325 0.106192 0.019112 0.025656
0 0.350852 0.039641 0.019370 0.016011
0 0.392304 0.038098 0.007748 0.018326
0 0.451640 0.095872 0.017175 0.014274
0 0.458097 0.202740 0.013817 0.009645
0 0.413223 0.329475 0.017045 0.010803
0 0.353564 0.372588 0.007748 0.019483
0 0.300103 0.437114 0.013946 0.015432
0 0.241348 0.334877 0.015238 0.011574
0 0.217007 0.289834 0.014851 0.016397
0 0.154701 0.169560 0.005165 0.026620
0 0.183561 0.170428 0.014591 0.010610
0 0.203771 0.169174 0.007748 0.023534
0 0.187306 0.149499 0.014850 0.009645
0 0.123451 0.128665 0.019112 0.019676
0 0.115444 0.149691 0.009298 0.027007
0 0.117381 0.193288 0.010588 0.029321
0 0.125775 0.109375 0.003616 0.006558
0 0.117058 0.084490 0.012526 0.017747
0 0.122288 0.075328 0.009039 0.025656
0 0.125711 0.055652 0.015883 0.016011
0 0.146048 0.047453 0.017820 0.010031
0 0.138818 0.070698 0.008523 0.020254
0 0.151472 0.102045 0.006456 0.022762
0 0.172198 0.114776 0.018466 0.011960
0 0.148114 0.139467 0.014204 0.012731
0 0.190858 0.142747 0.018078 0.011574
0 0.201511 0.117284 0.018724 0.010802
0 0.169034 0.097897 0.015238 0.016397
0 0.174909 0.085359 0.012267 0.008680
0 0.167937 0.072916 0.014850 0.010031
0 0.403022 0.529128 0.007490 0.025849
0 0.379972 0.651620 0.025439 0.018519
0 0.212552 0.155285 0.013946 0.013503
0 0.309853 0.618249 0.014592 0.024306
0 0.172456 0.053723 0.009685 0.026428
0 0.183174 0.033758 0.017175 0.013503
0 0.567343 0.491320 0.018725 0.014275
0 0.532928 0.658854 0.012655 0.032986
0 0.182722 0.050154 0.008522 0.019290
0 0.267369 0.668596 0.023889 0.017747
0 0.209001 0.048997 0.011235 0.019290
0 0.579740 0.431424 0.019241 0.019483
0 0.212810 0.043499 0.010330 0.027585
0 0.583484 0.584491 0.017691 0.013117
0 0.228435 0.063368 0.017820 0.022569
0 0.557012 0.721450 0.026214 0.017747
0 0.244770 0.032890 0.016141 0.014082
0 0.248580 0.040509 0.011105 0.019290
0 0.411415 0.691069 0.012397 0.032600
0 0.256586 0.053723 0.014205 0.026428
0 0.383845 0.704668 0.019757 0.019676
0 0.273115 0.047936 0.009556 0.026427
0 0.360020 0.725309 0.020661 0.016975
0 0.249613 0.617476 0.020403 0.021219
0 0.262203 0.064043 0.016141 0.018518
0 0.285189 0.062307 0.014592 0.026621
0 0.240379 0.654707 0.019499 0.018518
0 0.121255 0.249807 0.020920 0.013503
0 0.210679 0.158179 0.019499 0.016204
0 0.478306 0.354649 0.010331 0.014468
0 0.120868 0.248071 0.021178 0.020834
0 0.425878 0.038870 0.010330 0.026041
0 0.137785 0.304977 0.022469 0.016590
0 0.167420 0.355614 0.022340 0.022955
0 0.418969 0.039255 0.013817 0.020641
0 0.144370 0.328318 0.011880 0.031636
0 0.430592 0.050637 0.011234 0.020255
0 0.133975 0.341724 0.014850 0.026813
0 0.487345 0.037423 0.018078 0.015432
0 0.155346 0.410880 0.019370 0.024692
0 0.490638 0.060378 0.008136 0.022763
0 0.135847 0.440298 0.017045 0.023341
0 0.506908 0.031828 0.017433 0.013503
0 0.117123 0.296585 0.016270 0.024499
0 0.112668 0.321759 0.015625 0.030864
0 0.108406 0.348573 0.015367 0.035108
0 0.133136 0.386477 0.010589 0.032215
0 0.114734 0.382330 0.015108 0.030865
0 0.109762 0.398051 0.012397 0.032214
0 0.105243 0.458912 0.011622 0.028163
0 0.118027 0.463831 0.012396 0.034915
0 0.149664 0.478684 0.011622 0.029129
0 0.178590 0.459973 0.009556 0.020255
0 0.194151 0.481578 0.019499 0.019869
0 0.186208 0.504244 0.020145 0.018518
0 0.216426 0.499614 0.021178 0.018518
0 0.175943 0.580054 0.026472 0.021990
0 0.127841 0.543596 0.013946 0.034722
0 0.113120 0.557774 0.011880 0.032214
0 0.127647 0.563657 0.018208 0.019290
0 0.142950 0.600309 0.014721 0.030864
0 0.162448 0.613619 0.007748 0.025077
0 0.222494 0.634066 0.014721 0.014275
0 0.206612 0.639082 0.011363 0.028936
0 0.338068 0.744984 0.013946 0.028550
0 0.161673 0.740838 0.012397 0.035301
0 0.171164 0.678241 0.023115 0.019290
0 0.161673 0.649112 0.022727 0.017361
0 0.136751 0.621721 0.022469 0.015818
0 0.137010 0.653935 0.011105 0.030864
0 0.126420 0.655189 0.010073 0.026428
0 0.119705 0.673996 0.016787 0.021605
0 0.105179 0.673997 0.013559 0.028550
0 0.105501 0.635610 0.009556 0.024305
0 0.104016 0.597511 0.009168 0.026813
0 0.125129 0.626833 0.011105 0.019097
0 0.106728 0.569252 0.009427 0.032022
0 0.126420 0.733893 0.014721 0.031829
0 0.108987 0.746817 0.012913 0.038387
0 0.106922 0.787230 0.012397 0.041280
0 0.103306 0.828511 0.007748 0.025077
0 0.107568 0.864873 0.014721 0.032986
0 0.128616 0.844425 0.022727 0.022184
0 0.138107 0.868248 0.024148 0.020447
0 0.198412 0.764178 0.023115 0.017168
0 0.147340 0.781346 0.018853 0.024112
0 0.181818 0.799576 0.017045 0.021991
0 0.136363 0.792245 0.020661 0.018132
0 0.119447 0.791570 0.016270 0.029128
0 0.151020 0.828125 0.017949 0.017362
0 0.163094 0.838349 0.016270 0.018518
0 0.172585 0.851080 0.016142 0.031635
0 0.213391 0.777971 0.022340 0.022762
0 0.250000 0.777971 0.021178 0.017361
0 0.239023 0.766493 0.009039 0.014082
0 0.269370 0.815105 0.014980 0.019483
0 0.286867 0.816744 0.019499 0.013889
0 0.218620 0.833526 0.022469 0.028164
0 0.213972 0.796586 0.027118 0.017554
0 0.232245 0.836419 0.021307 0.018519
0 0.270726 0.849248 0.023890 0.017554
0 0.258393 0.860726 0.020403 0.024691
0 0.242316 0.923804 0.013042 0.034336
0 0.265044 0.889564 0.019757 0.020640
0 0.266271 0.922068 0.025310 0.016976
0 0.293517 0.914641 0.014205 0.036458
0 0.308303 0.936535 0.020016 0.021219
0 0.342523 0.936342 0.019757 0.016203
0 0.243221 0.874903 0.013559 0.026428
0 0.232955 0.895061 0.022727 0.017747
0 0.207064 0.937210 0.021565 0.014467
0 0.168001 0.806038 0.011622 0.029900
0 0.183044 0.877026 0.019499 0.029129
0 0.205708 0.892554 0.022469 0.021220
0 0.170067 0.938368 0.022985 0.016011
0 0.152569 0.936149 0.027247 0.016589
0 0.139915 0.927083 0.027763 0.027778
0 0.145596 0.887732 0.024665 0.018519
0 0.143272 0.905768 0.020016 0.017169
0 0.195893 0.886767 0.026601 0.020448
0 0.203060 0.901909 0.021823 0.023727
0 0.156250 0.927180 0.026342 0.019097
0 0.114798 0.894580 0.012655 0.032601
0 0.372805 0.797454 0.027117 0.019290
0 0.399600 0.830440 0.021824 0.016590
0 0.377777 0.885320 0.015883 0.033372
0 0.386041 0.904899 0.021823 0.017361
0 0.393983 0.921296 0.010589 0.028550
0 0.435886 0.861979 0.018982 0.019097
0 0.425878 0.917631 0.012914 0.034336
0 0.420068 0.924961 0.010589 0.028164
0 0.471656 0.868827 0.028021 0.017747
0 0.503486 0.930942 0.026601 0.021605
0 0.514398 0.913677 0.020016 0.029900
0 0.515238 0.807967 0.014463 0.026428
0 0.487151 0.784722 0.024406 0.018518
0 0.475530 0.744792 0.022340 0.019676
0 0.543582 0.768711 0.024148 0.021991
0 0.600852 0.737461 0.026601 0.022763
0 0.635331 0.687307 0.011881 0.028164
0 0.604404 0.788194 0.018208 0.023920
0 0.578835 0.916570 0.020274 0.029514
0 0.643208 0.832658 0.022985 0.022956
0 0.627970 0.877604 0.013688 0.031829
0 0.612668 0.917631 0.018207 0.027392
0 0.624225 0.926505 0.018078 0.025077
0 0.639850 0.929591 0.020919 0.015818
0 0.662448 0.871239 0.012913 0.032215
0 0.634104 0.649402 0.015108 0.022956
0 0.668324 0.651814 0.021048 0.014275
0 0.650697 0.589217 0.017304 0.019483
0 0.765755 0.681906 0.018595 0.021219
0 0.820183 0.684414 0.024406 0.019290
0 0.737087 0.725984 0.019112 0.019483
0 0.773243 0.734760 0.018595 0.017361
0 0.732696 0.757233 0.016529 0.023727
0 0.726239 0.785494 0.012913 0.030864
0 0.723593 0.858700 0.013559 0.035686
0 0.677040 0.855807 0.013688 0.036073
0 0.740832 0.834298 0.022986 0.019676
0 0.769370 0.841435 0.021177 0.019290
0 0.796875 0.801601 0.013688 0.028742
0 0.824186 0.799190 0.017691 0.015818
0 0.836906 0.758006 0.011106 0.032601
0 0.808885 0.734954 0.012913 0.022376
0 0.812500 0.624518 0.011880 0.028743
0 0.730824 0.927662 0.023890 0.015818
0 0.747934 0.916763 0.020661 0.026814
0 0.772146 0.923033 0.017432 0.025077
0 0.759297 0.910494 0.012913 0.030864
0 0.866090 0.818287 0.018853 0.012346
0 0.881651 0.713542 0.013559 0.040509
0 0.876420 0.671200 0.011105 0.029899
0 0.870868 0.604649 0.011880 0.035686
0 0.843104 0.650270 0.013171 0.030478
0 0.900310 0.824942 0.011880 0.030671
0 0.931560 0.833333 0.012914 0.033951
0 0.942342 0.794078 0.024406 0.019097
0 0.939372 0.778164 0.023631 0.020833
0 0.949251 0.718943 0.012139 0.022762
0 0.938920 0.713928 0.019370 0.021991
0 0.942859 0.677469 0.019757 0.012346
0 0.943956 0.655093 0.016529 0.018519
0 0.944215 0.853395 0.025310 0.020833
0 0.934852 0.876157 0.025439 0.018519
0 0.933497 0.902585 0.024535 0.020448
0 0.895467 0.897666 0.015108 0.026427
0 0.893595 0.907311 0.012396 0.038774
0 0.874483 0.911169 0.016529 0.029514
0 0.838456 0.896798 0.022469 0.017361
0 0.714166 0.560571 0.021823 0.020062
0 0.748451 0.534144 0.012397 0.027392
0 0.711777 0.510996 0.022211 0.018904
0 0.655475 0.488136 0.024793 0.016397
0 0.664385 0.426119 0.011622 0.028164
0 0.679494 0.451678 0.011364 0.035687
0 0.700349 0.453993 0.020016 0.020254
0 0.711067 0.467592 0.017691 0.016203
0 0.757037 0.427566 0.020015 0.027199
0 0.744964 0.365934 0.018336 0.031250
0 0.657477 0.367669 0.021565 0.018519
0 0.804235 0.358990 0.012913 0.036651
0 0.786867 0.397184 0.019499 0.015818
0 0.847236 0.371528 0.022469 0.017747
0 0.834711 0.410880 0.013946 0.023920
0 0.872030 0.411458 0.011622 0.031250
0 0.857180 0.444058 0.014463 0.021605
0 0.842588 0.478974 0.014204 0.028163
0 0.809336 0.526138 0.012784 0.029514
0 0.831611 0.442419 0.011363 0.029128
0 0.791774 0.478877 0.010718 0.026813
0 0.781573 0.531635 0.011493 0.028549
0 0.762009 0.520254 0.018337 0.018904
0 0.758974 0.503858 0.013301 0.024691
0 0.836647 0.543017 0.014205 0.034336
0 0.812435 0.555362 0.028280 0.020447
0 0.875904 0.523920 0.017304 0.043982
0 0.871772 0.553434 0.018337 0.015047
0 0.934142 0.539062 0.023243 0.021026
0 0.931043 0.619888 0.011880 0.035686
0 0.869060 0.495660 0.012914 0.028743
0 0.907670 0.471258 0.020919 0.015818
0 0.891464 0.443770 0.015366 0.035301
0 0.910640 0.345968 0.018595 0.028357
0 0.942924 0.454958 0.018595 0.029129
0 0.939825 0.425154 0.012913 0.033951
0 0.943182 0.412230 0.014463 0.021220
0 0.943052 0.480324 0.014721 0.030864
0 0.948992 0.529610 0.011105 0.032600
0 0.916645 0.533083 0.017949 0.029514
0 0.896823 0.496142 0.011622 0.030864
0 0.938727 0.502507 0.017691 0.021991
0 0.926911 0.472705 0.016529 0.029513
0 0.941762 0.381848 0.016271 0.030285
0 0.880100 0.104649 0.013559 0.035686
0 0.887655 0.138792 0.013430 0.035301
0 0.930656 0.214699 0.022985 0.015818
0 0.898309 0.206501 0.019499 0.026427
0 0.934659 0.231868 0.024794 0.018519
0 0.942020 0.343075 0.014721 0.029900
0 0.916258 0.307967 0.022340 0.021026
0 0.893207 0.303241 0.010589 0.033179
0 0.873192 0.323881 0.008265 0.025849
0 0.896177 0.273149 0.016529 0.013117
0 0.834323 0.262249 0.010589 0.032215
0 0.768724 0.294849 0.012138 0.035301
0 0.746190 0.321084 0.011493 0.031828
0 0.718363 0.331694 0.010073 0.029899
0 0.747676 0.219714 0.022728 0.015817
0 0.717910 0.209683 0.021049 0.018133
0 0.717071 0.161266 0.020920 0.016975
0 0.706225 0.131751 0.022469 0.017361
0 0.693118 0.081501 0.015883 0.021026
0 0.739476 0.080247 0.023890 0.018518
0 0.791581 0.092206 0.017046 0.021605
0 0.855501 0.134838 0.022469 0.015046
0 0.824510 0.227817 0.014721 0.028164
0 0.848980 0.212192 0.025181 0.018519
0 0.873579 0.211999 0.015755 0.028164
0 0.855565 0.266589 0.011751 0.027778
0 0.928719 0.184993 0.024794 0.021991
0 0.933303 0.173129 0.015625 0.019483
0 0.928331 0.136960 0.020920 0.019290
0 0.917613 0.133970 0.016529 0.029128
0 0.921552 0.102141 0.024664 0.017168
0 0.921423 0.075810 0.030088 0.020448
0 0.913610 0.052083 0.018337 0.018519
0 0.899729 0.036844 0.023890 0.019676
0 0.856534 0.085069 0.016270 0.021219
0 0.880294 0.041956 0.022469 0.019869
0 0.869318 0.038291 0.022211 0.026428
0 0.846204 0.035880 0.014205 0.027006
0 0.831160 0.055942 0.019499 0.016203
0 0.812887 0.040992 0.012655 0.026427
0 0.808755 0.051794 0.012138 0.023341
0 0.798102 0.040606 0.019499 0.022569
0 0.757942 0.037616 0.015883 0.028164
0 0.735279 0.039159 0.023244 0.015818
0 0.667808 0.184993 0.023631 0.016589
0 0.669486 0.300733 0.016142 0.015818
0 0.631586 0.328607 0.018337 0.025656
0 0.611183 0.183931 0.015238 0.039159
0 0.598980 0.119405 0.021823 0.021219
0 0.630875 0.133487 0.019499 0.013889
0 0.660124 0.116706 0.021178 0.021219
0 0.622159 0.096740 0.012396 0.029128
0 0.665483 0.056327 0.028022 0.020062
0 0.662642 0.043210 0.025180 0.018518
0 0.635911 0.043982 0.020016 0.014661
0 0.635201 0.027585 0.021436 0.013503
0 0.584130 0.037712 0.024406 0.019869
0 0.577996 0.054784 0.019112 0.020833
0 0.577802 0.027006 0.015883 0.014660
0 0.553654 0.030671 0.021823 0.019676
0 0.509814 0.054591 0.024794 0.021991
0 0.505424 0.026910 0.022211 0.019869
0 0.488443 0.034722 0.023631 0.019290
0 0.490573 0.061825 0.011105 0.029514
0 0.426911 0.039738 0.017046 0.033179
0 0.422068 0.039738 0.017433 0.020833
0 0.476756 0.353781 0.014979 0.022377
0 0.286092 0.058931 0.013300 0.026813
0 0.274406 0.048611 0.011106 0.034722
0 0.256134 0.056423 0.009943 0.032600
0 0.241800 0.037230 0.022081 0.018904
0 0.227595 0.063079 0.020016 0.028163
0 0.212229 0.043981 0.011751 0.030864
0 0.185886 0.034433 0.021565 0.014854
0 0.182723 0.051794 0.010589 0.032600
0 0.172198 0.056520 0.011751 0.034336
0 0.167355 0.074074 0.020145 0.014661
0 0.620029 0.493827 0.025181 0.023148
0 0.622418 0.364198 0.021178 0.024691
