0 0.398954 0.473669 0.009684 0.024499
0 0.459646 0.505401 0.018724 0.023148
0 0.503357 0.510995 0.019111 0.016589
0 0.475659 0.556038 0.014592 0.024884
0 0.390754 0.616801 0.010847 0.026428
0 0.616671 0.530189 0.015108 0.022184
0 0.597172 0.431520 0.013559 0.018904
0 0.408897 0.270448 0.020274 0.016203
0 0.488443 0.314622 0.016917 0.012732
0 0.552880 0.375772 0.014333 0.018518
0 0.564954 0.327546 0.019370 0.015432
0 0.581289 0.377026 0.011492 0.019869
0 0.605953 0.387346 0.019498 0.013889
0 0.604339 0.350695 0.010330 0.020833
0 0.605113 0.288195 0.012913 0.009259
0 0.587616 0.254823 0.016400 0.014275
0 0.658833 0.279224 0.007748 0.016783
0 0.663094 0.263406 0.017820 0.015239
0 0.689824 0.247107 0.017562 0.013503
0 0.674780 0.231675 0.024406 0.017361
0 0.608729 0.185378 0.021178 0.016590
0 0.542678 0.223380 0.016916 0.015432
0 0.477143 0.222029 0.018853 0.018133
0 0.493802 0.203897 0.023244 0.015818
0 0.527441 0.115548 0.024406 0.015818
0 0.599948 0.067709 0.017562 0.012731
0 0.674070 0.074460 0.009297 0.026235
0 0.673748 0.061728 0.016400 0.018519
0 0.469718 0.058064 0.026730 0.017361
0 0.441955 0.067709 0.019240 0.002701
0 0.446087 0.106482 0.020274 0.015432
0 0.431625 0.115933 0.018983 0.014275
0 0.335808 0.092785 0.020274 0.014275
0 0.429881 0.091242 0.017303 0.015046
0 0.410382 0.061535 0.019112 0.013503
0 0.369125 0.064815 0.018983 0.016204
0 0.384491 0.057774 0.018466 0.018326
0 0.345751 0.647859 0.023631 0.019483
0 0.317536 0.595968 0.012138 0.025655
0 0.231664 0.539352 0.014979 0.032408
0 0.209969 0.531346 0.013946 0.021412
0 0.215522 0.623360 0.016787 0.033758
0 0.299587 0.697724 0.011364 0.028935
0 0.181754 0.731385 0.023115 0.024884
0 0.339360 0.457272 0.015495 0.036844
0 0.287061 0.091146 0.010072 0.028742
0 0.307528 0.058256 0.019241 0.011574
0 0.271694 0.067130 0.019628 0.020061
0 0.230178 0.064526 0.016916 0.017940
0 0.247869 0.065490 0.012526 0.027585
0 0.184788 0.064525 0.015754 0.021026
0 0.219008 0.126929 0.024277 0.021604
0 0.140883 0.079186 0.010589 0.034143
0 0.144887 0.094425 0.012913 0.026428
0 0.134491 0.133295 0.017432 0.015818
0 0.123579 0.160783 0.012138 0.021412
0 0.136299 0.207273 0.016917 0.019869
0 0.117252 0.211323 0.019111 0.022184
0 0.118091 0.237268 0.019241 0.016203
0 0.116348 0.266879 0.013172 0.034529
0 0.150116 0.262732 0.014850 0.023919
0 0.175233 0.278356 0.011105 0.027392
0 0.132877 0.322917 0.016787 0.027006
0 0.111828 0.316165 0.010847 0.024306
0 0.118156 0.362076 0.022469 0.023534
0 0.115445 0.389275 0.018595 0.021605
0 0.107890 0.402006 0.012784 0.030864
0 0.153668 0.365451 0.010331 0.029514
0 0.119577 0.442130 0.012397 0.030093
0 0.116219 0.461612 0.021178 0.020447
0 0.103499 0.466531 0.013817 0.028743
0 0.115380 0.497878 0.020015 0.022762
0 0.166710 0.435571 0.024535 0.027006
0 0.155798 0.417824 0.024406 0.022376
0 0.154442 0.464024 0.014980 0.037616
0 0.149018 0.524305 0.016529 0.031636
0 0.112087 0.537037 0.025310 0.019290
0 0.113830 0.520061 0.025697 0.022377
0 0.200284 0.323881 0.016788 0.032793
0 0.226110 0.259356 0.015237 0.033372
0 0.231469 0.252122 0.024922 0.027392
0 0.201833 0.200811 0.018337 0.032793
0 0.226110 0.171682 0.015237 0.027006
0 0.295713 0.067805 0.017045 0.025270
0 0.715263 0.072916 0.015754 0.033951
0 0.780604 0.076389 0.018337 0.030093
0 0.818246 0.061150 0.019757 0.021219
0 0.850400 0.080054 0.024406 0.022762
0 0.914644 0.089506 0.017821 0.017747
0 0.821152 0.118635 0.021436 0.025077
0 0.867381 0.163484 0.017820 0.030285
0 0.914709 0.143326 0.021307 0.019676
0 0.919357 0.157697 0.013558 0.024885
0 0.827738 0.141396 0.027892 0.028935
0 0.790806 0.193480 0.011880 0.024306
0 0.785318 0.228684 0.020274 0.030285
0 0.756005 0.229359 0.018466 0.016589
0 0.785253 0.276234 0.021952 0.020061
0 0.817794 0.243538 0.018337 0.032215
0 0.836518 0.225308 0.016012 0.028549
0 0.867640 0.217110 0.010073 0.028357
0 0.893207 0.215471 0.018337 0.018133
0 0.870222 0.190779 0.015238 0.020448
0 0.912707 0.190972 0.010331 0.015432
0 0.915612 0.202932 0.017950 0.016204
0 0.926201 0.226852 0.013301 0.020062
0 0.918453 0.204765 0.011235 0.026814
0 0.927428 0.245756 0.010847 0.027778
0 0.922004 0.260609 0.014980 0.025849
0 0.917161 0.265432 0.019499 0.016976
0 0.921100 0.289352 0.026601 0.023148
0 0.926524 0.305362 0.017304 0.028164
0 0.922005 0.330247 0.022211 0.019290
0 0.868027 0.303048 0.014980 0.035108
0 0.813662 0.307388 0.015238 0.026042
0 0.872288 0.364101 0.017820 0.027970
0 0.892432 0.355324 0.014721 0.032407
0 0.928590 0.396315 0.014204 0.027585
0 0.936338 0.388117 0.012138 0.030864
0 0.912706 0.405864 0.012913 0.034722
0 0.878810 0.409433 0.013559 0.025270
0 0.934142 0.460069 0.012913 0.028164
0 0.930591 0.470101 0.014333 0.037423
0 0.912319 0.468171 0.012138 0.032794
0 0.935628 0.517650 0.013559 0.017939
0 0.936467 0.515625 0.008781 0.018132
0 0.938017 0.537133 0.014979 0.017554
0 0.937693 0.551891 0.009943 0.026621
0 0.931366 0.559703 0.009168 0.025656
0 0.916452 0.555169 0.014204 0.028549
0 0.930398 0.592206 0.023502 0.025463
0 0.145273 0.572628 0.020403 0.016782
0 0.107632 0.584587 0.023115 0.028357
0 0.110602 0.609664 0.014592 0.022956
0 0.131198 0.729167 0.009297 0.023919
0 0.145145 0.690297 0.013430 0.033758
0 0.155024 0.704186 0.015625 0.023727
0 0.097495 0.670911 0.010589 0.027007
0 0.104209 0.665509 0.012655 0.028550
0 0.237022 0.856289 0.026214 0.022763
0 0.336777 0.757137 0.024794 0.019676
0 0.373902 0.806327 0.026214 0.022376
0 0.412965 0.843364 0.019628 0.018518
0 0.358341 0.842785 0.022469 0.023533
0 0.288611 0.867187 0.023502 0.025656
0 0.255165 0.885223 0.021178 0.018133
0 0.413288 0.892554 0.015367 0.025077
0 0.380036 0.893519 0.016271 0.023149
0 0.381198 0.908179 0.011363 0.027778
0 0.320571 0.898630 0.010460 0.035301
0 0.437565 0.894772 0.020273 0.019097
0 0.672262 0.744213 0.023244 0.022376
0 0.790225 0.631848 0.010718 0.021026
0 0.883265 0.583333 0.014979 0.036265
0 0.897598 0.637442 0.015754 0.031443
0 0.934982 0.672454 0.022081 0.029321
0 0.833807 0.702353 0.021436 0.027392
0 0.855823 0.684702 0.019757 0.023341
0 0.943182 0.739584 0.012397 0.037809
0 0.928397 0.730710 0.017691 0.017747
0 0.941568 0.763599 0.012526 0.033757
0 0.926782 0.825135 0.014204 0.029514
0 0.936596 0.793114 0.018853 0.027971
0 0.897404 0.832176 0.018208 0.020834
0 0.870932 0.909818 0.015108 0.022184
0 0.843944 0.935764 0.024147 0.016590
0 0.883200 0.923515 0.013301 0.028743
0 0.904184 0.915027 0.010330 0.030286
0 0.912965 0.923997 0.015496 0.026234
0 0.927686 0.873553 0.011364 0.030671
0 0.780411 0.758873 0.023115 0.020061
0 0.809594 0.854167 0.022598 0.023148
0 0.757941 0.834297 0.021049 0.021219
0 0.780411 0.903164 0.019757 0.020061
0 0.767433 0.360436 0.011622 0.026813
0 0.817665 0.363426 0.032542 0.032408
0 0.697443 0.921875 0.013688 0.036651
0 0.790676 0.940105 0.025052 0.019483
0 0.811209 0.932678 0.019111 0.025077
0 0.797779 0.923032 0.022211 0.023534
0 0.650568 0.941165 0.023760 0.018904
0 0.648760 0.938079 0.013946 0.023534
0 0.587939 0.943480 0.018853 0.015046
0 0.598334 0.938561 0.014850 0.019483
0 0.567988 0.931230 0.022340 0.027199
0 0.527376 0.946373 0.012914 0.020833
0 0.539320 0.945698 0.015625 0.023727
0 0.187242 0.880883 0.013946 0.030671
0 0.218169 0.948881 0.023372 0.031250
0 0.246126 0.948881 0.017562 0.021991
0 0.266142 0.937210 0.011105 0.034529
0 0.484698 0.940008 0.020016 0.018132
0 0.469977 0.940297 0.018982 0.019869
0 0.473657 0.940201 0.010848 0.026235
0 0.461325 0.932098 0.012268 0.028549
0 0.448993 0.947917 0.016787 0.017747
0 0.430979 0.939815 0.008136 0.019290
0 0.402506 0.945602 0.016787 0.016975
0 0.399729 0.933449 0.019499 0.016590
0 0.382813 0.932581 0.020273 0.014467
0 0.395726 0.949750 0.018466 0.016397
0 0.363313 0.926408 0.009685 0.016782
0 0.369383 0.945987 0.015367 0.012345
0 0.358213 0.941647 0.013430 0.030285
0 0.333936 0.941069 0.015496 0.029900
0 0.336712 0.931423 0.023631 0.010609
0 0.276537 0.931906 0.020274 0.013503
0 0.313404 0.938561 0.016788 0.017940
0 0.318441 0.926505 0.006715 0.030478
0 0.315212 0.938272 0.011622 0.030092
0 0.302428 0.945987 0.018078 0.018519
0 0.287061 0.946566 0.013172 0.025077
0 0.117381 0.675347 0.010588 0.021219
0 0.111054 0.689814 0.021694 0.001543
0 0.112215 0.697531 0.010589 0.019290
0 0.105630 0.706887 0.015496 0.026428
0 0.101756 0.737751 0.010847 0.032600
0 0.113571 0.739583 0.021565 0.020833
0 0.097494 0.710070 0.009039 0.035879
0 0.119189 0.781925 0.021436 0.002507
0 0.121578 0.794946 0.022082 0.014274
0 0.107696 0.796779 0.011364 0.024498
0 0.116735 0.814525 0.016013 0.009838
0 0.116025 0.819734 0.018208 0.013310
0 0.100400 0.815297 0.012784 0.021798
0 0.199638 0.930748 0.013947 0.020448
0 0.175620 0.892554 0.007747 0.020448
0 0.175490 0.937114 0.010589 0.030864
0 0.175749 0.943094 0.015238 0.028936
0 0.163998 0.943191 0.010848 0.024884
0 0.119189 0.864776 0.005940 0.019676
0 0.108406 0.876350 0.020532 0.016590
0 0.112087 0.904224 0.018078 0.019483
0 0.106599 0.890239 0.020016 0.015818
0 0.103112 0.905671 0.017174 0.026620
0 0.106793 0.921007 0.014721 0.029128
0 0.135395 0.919367 0.014592 0.013118
0 0.135137 0.904610 0.021823 0.021026
0 0.120932 0.933642 0.022856 0.022376
0 0.127066 0.937500 0.017562 0.022377
0 0.156637 0.927951 0.006973 0.029899
0 0.155217 0.938947 0.010330 0.029514
0 0.148825 0.931616 0.010976 0.027199
0 0.142562 0.940972 0.009298 0.025463
0 0.133975 0.945795 0.015883 0.023534
0 0.741736 0.881559 0.020661 0.022377
0 0.751292 0.848959 0.008781 0.026620
0 0.763430 0.861111 0.015496 0.027778
0 0.758523 0.877122 0.021177 0.020447
0 0.756844 0.891590 0.025052 0.016203
0 0.890496 0.895158 0.011364 0.029900
0 0.943440 0.891107 0.012396 0.037230
0 0.924716 0.913195 0.012138 0.018518
0 0.821669 0.623650 0.010073 0.022763
0 0.921036 0.713059 0.015883 0.021412
0 0.862926 0.481771 0.012784 0.018711
0 0.830062 0.429495 0.011364 0.029514
0 0.330578 0.928337 0.012397 0.020640
