0 0.402892 0.558835 0.011363 0.028936
0 0.356663 0.483218 0.017046 0.023534
0 0.364669 0.429591 0.010331 0.025077
0 0.322830 0.343557 0.018595 0.020448
0 0.420325 0.316744 0.021436 0.020833
0 0.458032 0.353395 0.018854 0.018518
0 0.468750 0.331018 0.016013 0.023148
0 0.491865 0.322724 0.015754 0.024306
0 0.558239 0.338735 0.015238 0.015432
0 0.616994 0.326003 0.016012 0.023920
0 0.593621 0.281250 0.016787 0.016204
0 0.636105 0.326196 0.011880 0.028164
0 0.616219 0.426698 0.021694 0.015433
0 0.678977 0.376157 0.011880 0.023919
0 0.678848 0.317516 0.021436 0.016203
0 0.676653 0.282408 0.012396 0.026234
0 0.336647 0.246913 0.024535 0.020062
0 0.305785 0.201775 0.011364 0.023919
0 0.228177 0.241512 0.014721 0.023148
0 0.253358 0.347608 0.011880 0.025463
0 0.280475 0.142361 0.018595 0.016204
0 0.283445 0.127700 0.015238 0.013117
0 0.237539 0.124614 0.022598 0.016204
0 0.382748 0.166667 0.022728 0.023148
0 0.439566 0.163773 0.011364 0.031250
0 0.432722 0.119791 0.019370 0.021991
0 0.460485 0.125771 0.018078 0.016975
0 0.508781 0.154513 0.012396 0.029707
0 0.379907 0.093654 0.013946 0.027585
0 0.388300 0.057870 0.012655 0.019290
0 0.475207 0.086516 0.011364 0.028742
0 0.510460 0.101852 0.020919 0.021605
0 0.551653 0.091049 0.020661 0.011574
0 0.522598 0.059800 0.022469 0.016975
0 0.493802 0.024981 0.024793 0.016782
0 0.546229 0.038002 0.023244 0.019676
0 0.586777 0.041860 0.019628 0.021219
0 0.578900 0.039352 0.003358 0.025463
0 0.602402 0.034433 0.020919 0.018712
0 0.617769 0.026235 0.022728 0.016203
0 0.625387 0.084490 0.020403 0.021605
0 0.556044 0.126929 0.018078 0.017746
0 0.540031 0.187114 0.018078 0.019290
0 0.545325 0.214892 0.022985 0.017746
0 0.560176 0.203897 0.011880 0.027392
0 0.590135 0.199846 0.012913 0.013889
0 0.627841 0.183642 0.018078 0.015432
0 0.622934 0.218750 0.019628 0.019290
0 0.465263 0.030864 0.014205 0.028549
0 0.455966 0.024499 0.009039 0.012732
0 0.445377 0.034626 0.019887 0.014468
0 0.439179 0.033179 0.015754 0.025463
0 0.420584 0.029321 0.011622 0.025463
0 0.407800 0.022377 0.021178 0.023919
0 0.381327 0.028356 0.012655 0.029707
0 0.374225 0.020448 0.023244 0.013889
0 0.361828 0.032600 0.011881 0.028935
0 0.333677 0.029321 0.020661 0.031636
0 0.317277 0.022473 0.012655 0.022570
0 0.305204 0.020833 0.015625 0.019290
0 0.271694 0.020062 0.015496 0.020834
0 0.254778 0.010803 0.019370 0.013117
0 0.186080 0.025077 0.016787 0.027778
0 0.161157 0.098766 0.026859 0.018519
0 0.148373 0.054205 0.011106 0.030478
0 0.159866 0.038001 0.013946 0.018133
0 0.160770 0.022473 0.018853 0.019484
0 0.183238 0.261285 0.018337 0.013310
0 0.149147 0.278550 0.012655 0.033951
0 0.233342 0.660494 0.025052 0.014660
0 0.217200 0.631463 0.019112 0.019483
0 0.176395 0.628183 0.020145 0.025656
0 0.134814 0.576774 0.010330 0.033179
0 0.146888 0.562500 0.012526 0.013118
0 0.206612 0.540316 0.014463 0.036651
0 0.240767 0.427759 0.026989 0.019097
0 0.200542 0.419560 0.003874 0.026620
0 0.173812 0.432678 0.008781 0.018904
0 0.172262 0.365548 0.012913 0.026620
0 0.128487 0.380016 0.011106 0.025463
0 0.143337 0.447724 0.012913 0.030479
0 0.127841 0.458044 0.009814 0.027584
0 0.131069 0.485436 0.015238 0.027199
0 0.273825 0.726466 0.019499 0.016976
0 0.117640 0.819830 0.009039 0.030865
0 0.146178 0.816937 0.019628 0.024306
0 0.188533 0.824460 0.014462 0.033950
0 0.164902 0.844521 0.024018 0.018519
0 0.196798 0.876350 0.017562 0.019676
0 0.230694 0.879822 0.021307 0.020448
0 0.305914 0.882909 0.021952 0.026621
0 0.269370 0.872299 0.016012 0.016976
0 0.257103 0.881173 0.020403 0.013117
0 0.310563 0.817516 0.022985 0.018519
0 0.311467 0.773534 0.021694 0.018518
0 0.500129 0.773148 0.015238 0.014661
0 0.454933 0.672068 0.024536 0.017747
0 0.552169 0.886189 0.022727 0.016975
0 0.676394 0.800154 0.016012 0.014661
0 0.572056 0.892747 0.016012 0.023920
0 0.596462 0.758295 0.017304 0.024306
0 0.714230 0.750965 0.019370 0.009645
0 0.786158 0.693866 0.018595 0.018904
0 0.756586 0.601274 0.018337 0.021219
0 0.831095 0.633102 0.021694 0.020062
0 0.775052 0.798997 0.010847 0.024691
0 0.758264 0.819059 0.015495 0.016975
0 0.767562 0.881366 0.013430 0.031250
0 0.728564 0.897184 0.014979 0.022762
0 0.736053 0.873071 0.018595 0.018518
0 0.708032 0.888118 0.024019 0.025463
0 0.881327 0.685764 0.015238 0.030479
0 0.883135 0.737847 0.020920 0.021991
0 0.851239 0.752893 0.014463 0.025849
0 0.828770 0.758873 0.016012 0.018518
0 0.829158 0.783565 0.021436 0.018518
0 0.848786 0.797454 0.017304 0.013889
0 0.814308 0.834491 0.020145 0.015432
0 0.833677 0.877893 0.012397 0.032022
0 0.837164 0.898727 0.021952 0.016590
0 0.858988 0.890818 0.011363 0.026235
0 0.872159 0.854553 0.019111 0.015433
0 0.706354 0.516782 0.010847 0.028935
0 0.733859 0.455150 0.017821 0.021413
0 0.744318 0.478974 0.010330 0.028936
0 0.784350 0.500193 0.010847 0.023534
0 0.803848 0.480131 0.016270 0.019676
0 0.857438 0.478491 0.012396 0.036459
0 0.858729 0.424576 0.008781 0.018133
0 0.891529 0.391782 0.010330 0.030479
0 0.923424 0.418982 0.020920 0.018519
0 0.917743 0.458333 0.021952 0.015432
0 0.927040 0.480420 0.020919 0.021027
0 0.728435 0.267747 0.015754 0.026234
0 0.706611 0.227238 0.021694 0.000772
0 0.731405 0.243634 0.016529 0.015818
0 0.806302 0.236690 0.012396 0.022762
0 0.813145 0.268518 0.024535 0.016975
0 0.816116 0.214892 0.013430 0.031636
0 0.856921 0.293788 0.011364 0.022762
0 0.895919 0.243056 0.012913 0.032407
0 0.929752 0.376350 0.014462 0.025848
0 0.931818 0.358410 0.008264 0.022377
0 0.922908 0.352431 0.015754 0.019676
0 0.810951 0.171875 0.011363 0.018904
0 0.774535 0.185186 0.020145 0.021605
0 0.734891 0.183642 0.010073 0.018518
0 0.759427 0.148919 0.018854 0.013889
0 0.694990 0.153935 0.023243 0.014660
0 0.693698 0.186728 0.018595 0.012346
0 0.682206 0.194059 0.021436 0.014661
0 0.678719 0.183256 0.012396 0.031636
0 0.650310 0.128279 0.023760 0.021990
0 0.666968 0.112654 0.020920 0.013889
0 0.670325 0.089603 0.025568 0.019483
0 0.735667 0.090278 0.018853 0.016976
0 0.767691 0.073688 0.019370 0.013889
0 0.815728 0.096065 0.017821 0.016204
0 0.805140 0.088831 0.018337 0.014853
0 0.678590 0.039931 0.013172 0.017361
0 0.692665 0.034144 0.018595 0.021219
0 0.689308 0.032986 0.014980 0.029707
0 0.716813 0.044464 0.015754 0.024884
0 0.728564 0.031829 0.017045 0.016590
0 0.858084 0.153549 0.016270 0.018518
0 0.889076 0.183256 0.018337 0.014660
0 0.877583 0.162230 0.011363 0.025078
0 0.864411 0.135802 0.011880 0.029321
0 0.598657 0.347801 0.011364 0.039737
0 0.903280 0.201774 0.013688 0.030093
0 0.926395 0.232831 0.008781 0.025849
0 0.928073 0.223380 0.017820 0.019290
0 0.919421 0.190394 0.009297 0.027391
0 0.929881 0.185957 0.014205 0.024692
0 0.926395 0.525463 0.018078 0.020062
0 0.938275 0.543403 0.012913 0.027392
0 0.927815 0.555362 0.015238 0.021219
0 0.930785 0.582272 0.015496 0.033757
0 0.926911 0.611014 0.010848 0.016783
0 0.933239 0.608990 0.019886 0.017361
0 0.932593 0.624325 0.014979 0.034143
0 0.915289 0.699942 0.011363 0.014854
0 0.907800 0.688465 0.018078 0.025077
0 0.924716 0.650656 0.021436 0.016590
0 0.934530 0.649016 0.016270 0.023341
0 0.927169 0.673997 0.020661 0.015432
0 0.888043 0.770255 0.014205 0.008873
0 0.891142 0.783565 0.018337 0.015432
0 0.870222 0.801505 0.016787 0.019676
0 0.923619 0.150752 0.011235 0.026042
0 0.932141 0.143133 0.009169 0.027006
0 0.907025 0.116802 0.017562 0.014467
0 0.869835 0.108989 0.010331 0.027392
0 0.864669 0.104167 0.016529 0.016203
0 0.857050 0.092110 0.014205 0.027585
0 0.877712 0.052951 0.009555 0.021026
0 0.873773 0.048900 0.011493 0.028357
0 0.857567 0.042438 0.017821 0.010031
0 0.857051 0.051601 0.011622 0.031443
0 0.839554 0.043596 0.015883 0.016204
0 0.833936 0.053144 0.019628 0.009838
0 0.823928 0.052951 0.015108 0.019483
0 0.804107 0.038580 0.018853 0.023920
0 0.798747 0.048997 0.018983 0.015432
0 0.793453 0.040509 0.019757 0.021605
0 0.746449 0.046875 0.018466 0.027392
0 0.757619 0.048226 0.017304 0.016975
0 0.757877 0.040027 0.019370 0.019869
0 0.782929 0.057677 0.021436 0.018904
0 0.782283 0.043210 0.020661 0.023148
0 0.898631 0.078704 0.013688 0.015432
0 0.930397 0.112462 0.011105 0.032021
0 0.933368 0.090663 0.011364 0.027007
0 0.913223 0.100887 0.008264 0.021219
0 0.922004 0.085841 0.013430 0.031250
0 0.909607 0.059992 0.008265 0.025848
0 0.897598 0.067130 0.010073 0.015432
0 0.900052 0.048419 0.008781 0.021219
0 0.893853 0.050347 0.011880 0.023534
0 0.912707 0.322145 0.019628 0.014660
0 0.920454 0.332369 0.015495 0.019676
0 0.921488 0.333333 0.023760 0.012346
0 0.936338 0.334298 0.013688 0.025077
0 0.927169 0.309028 0.019628 0.019290
0 0.924716 0.289352 0.018337 0.012346
0 0.922778 0.277006 0.008781 0.023148
0 0.927685 0.271798 0.018595 0.017361
0 0.936209 0.286266 0.009814 0.026234
0 0.872547 0.876543 0.011621 0.015432
0 0.893078 0.839699 0.013429 0.021219
0 0.886235 0.797068 0.020403 0.015432
0 0.890625 0.809414 0.020402 0.013889
0 0.893595 0.823303 0.023760 0.016975
0 0.898244 0.805363 0.011364 0.018904
0 0.883007 0.892940 0.008781 0.022763
0 0.888430 0.902006 0.019628 0.013889
0 0.891141 0.877508 0.013172 0.027392
0 0.907542 0.884452 0.007231 0.022762
0 0.901214 0.895833 0.015754 0.024691
0 0.904958 0.886382 0.020661 0.029707
0 0.914902 0.877314 0.010073 0.024691
0 0.917743 0.877314 0.011622 0.029321
0 0.924329 0.865162 0.016012 0.021219
0 0.924845 0.870370 0.009814 0.032407
0 0.924199 0.847801 0.009039 0.023534
0 0.932593 0.848959 0.019112 0.022763
0 0.930398 0.840278 0.015238 0.018518
0 0.919809 0.823688 0.019887 0.016204
0 0.914515 0.795332 0.010847 0.023534
0 0.910899 0.755016 0.018078 0.010031
0 0.926136 0.788194 0.017562 0.011574
0 0.930527 0.795524 0.017046 0.013889
0 0.920583 0.742863 0.015238 0.011189
0 0.921746 0.738040 0.019112 0.011574
0 0.933885 0.743441 0.007231 0.023920
0 0.932464 0.742862 0.018336 0.022763
0 0.922004 0.723765 0.022728 0.015432
0 0.938404 0.704861 0.013688 0.020834
0 0.933626 0.695409 0.012914 0.020447
