0 0.854081 0.936535 0.019111 0.025077
0 0.845622 0.921007 0.023631 0.031443
0 0.917420 0.906250 0.025181 0.021604
0 0.887138 0.870564 0.024793 0.020447
0 0.890238 0.832272 0.009297 0.023727
0 0.931108 0.824460 0.022081 0.019290
0 0.951898 0.852720 0.018724 0.023341
0 0.952802 0.904610 0.010718 0.034143
0 0.946281 0.893037 0.016012 0.026813
0 0.950413 0.813560 0.019112 0.027199
0 0.957128 0.809703 0.012397 0.030285
0 0.837939 0.793885 0.018336 0.020640
0 0.802234 0.812500 0.013559 0.022377
0 0.769241 0.892361 0.018337 0.013118
0 0.753874 0.937789 0.008781 0.024113
0 0.759814 0.760320 0.021178 0.014853
0 0.952544 0.765143 0.013301 0.036844
0 0.697895 0.805169 0.020790 0.017747
0 0.676330 0.825135 0.016917 0.016783
0 0.777376 0.701485 0.013430 0.030672
0 0.743802 0.662134 0.011363 0.034143
0 0.718169 0.683352 0.018466 0.024884
0 0.709259 0.678241 0.012784 0.023920
0 0.772017 0.633391 0.015109 0.021798
0 0.847236 0.671682 0.024019 0.017747
0 0.891658 0.673418 0.012655 0.029706
0 0.854920 0.734182 0.012784 0.031636
0 0.812371 0.581597 0.019370 0.015046
0 0.893143 0.609375 0.014850 0.024305
0 0.856728 0.608217 0.020015 0.013503
0 0.953190 0.704668 0.010977 0.032022
0 0.953189 0.723959 0.018208 0.018133
0 0.948864 0.630787 0.021694 0.016204
0 0.950220 0.614005 0.020532 0.017361
0 0.946991 0.567902 0.024406 0.017747
0 0.897727 0.566069 0.007748 0.027199
0 0.893143 0.590181 0.018983 0.021026
0 0.842330 0.576196 0.013688 0.022763
0 0.864863 0.515143 0.024148 0.024884
0 0.951124 0.533372 0.015109 0.022763
0 0.949121 0.504630 0.020661 0.024692
0 0.821927 0.504630 0.018337 0.018519
0 0.829417 0.564140 0.012139 0.026813
0 0.953448 0.457754 0.014075 0.024306
0 0.956483 0.486690 0.014721 0.028164
0 0.931172 0.502219 0.016787 0.016397
0 0.946217 0.482060 0.021307 0.016590
0 0.909285 0.445891 0.013042 0.034915
0 0.952286 0.382330 0.018983 0.019290
0 0.887074 0.368441 0.023115 0.018519
0 0.948218 0.318866 0.017304 0.012731
0 0.943634 0.340471 0.019240 0.013503
0 0.931301 0.299094 0.017046 0.028357
0 0.944408 0.293403 0.016141 0.014275
0 0.958291 0.281539 0.009039 0.030671
0 0.950930 0.258680 0.018078 0.015047
0 0.859181 0.340664 0.018724 0.018519
0 0.848592 0.422454 0.013300 0.024691
0 0.881328 0.465953 0.010589 0.020255
0 0.906831 0.529321 0.012784 0.030093
0 0.860796 0.486690 0.011363 0.028164
0 0.865251 0.449075 0.020532 0.017747
0 0.823024 0.443287 0.013301 0.024691
0 0.828512 0.418499 0.013947 0.029514
0 0.821927 0.337481 0.012139 0.032986
0 0.837294 0.362075 0.016529 0.016589
0 0.800813 0.368730 0.014076 0.020641
0 0.771113 0.356482 0.022340 0.021605
0 0.767175 0.423996 0.018853 0.021605
0 0.774729 0.441069 0.012784 0.024884
0 0.771371 0.522184 0.015366 0.015818
0 0.765238 0.517168 0.019111 0.015046
0 0.800878 0.543113 0.016012 0.021797
0 0.781379 0.316358 0.017304 0.017746
0 0.756973 0.332755 0.016529 0.030479
0 0.703835 0.465857 0.021307 0.017361
0 0.640432 0.491802 0.020016 0.022956
0 0.612733 0.546489 0.018853 0.015047
0 0.595300 0.414738 0.009814 0.035494
0 0.614218 0.445987 0.022599 0.017747
0 0.668130 0.255209 0.019111 0.021219
0 0.712940 0.318287 0.012655 0.026234
0 0.705256 0.288773 0.013301 0.028164
0 0.751937 0.252122 0.018853 0.015046
0 0.858083 0.269290 0.011105 0.027006
0 0.854597 0.293499 0.011880 0.029514
0 0.895532 0.277778 0.014205 0.026234
0 0.949122 0.225887 0.015496 0.028935
0 0.929946 0.270833 0.021823 0.023920
0 0.914514 0.245756 0.015495 0.024692
0 0.885460 0.234086 0.016270 0.021027
0 0.952286 0.199363 0.016400 0.020641
0 0.942084 0.192709 0.021823 0.013503
0 0.948024 0.182484 0.019757 0.027006
0 0.917291 0.162809 0.020790 0.023919
0 0.877196 0.198977 0.011105 0.034143
0 0.864153 0.179398 0.020145 0.019290
0 0.842846 0.153357 0.010589 0.025849
0 0.854920 0.139757 0.020790 0.016011
0 0.894692 0.120853 0.020015 0.022570
0 0.890754 0.149884 0.009297 0.027392
0 0.947056 0.109375 0.015496 0.031250
0 0.941180 0.133295 0.022598 0.018904
0 0.943892 0.157600 0.020790 0.016589
0 0.924328 0.101177 0.012913 0.035687
0 0.815728 0.120177 0.017821 0.025077
0 0.766077 0.144966 0.010460 0.026813
0 0.754842 0.134066 0.011235 0.025077
0 0.729467 0.157504 0.012655 0.029514
0 0.705062 0.181520 0.017046 0.024306
0 0.930785 0.071181 0.016012 0.014275
0 0.927815 0.058256 0.016787 0.026235
0 0.927750 0.047454 0.013042 0.027006
0 0.926459 0.044271 0.019499 0.020640
0 0.888107 0.045718 0.013817 0.028164
0 0.874677 0.068191 0.014334 0.027585
0 0.892498 0.047743 0.021307 0.022955
0 0.850853 0.035012 0.022469 0.018325
0 0.866671 0.050154 0.016142 0.021605
0 0.832774 0.049672 0.017304 0.031443
0 0.801847 0.033661 0.024148 0.018711
0 0.781637 0.034626 0.019887 0.020640
0 0.764204 0.072338 0.025826 0.019676
0 0.758846 0.033951 0.025439 0.025463
0 0.722882 0.038966 0.015496 0.026234
0 0.710421 0.066261 0.019499 0.009066
0 0.689501 0.034144 0.021048 0.015047
0 0.695894 0.037037 0.016271 0.025463
0 0.674393 0.050926 0.023890 0.020062
0 0.689114 0.095197 0.023115 0.019097
0 0.671939 0.088734 0.023373 0.016203
0 0.653731 0.039255 0.013559 0.034529
0 0.636299 0.029225 0.012784 0.027585
0 0.627905 0.046875 0.012267 0.028935
0 0.622869 0.026138 0.020274 0.019869
0 0.586777 0.035397 0.018078 0.017554
0 0.572379 0.030961 0.012009 0.027971
0 0.566503 0.025077 0.009556 0.022377
0 0.548748 0.037230 0.012267 0.024306
0 0.615638 0.139468 0.021824 0.015818
0 0.662513 0.210456 0.018983 0.014275
0 0.628680 0.216243 0.021307 0.016589
0 0.609569 0.249518 0.018466 0.020255
0 0.558820 0.257716 0.021049 0.020062
0 0.516981 0.123650 0.023373 0.015818
0 0.535899 0.069348 0.012397 0.031443
0 0.527505 0.032793 0.018853 0.027778
0 0.484375 0.031443 0.022469 0.020448
0 0.456030 0.022377 0.013300 0.027777
0 0.423554 0.029128 0.027376 0.022762
0 0.437565 0.026814 0.019241 0.014275
0 0.440728 0.036073 0.012655 0.035108
0 0.428654 0.076100 0.011493 0.034529
0 0.407799 0.038581 0.012913 0.028549
0 0.387203 0.021412 0.020790 0.027392
0 0.374870 0.024884 0.018337 0.023534
0 0.364669 0.043499 0.011881 0.032215
0 0.358535 0.031539 0.014334 0.029128
0 0.387461 0.099344 0.019240 0.027392
0 0.438920 0.200328 0.022985 0.019869
0 0.430527 0.214796 0.018078 0.032601
0 0.392368 0.184028 0.022081 0.020833
0 0.335614 0.191069 0.012139 0.030671
0 0.349496 0.201581 0.022598 0.017361
0 0.304559 0.084201 0.015367 0.021027
0 0.270597 0.055266 0.012267 0.028742
0 0.309594 0.014468 0.021048 0.016589
0 0.315211 0.027199 0.024019 0.016590
0 0.287836 0.026524 0.009556 0.029900
0 0.295777 0.028356 0.020274 0.017361
0 0.273566 0.017940 0.020015 0.015818
0 0.279571 0.033951 0.010072 0.030093
0 0.271953 0.028743 0.008265 0.016590
0 0.265884 0.025656 0.018337 0.021991
0 0.227467 0.070216 0.020790 0.015432
0 0.223915 0.116416 0.012913 0.031443
0 0.226046 0.188850 0.012784 0.022762
0 0.221784 0.216243 0.020273 0.018133
0 0.258006 0.224730 0.017046 0.036651
0 0.224044 0.245949 0.010589 0.030478
0 0.359763 0.296007 0.018078 0.016782
0 0.422005 0.271027 0.012913 0.029707
0 0.181947 0.054302 0.024535 0.021026
0 0.179688 0.022762 0.023115 0.016204
0 0.196410 0.058834 0.018853 0.013503
0 0.168647 0.089217 0.019111 0.018326
0 0.168195 0.103299 0.013042 0.030672
0 0.135072 0.143325 0.017045 0.028935
0 0.165612 0.122107 0.014333 0.014275
0 0.170455 0.200520 0.019628 0.031057
0 0.154765 0.224248 0.021307 0.021412
0 0.158639 0.229745 0.020790 0.015047
0 0.186919 0.273245 0.011492 0.020641
0 0.303331 0.301119 0.013171 0.032022
0 0.118350 0.288966 0.021823 0.012346
0 0.117575 0.273148 0.023890 0.019290
0 0.118544 0.256173 0.022211 0.018518
0 0.119964 0.230517 0.025051 0.015046
0 0.120415 0.222222 0.021307 0.012346
0 0.114089 0.190200 0.011751 0.012345
0 0.141400 0.168885 0.010072 0.029128
0 0.125904 0.174383 0.020403 0.027777
0 0.114023 0.121721 0.010589 0.035108
0 0.125258 0.127314 0.011880 0.037809
0 0.155217 0.140046 0.010330 0.028549
0 0.167937 0.071759 0.014850 0.026234
0 0.164127 0.089120 0.018853 0.021605
0 0.143725 0.081597 0.016787 0.026621
0 0.116735 0.085262 0.012913 0.031636
0 0.126033 0.062500 0.021694 0.016976
0 0.128939 0.045718 0.021824 0.012731
0 0.122999 0.081694 0.010459 0.029899
0 0.143724 0.030671 0.010072 0.032022
0 0.131392 0.036941 0.015366 0.026813
0 0.167549 0.052180 0.023631 0.017940
0 0.153926 0.027489 0.011880 0.030285
0 0.160964 0.021701 0.021307 0.024112
0 0.122805 0.178434 0.021436 0.011960
0 0.230824 0.333334 0.010976 0.021605
0 0.272147 0.368634 0.017691 0.021990
0 0.302299 0.404899 0.009555 0.028164
0 0.323283 0.422936 0.017433 0.030286
0 0.338133 0.375289 0.013300 0.019869
0 0.380294 0.376447 0.020920 0.020254
0 0.334323 0.319637 0.020920 0.015818
0 0.412771 0.478684 0.013817 0.025655
0 0.335680 0.505884 0.013559 0.025655
0 0.245480 0.439429 0.028668 0.026234
0 0.215263 0.431134 0.013688 0.034336
0 0.220365 0.474730 0.017433 0.022762
0 0.204932 0.455632 0.022469 0.018519
0 0.153603 0.502508 0.020015 0.015046
0 0.171358 0.544174 0.023502 0.018904
0 0.209066 0.567612 0.010589 0.029128
0 0.245609 0.571952 0.020145 0.016590
0 0.319732 0.577449 0.012397 0.023727
0 0.272856 0.595293 0.025568 0.019290
0 0.256973 0.633391 0.014463 0.032214
0 0.202608 0.610436 0.014205 0.023342
0 0.142626 0.627218 0.013559 0.031829
0 0.109311 0.600502 0.017691 0.021219
0 0.114347 0.624904 0.024147 0.023727
0 0.153280 0.665124 0.018337 0.015433
0 0.111700 0.650077 0.022469 0.019290
0 0.113637 0.503279 0.022727 0.027392
0 0.104727 0.518036 0.010589 0.032215
0 0.113507 0.525463 0.023502 0.018518
0 0.116994 0.557485 0.028409 0.019290
0 0.110021 0.577835 0.021178 0.024498
0 0.112474 0.444830 0.013171 0.031636
0 0.117510 0.432581 0.024793 0.030286
0 0.142045 0.435378 0.012397 0.021990
0 0.162836 0.398148 0.010072 0.027006
0 0.187887 0.367284 0.014205 0.030093
0 0.171940 0.384259 0.015367 0.023920
0 0.163610 0.352527 0.015237 0.036073
0 0.115960 0.356482 0.026343 0.019291
0 0.107373 0.372010 0.017433 0.032600
0 0.111571 0.396220 0.018595 0.017747
0 0.110472 0.412327 0.018982 0.026813
0 0.130166 0.372879 0.019112 0.013503
0 0.118672 0.343750 0.017303 0.040123
0 0.173295 0.660397 0.018595 0.025270
0 0.182722 0.667342 0.009556 0.028357
0 0.212552 0.706404 0.029442 0.020062
0 0.208549 0.743827 0.011622 0.027778
0 0.189372 0.752314 0.020790 0.016975
0 0.224819 0.762153 0.010072 0.029706
0 0.155152 0.699364 0.017949 0.031443
0 0.168712 0.710841 0.013301 0.032794
0 0.142304 0.697917 0.017562 0.013889
0 0.118867 0.677951 0.013559 0.029514
0 0.109052 0.677276 0.022340 0.023534
0 0.109375 0.699074 0.019886 0.016204
0 0.103693 0.763503 0.013688 0.039352
0 0.111312 0.764757 0.011364 0.031057
0 0.101046 0.799865 0.013559 0.029900
0 0.106728 0.817805 0.021824 0.019483
0 0.124160 0.793499 0.011751 0.030285
0 0.134749 0.785880 0.019499 0.020833
0 0.292743 0.759838 0.019886 0.018132
0 0.257490 0.751640 0.024794 0.023341
0 0.275698 0.796682 0.014205 0.023148
0 0.283316 0.834684 0.020661 0.018904
0 0.233213 0.774499 0.011880 0.030479
0 0.195054 0.786072 0.014075 0.016589
0 0.223980 0.809606 0.014075 0.021219
0 0.253228 0.858314 0.013688 0.034143
0 0.212745 0.837866 0.018724 0.017939
0 0.205643 0.846643 0.021823 0.017361
0 0.142239 0.867669 0.027763 0.017747
0 0.114799 0.844907 0.020919 0.027778
0 0.105694 0.841628 0.017175 0.022762
0 0.347108 0.678916 0.011881 0.030672
0 0.395080 0.707465 0.014076 0.028357
0 0.389721 0.793596 0.022728 0.017747
0 0.375839 0.831211 0.018724 0.017361
0 0.183368 0.903743 0.018595 0.025849
0 0.163675 0.914352 0.010202 0.030864
0 0.182980 0.931809 0.022469 0.018325
0 0.157799 0.922647 0.010331 0.026621
0 0.148760 0.925251 0.009297 0.026042
0 0.134039 0.917535 0.008264 0.028357
0 0.123257 0.916859 0.025956 0.020448
0 0.119577 0.908565 0.010331 0.031636
0 0.112345 0.905768 0.009298 0.029514
0 0.102918 0.894001 0.010073 0.032986
0 0.104726 0.856963 0.017821 0.019483
0 0.213908 0.928241 0.016917 0.020062
0 0.232180 0.929977 0.020144 0.021991
0 0.239153 0.924768 0.013430 0.024691
0 0.229339 0.905961 0.014980 0.032214
0 0.271177 0.920524 0.014979 0.040123
0 0.262332 0.905189 0.014334 0.030671
0 0.294292 0.928916 0.009040 0.027199
0 0.310563 0.908372 0.010588 0.030478
0 0.422650 0.924383 0.011105 0.031636
0 0.407283 0.926118 0.011880 0.032793
0 0.401214 0.933160 0.016787 0.025656
0 0.332257 0.928434 0.010589 0.030479
0 0.488572 0.853973 0.024664 0.018133
0 0.503487 0.929880 0.017304 0.029899
0 0.505359 0.748264 0.023631 0.018132
0 0.504261 0.636092 0.009556 0.018325
0 0.588262 0.715278 0.021307 0.016204
0 0.605308 0.680652 0.022081 0.019483
0 0.591749 0.756173 0.021823 0.015432
0 0.600723 0.795429 0.022727 0.019483
0 0.605372 0.864101 0.018078 0.023341
0 0.578835 0.873746 0.022081 0.020254
0 0.591103 0.885417 0.021307 0.016204
0 0.564243 0.940104 0.020790 0.017940
0 0.599690 0.917342 0.028409 0.018711
0 0.592588 0.932967 0.011622 0.029128
0 0.654958 0.873553 0.026343 0.030286
0 0.665935 0.894386 0.010072 0.029900
0 0.683109 0.939718 0.018079 0.021798
0 0.737861 0.929591 0.017046 0.035879
0 0.558755 0.610629 0.021436 0.031443
0 0.674716 0.932774 0.012655 0.027971
0 0.555785 0.569637 0.019112 0.015046
