0 0.233729 0.892844 0.012397 0.039159
0 0.227402 0.860532 0.015754 0.023534
0 0.194667 0.839409 0.017950 0.024498
0 0.185627 0.893518 0.016917 0.031636
0 0.217911 0.902103 0.016658 0.020641
0 0.199897 0.811342 0.011363 0.023919
0 0.188275 0.792727 0.011880 0.026428
0 0.198089 0.738425 0.012913 0.025463
0 0.174328 0.797936 0.020661 0.021026
0 0.170326 0.891300 0.011105 0.036073
0 0.152247 0.892843 0.009040 0.022956
0 0.143531 0.896991 0.009685 0.027007
0 0.162707 0.848958 0.011880 0.035108
0 0.154313 0.835938 0.009040 0.031829
0 0.133393 0.894579 0.010589 0.027971
0 0.125517 0.886864 0.010331 0.027199
0 0.118285 0.882716 0.011880 0.027778
0 0.133975 0.841532 0.014333 0.020641
0 0.114734 0.847126 0.020274 0.021027
0 0.130424 0.868537 0.017562 0.019097
0 0.117252 0.815586 0.021178 0.019290
0 0.117704 0.780478 0.019499 0.015432
0 0.118091 0.759259 0.019241 0.023920
0 0.121901 0.732831 0.013946 0.029707
0 0.120222 0.703318 0.015754 0.029321
0 0.148761 0.704764 0.012397 0.028357
0 0.153215 0.669656 0.012784 0.028357
0 0.124096 0.677662 0.024535 0.016590
0 0.130875 0.677083 0.022599 0.015432
0 0.121578 0.653164 0.026214 0.018519
0 0.134039 0.644965 0.022211 0.017554
0 0.136686 0.634452 0.018725 0.020447
0 0.119189 0.614390 0.011106 0.031250
0 0.127389 0.596257 0.024922 0.025849
0 0.182206 0.636477 0.012655 0.020640
0 0.206483 0.681809 0.014721 0.025270
0 0.190729 0.683931 0.020919 0.029128
0 0.185692 0.618055 0.019628 0.018518
0 0.234375 0.629822 0.016270 0.020447
0 0.224174 0.606289 0.019628 0.016589
0 0.176201 0.594907 0.014075 0.023920
0 0.120739 0.563368 0.019369 0.026428
0 0.278022 0.575039 0.024535 0.020447
0 0.250904 0.558449 0.020919 0.016590
0 0.269305 0.671103 0.028797 0.023534
0 0.230695 0.734954 0.010459 0.030865
0 0.240380 0.756558 0.023115 0.020833
0 0.246385 0.716628 0.014463 0.024306
0 0.258781 0.708623 0.010330 0.024884
0 0.275826 0.716339 0.011881 0.033757
0 0.290806 0.703318 0.022211 0.019290
0 0.381973 0.683738 0.014980 0.025270
0 0.312371 0.751157 0.020920 0.019290
0 0.319344 0.777103 0.011106 0.030285
0 0.327221 0.818094 0.023244 0.022762
0 0.333742 0.790316 0.016658 0.027392
0 0.305333 0.877508 0.026214 0.020447
0 0.287513 0.894290 0.025180 0.022376
0 0.305139 0.912230 0.020920 0.017361
0 0.328125 0.904032 0.011622 0.032215
0 0.354080 0.908854 0.018595 0.026427
0 0.367381 0.906443 0.013172 0.031250
0 0.379778 0.907987 0.011622 0.029707
0 0.404184 0.867862 0.023760 0.018905
0 0.369964 0.863040 0.018337 0.010802
0 0.407671 0.911265 0.019369 0.015432
0 0.401084 0.910301 0.014979 0.027392
0 0.504261 0.916763 0.016271 0.024498
0 0.500904 0.841628 0.021953 0.020448
0 0.444603 0.775656 0.021952 0.019676
0 0.434918 0.729167 0.021178 0.022376
0 0.376163 0.772087 0.012655 0.032214
0 0.387074 0.727430 0.014076 0.028935
0 0.433690 0.785397 0.016400 0.025270
0 0.397211 0.831211 0.020661 0.015818
0 0.369834 0.843364 0.025827 0.022376
0 0.129520 0.542824 0.020919 0.020834
0 0.115638 0.543403 0.011751 0.020448
0 0.116477 0.526717 0.013430 0.026813
0 0.136364 0.469618 0.009814 0.028742
0 0.172327 0.545910 0.014075 0.029321
0 0.215393 0.562886 0.017562 0.030864
0 0.225465 0.486304 0.014463 0.035108
0 0.255682 0.527006 0.018595 0.014660
0 0.288998 0.459105 0.018595 0.013889
0 0.318052 0.461226 0.011105 0.025849
0 0.308755 0.543982 0.021952 0.017747
0 0.328771 0.560764 0.014463 0.031250
0 0.393789 0.518132 0.024147 0.020833
0 0.422973 0.462963 0.016658 0.025462
0 0.458161 0.507041 0.014462 0.030671
0 0.476820 0.563851 0.017691 0.016589
0 0.403667 0.335166 0.014980 0.025270
0 0.348786 0.357446 0.011106 0.019676
0 0.311725 0.337867 0.013430 0.030671
0 0.268595 0.376254 0.011880 0.031829
0 0.236893 0.446856 0.024148 0.024498
0 0.222689 0.395255 0.010718 0.028935
0 0.200025 0.478106 0.010589 0.032215
0 0.171875 0.415413 0.011622 0.033757
0 0.163934 0.379051 0.017949 0.031250
0 0.216362 0.350116 0.011751 0.029707
0 0.194732 0.361111 0.010331 0.027778
0 0.187048 0.375193 0.015367 0.031250
0 0.177169 0.293499 0.011881 0.032214
0 0.135976 0.288195 0.026084 0.019291
0 0.248450 0.287712 0.011880 0.028357
0 0.292097 0.290316 0.019628 0.021990
0 0.282735 0.258873 0.020274 0.015433
0 0.197830 0.243249 0.020661 0.017361
0 0.229210 0.242959 0.008523 0.022570
0 0.134749 0.249518 0.017433 0.012153
0 0.134233 0.255111 0.010718 0.019483
0 0.139204 0.355517 0.019628 0.019676
0 0.121191 0.361014 0.012525 0.028357
0 0.129843 0.406443 0.024148 0.019676
0 0.127970 0.438465 0.021952 0.013503
0 0.125065 0.441551 0.020273 0.019676
0 0.127066 0.337287 0.016012 0.019097
0 0.130617 0.310474 0.015366 0.022955
0 0.232567 0.217400 0.012655 0.029706
0 0.228758 0.192516 0.015625 0.023919
0 0.185757 0.216917 0.023890 0.022955
0 0.233342 0.169368 0.013172 0.022377
0 0.248579 0.129629 0.019369 0.020062
0 0.199122 0.110822 0.012396 0.034143
0 0.170583 0.096258 0.010589 0.028163
0 0.168260 0.128569 0.008523 0.028742
0 0.169874 0.111882 0.011751 0.022377
0 0.159672 0.109375 0.012010 0.027392
0 0.160512 0.125096 0.011105 0.027199
0 0.129648 0.176987 0.012397 0.024885
0 0.128357 0.191165 0.012396 0.036651
0 0.145145 0.217689 0.011880 0.029128
0 0.150891 0.232061 0.016658 0.029707
0 0.128745 0.216435 0.015754 0.034723
0 0.131521 0.119020 0.009427 0.031250
0 0.136364 0.114776 0.012397 0.028164
0 0.135202 0.100019 0.015238 0.026427
0 0.141400 0.084105 0.018853 0.014660
0 0.193827 0.078028 0.011105 0.032600
0 0.190857 0.032311 0.009814 0.025270
0 0.264462 0.017940 0.012397 0.029707
0 0.235021 0.026717 0.009814 0.030285
0 0.225594 0.018615 0.017304 0.023342
0 0.221591 0.034529 0.010330 0.033565
0 0.213068 0.026620 0.014463 0.027778
0 0.203512 0.018325 0.016012 0.028935
0 0.202480 0.030864 0.011363 0.030093
0 0.176588 0.023920 0.017433 0.036265
0 0.159994 0.017554 0.014721 0.029707
0 0.168517 0.064525 0.024535 0.019483
0 0.149599 0.053048 0.015108 0.027392
0 0.298941 0.027971 0.011106 0.032793
0 0.292807 0.044464 0.014334 0.030285
0 0.328835 0.018132 0.023631 0.022377
0 0.307270 0.116126 0.022340 0.021605
0 0.364993 0.087963 0.021565 0.015432
0 0.336067 0.137732 0.011751 0.029321
0 0.337488 0.165124 0.021565 0.017747
0 0.367510 0.174768 0.020661 0.015433
0 0.414773 0.172647 0.016012 0.025849
0 0.458290 0.164931 0.020919 0.019676
0 0.485989 0.183256 0.020273 0.018518
0 0.437694 0.111304 0.022857 0.017362
0 0.441826 0.028453 0.014333 0.025270
0 0.398631 0.015528 0.018336 0.021026
0 0.381198 0.023727 0.016012 0.029707
0 0.362990 0.021412 0.012138 0.027392
0 0.355243 0.021798 0.012655 0.029707
0 0.522469 0.082948 0.009814 0.029321
0 0.144951 0.054012 0.019758 0.015432
0 0.508911 0.027489 0.014721 0.022570
0 0.513494 0.025849 0.019499 0.014660
0 0.525633 0.029803 0.014334 0.021027
0 0.526021 0.054591 0.015883 0.025077
0 0.549587 0.035687 0.016012 0.011960
0 0.535318 0.029803 0.012267 0.021798
0 0.565470 0.090953 0.014205 0.026427
0 0.575994 0.059028 0.006586 0.004630
0 0.586583 0.073109 0.003228 0.008874
0 0.616607 0.079957 0.009555 0.024884
0 0.585743 0.145448 0.018595 0.011575
0 0.597365 0.161073 0.020145 0.013503
0 0.634621 0.130594 0.018983 0.014274
0 0.700672 0.090760 0.011363 0.033372
0 0.670196 0.062789 0.010847 0.022955
0 0.664385 0.037905 0.013172 0.027199
0 0.646629 0.043403 0.019757 0.015046
0 0.680720 0.032407 0.021049 0.021605
0 0.670777 0.034916 0.010976 0.017361
0 0.719912 0.033565 0.016270 0.019290
0 0.734634 0.147570 0.013171 0.018904
0 0.758394 0.048901 0.015238 0.014468
0 0.789127 0.063271 0.012139 0.030093
0 0.782477 0.035108 0.021307 0.012346
0 0.778603 0.043017 0.017691 0.025849
0 0.782929 0.043113 0.013688 0.027585
0 0.796811 0.049383 0.010459 0.027006
0 0.831031 0.060185 0.019757 0.016204
0 0.855178 0.045525 0.020274 0.016204
0 0.825026 0.101177 0.017304 0.027971
0 0.802557 0.113426 0.012655 0.033951
0 0.792872 0.124614 0.019112 0.014660
0 0.759621 0.147280 0.016141 0.021412
0 0.790161 0.161554 0.012655 0.031443
0 0.830708 0.181327 0.017304 0.015432
0 0.858019 0.170043 0.022081 0.014467
0 0.864024 0.123940 0.009556 0.023341
0 0.884491 0.108603 0.019241 0.013503
0 0.927815 0.057677 0.012138 0.028935
0 0.935692 0.075425 0.022728 0.013503
0 0.917097 0.057002 0.009298 0.025270
0 0.947766 0.087674 0.015625 0.029514
0 0.893983 0.055266 0.009555 0.027199
0 0.882490 0.054398 0.022211 0.018519
0 0.900956 0.070023 0.018337 0.012732
0 0.885976 0.064815 0.016788 0.012346
0 0.897469 0.056134 0.015496 0.022763
0 0.892498 0.138503 0.020790 0.016204
0 0.916129 0.135223 0.026214 0.017361
0 0.922392 0.160784 0.020403 0.027971
0 0.909995 0.157697 0.016270 0.014467
0 0.888172 0.159433 0.011363 0.033372
0 0.946217 0.119020 0.011493 0.032793
0 0.952027 0.126254 0.012268 0.027970
0 0.953835 0.168789 0.011235 0.028935
0 0.948089 0.182099 0.010847 0.024692
0 0.920519 0.191551 0.023632 0.026620
0 0.927428 0.197338 0.009814 0.026621
0 0.879907 0.200521 0.009298 0.025270
0 0.869706 0.245660 0.011105 0.027199
0 0.822637 0.216243 0.013042 0.016590
0 0.835614 0.251833 0.010589 0.026042
0 0.855114 0.292246 0.009297 0.026620
0 0.801395 0.282793 0.009814 0.020061
0 0.747999 0.225888 0.013559 0.025077
0 0.935563 0.297840 0.010588 0.030092
0 0.950349 0.310186 0.013042 0.029321
0 0.946023 0.336709 0.023760 0.024112
0 0.944021 0.364776 0.014333 0.025078
0 0.950606 0.342785 0.017691 0.013503
0 0.947250 0.365934 0.016658 0.012731
0 0.888236 0.359954 0.012784 0.030092
0 0.832774 0.328993 0.015238 0.018711
0 0.783123 0.316840 0.019499 0.016011
0 0.733988 0.303144 0.009297 0.025270
0 0.772791 0.350598 0.021565 0.022184
0 0.800426 0.365259 0.016916 0.018325
0 0.816374 0.342014 0.014980 0.019676
0 0.855630 0.361786 0.010847 0.017168
0 0.718750 0.258005 0.010848 0.025655
0 0.712552 0.195409 0.011880 0.030479
0 0.701770 0.295235 0.009943 0.031057
0 0.952544 0.406346 0.011235 0.026813
0 0.932851 0.410204 0.010847 0.038773
0 0.954804 0.439719 0.012397 0.031829
0 0.947443 0.463542 0.019886 0.015818
0 0.957257 0.491609 0.010589 0.023341
0 0.944731 0.474248 0.009814 0.027199
0 0.954093 0.575907 0.015367 0.026042
0 0.946088 0.566261 0.018982 0.023341
0 0.929107 0.548804 0.024535 0.018132
0 0.925426 0.569348 0.015367 0.012925
0 0.909608 0.629919 0.010847 0.030285
0 0.891335 0.596258 0.014333 0.027392
0 0.872159 0.584105 0.010847 0.035494
0 0.898244 0.508199 0.013430 0.045717
0 0.901343 0.525849 0.010848 0.033950
0 0.856340 0.498167 0.015367 0.024113
0 0.843621 0.551697 0.011622 0.033179
0 0.834904 0.500579 0.019499 0.017361
0 0.816503 0.522762 0.009556 0.028550
0 0.798425 0.561439 0.012655 0.021412
0 0.780863 0.513021 0.014721 0.013310
0 0.773696 0.512153 0.016916 0.015818
0 0.778796 0.564621 0.020919 0.017361
0 0.808368 0.419078 0.013430 0.025656
0 0.782671 0.409336 0.017303 0.016203
0 0.832257 0.415413 0.010072 0.029514
0 0.850013 0.416184 0.014075 0.026427
0 0.883910 0.400946 0.016270 0.019869
0 0.907735 0.442322 0.017691 0.019676
0 0.863959 0.441165 0.022081 0.018132
0 0.889334 0.429302 0.009556 0.027971
0 0.871514 0.477334 0.013171 0.029128
0 0.949186 0.636670 0.020016 0.017169
0 0.900245 0.656635 0.022340 0.013889
0 0.889592 0.684028 0.009040 0.033179
0 0.945507 0.670910 0.020145 0.012345
0 0.949574 0.683160 0.016141 0.012538
0 0.945312 0.695024 0.025697 0.017361
0 0.938727 0.705440 0.022340 0.016590
0 0.939889 0.735533 0.020015 0.014275
0 0.872224 0.701099 0.017175 0.023341
0 0.863184 0.742380 0.016400 0.028743
0 0.846332 0.696180 0.010331 0.028935
0 0.848140 0.654321 0.010331 0.032407
0 0.910447 0.786844 0.017432 0.014274
0 0.945248 0.785301 0.020661 0.014274
0 0.945054 0.817322 0.023631 0.016589
0 0.720171 0.672743 0.018337 0.026813
0 0.747418 0.652006 0.010331 0.030864
0 0.777957 0.687789 0.011751 0.028742
0 0.769176 0.745950 0.021307 0.017361
0 0.797456 0.737558 0.016658 0.026814
0 0.804042 0.799382 0.012526 0.028549
0 0.765302 0.808160 0.021823 0.025270
0 0.844008 0.859472 0.020145 0.021027
0 0.892756 0.872878 0.018466 0.015818
0 0.708807 0.795717 0.021952 0.015047
0 0.674910 0.772763 0.019757 0.016975
0 0.666128 0.819058 0.024922 0.021605
0 0.708743 0.822145 0.023373 0.020062
0 0.626420 0.834491 0.024535 0.020062
0 0.686144 0.894579 0.016400 0.023341
0 0.682528 0.882620 0.021823 0.027971
0 0.715393 0.864583 0.019628 0.020062
0 0.784801 0.875193 0.021049 0.015818
0 0.717265 0.904321 0.028280 0.014660
0 0.671100 0.915798 0.017821 0.023341
0 0.645726 0.918693 0.018724 0.023727
0 0.625710 0.914930 0.015366 0.025077
0 0.618091 0.918307 0.016400 0.024499
0 0.877453 0.910687 0.010073 0.035880
0 0.787448 0.928627 0.026343 0.020061
0 0.575801 0.773533 0.022985 0.017747
0 0.571023 0.805362 0.017046 0.012731
0 0.520145 0.728009 0.020661 0.018519
0 0.567084 0.907601 0.017691 0.034336
0 0.443698 0.653838 0.014463 0.030285
0 0.510072 0.625482 0.010331 0.024112
0 0.567084 0.594811 0.019499 0.028357
0 0.619060 0.537230 0.018595 0.018904
0 0.696216 0.530575 0.018982 0.022184
0 0.658833 0.491127 0.025310 0.017747
0 0.678526 0.489198 0.016142 0.013889
0 0.621707 0.435571 0.021565 0.017746
0 0.711325 0.456983 0.022340 0.015046
0 0.573734 0.196181 0.019369 0.018905
0 0.663675 0.200618 0.017174 0.013117
0 0.640819 0.214506 0.018207 0.016204
0 0.948411 0.887056 0.017949 0.026814
0 0.939696 0.907022 0.024019 0.015432
