0 0.148954 0.123264 0.020532 0.016590
0 0.155475 0.158564 0.013430 0.029321
0 0.152118 0.201485 0.011880 0.017554
0 0.173102 0.218171 0.025439 0.015818
0 0.202867 0.195891 0.012655 0.023341
0 0.232567 0.094136 0.013172 0.031636
0 0.244706 0.053047 0.013688 0.029707
0 0.222301 0.102527 0.022340 0.016010
0 0.206225 0.135899 0.010589 0.028742
0 0.186338 0.143518 0.015237 0.016203
0 0.113830 0.169174 0.017949 0.018905
0 0.118543 0.148245 0.019629 0.030286
0 0.114282 0.158276 0.013171 0.025655
0 0.122740 0.206790 0.022340 0.017747
0 0.108988 0.238523 0.009298 0.024498
0 0.115379 0.258487 0.021048 0.017747
0 0.122159 0.129244 0.023761 0.017747
0 0.116671 0.127894 0.018983 0.024305
0 0.126937 0.102817 0.012138 0.025077
0 0.135201 0.075810 0.013688 0.026620
0 0.119577 0.077450 0.009297 0.032215
0 0.132489 0.054012 0.008781 0.033951
0 0.136945 0.047550 0.016142 0.021026
0 0.149987 0.036265 0.020015 0.013889
0 0.166516 0.059607 0.017433 0.020448
0 0.172004 0.078993 0.014980 0.025270
0 0.225982 0.050444 0.010847 0.022184
0 0.209000 0.032215 0.025697 0.015047
0 0.200801 0.060667 0.019369 0.017168
0 0.208936 0.238426 0.010330 0.027006
0 0.200930 0.251929 0.011880 0.020062
0 0.143207 0.256366 0.010073 0.027392
0 0.137913 0.281057 0.010847 0.026620
0 0.167872 0.252990 0.011880 0.027584
0 0.186467 0.287037 0.025310 0.020062
0 0.186854 0.300540 0.015755 0.011574
0 0.180204 0.319734 0.017950 0.017554
0 0.162577 0.346355 0.009039 0.027971
0 0.145919 0.355324 0.011881 0.028550
0 0.155992 0.407311 0.013430 0.027199
0 0.140108 0.393711 0.008007 0.018132
0 0.111054 0.378569 0.022727 0.024498
0 0.109245 0.412520 0.016529 0.024499
0 0.107890 0.424287 0.015366 0.024113
0 0.114670 0.441262 0.011363 0.029514
0 0.111376 0.443287 0.020791 0.016976
0 0.220042 0.366898 0.012397 0.030093
0 0.166968 0.425154 0.018337 0.016203
0 0.190082 0.441069 0.010331 0.026042
0 0.276343 0.377315 0.014980 0.030864
0 0.273244 0.314525 0.014979 0.020255
0 0.263818 0.282022 0.018337 0.014661
0 0.155733 0.444348 0.014979 0.029900
0 0.205321 0.471837 0.022211 0.026234
0 0.240702 0.430652 0.010331 0.029514
0 0.242769 0.517940 0.009814 0.033564
0 0.266077 0.494792 0.019240 0.016589
0 0.222947 0.535687 0.012268 0.033565
0 0.207774 0.514178 0.011622 0.032214
0 0.259685 0.555169 0.019370 0.013889
0 0.237086 0.588059 0.018595 0.015625
0 0.234827 0.617284 0.021566 0.016976
0 0.190212 0.616320 0.014204 0.033565
0 0.133974 0.616802 0.023631 0.019869
0 0.102466 0.638696 0.014851 0.017361
0 0.112022 0.503858 0.016916 0.025463
0 0.105242 0.473476 0.016271 0.017554
0 0.136299 0.451871 0.015883 0.027199
0 0.114476 0.466435 0.013559 0.031636
0 0.108277 0.475888 0.020791 0.013503
0 0.112281 0.485918 0.012268 0.027392
0 0.117252 0.529899 0.002066 0.014275
0 0.112926 0.657986 0.026988 0.015818
0 0.156702 0.664834 0.016400 0.019097
0 0.203964 0.643518 0.016400 0.013889
0 0.244382 0.652006 0.021565 0.015432
0 0.285641 0.654706 0.019111 0.013889
0 0.260589 0.657601 0.013946 0.013503
0 0.267820 0.704861 0.026860 0.020834
0 0.286674 0.730710 0.022727 0.016976
0 0.277118 0.776814 0.018595 0.017361
0 0.243866 0.774402 0.013818 0.032215
0 0.210873 0.746431 0.011622 0.027971
0 0.174264 0.710744 0.014850 0.024884
0 0.188726 0.686535 0.019499 0.019676
0 0.161544 0.688851 0.014205 0.021991
0 0.107116 0.681616 0.023631 0.029129
0 0.159995 0.740066 0.019370 0.029513
0 0.165999 0.776621 0.016917 0.025463
0 0.157670 0.791088 0.010073 0.025077
0 0.129649 0.806906 0.021178 0.015046
0 0.122805 0.804688 0.018337 0.019483
0 0.122869 0.785301 0.021048 0.026620
0 0.128810 0.734761 0.022081 0.018904
0 0.098334 0.714506 0.014851 0.034722
0 0.099173 0.728106 0.011881 0.025656
0 0.112216 0.767168 0.021952 0.032022
0 0.104274 0.765432 0.021048 0.020062
0 0.096591 0.785398 0.014463 0.029899
0 0.102983 0.813271 0.025697 0.020061
0 0.237086 0.811632 0.016529 0.027199
0 0.301072 0.782600 0.018982 0.018904
0 0.300104 0.798225 0.019112 0.012346
0 0.292226 0.810957 0.021953 0.015432
0 0.097301 0.831404 0.014850 0.033179
0 0.117058 0.838542 0.013042 0.029707
0 0.135718 0.843268 0.009040 0.031443
0 0.111441 0.899498 0.016787 0.020448
0 0.096978 0.889564 0.011622 0.034915
0 0.107697 0.914930 0.010331 0.028935
0 0.115961 0.914834 0.021177 0.022184
0 0.117833 0.928723 0.014592 0.019868
0 0.128099 0.920718 0.010331 0.030478
0 0.155927 0.848573 0.016917 0.017361
0 0.144693 0.864391 0.016142 0.034336
0 0.153022 0.902585 0.010589 0.028164
0 0.220364 0.861979 0.018724 0.028357
0 0.251033 0.865548 0.013430 0.038966
0 0.298360 0.826582 0.023115 0.018904
0 0.303719 0.860629 0.010848 0.029128
0 0.254390 0.913773 0.023244 0.019676
0 0.235214 0.925154 0.018208 0.032408
0 0.219654 0.928338 0.013688 0.027585
0 0.176782 0.899884 0.019370 0.016589
0 0.189049 0.917535 0.011363 0.026813
0 0.205127 0.925636 0.014850 0.027585
0 0.167097 0.905478 0.007232 0.007716
0 0.291193 0.928337 0.018853 0.014467
0 0.316568 0.873842 0.022340 0.017747
0 0.297262 0.907408 0.020145 0.016203
0 0.327285 0.861496 0.020016 0.017747
0 0.338972 0.916667 0.009040 0.037809
0 0.324251 0.918210 0.010589 0.030092
0 0.309401 0.918500 0.011364 0.027971
0 0.368607 0.784915 0.021565 0.014274
0 0.402441 0.866898 0.018207 0.026234
0 0.404378 0.891204 0.020790 0.013889
0 0.367962 0.937693 0.016141 0.021991
0 0.386364 0.934124 0.019628 0.020640
0 0.407154 0.932967 0.016788 0.020641
0 0.419551 0.925444 0.014721 0.024112
0 0.410834 0.917053 0.012784 0.010031
0 0.446927 0.931520 0.015238 0.026620
0 0.469783 0.932870 0.023761 0.023920
0 0.500517 0.870949 0.022727 0.014274
0 0.512784 0.928144 0.019886 0.033372
0 0.548102 0.939140 0.015625 0.020641
0 0.606857 0.894290 0.022857 0.027778
0 0.616671 0.934799 0.010718 0.024691
0 0.637009 0.933160 0.011622 0.024884
0 0.504971 0.748457 0.020791 0.016204
0 0.665612 0.745178 0.020274 0.012731
0 0.655346 0.812018 0.013688 0.019483
0 0.671617 0.863619 0.020403 0.017361
0 0.691309 0.818673 0.021049 0.017747
0 0.721526 0.829283 0.020532 0.016589
0 0.751807 0.841821 0.024277 0.016976
0 0.776924 0.866898 0.023890 0.018518
0 0.729210 0.872686 0.017303 0.016975
0 0.726046 0.922743 0.012526 0.023342
0 0.726304 0.895447 0.022081 0.017747
0 0.715780 0.942130 0.026084 0.017747
0 0.743479 0.930363 0.018982 0.023534
0 0.746901 0.936728 0.019112 0.019290
0 0.772469 0.933642 0.021178 0.019290
0 0.792613 0.930845 0.010847 0.030285
0 0.786932 0.941068 0.018079 0.014467
0 0.847430 0.930073 0.015625 0.028742
0 0.891012 0.837577 0.020145 0.017747
0 0.846333 0.787230 0.025310 0.018132
0 0.790871 0.812211 0.014075 0.026813
0 0.756715 0.765625 0.020145 0.016590
0 0.844654 0.753858 0.020920 0.014660
0 0.861182 0.753954 0.012655 0.028743
0 0.897857 0.778646 0.024535 0.022955
0 0.883522 0.737268 0.024277 0.017747
0 0.915096 0.932291 0.015883 0.024305
0 0.927299 0.913870 0.013688 0.035686
0 0.935563 0.872685 0.019886 0.015432
0 0.933303 0.832369 0.025956 0.019676
0 0.937887 0.781635 0.014721 0.029321
0 0.940147 0.750000 0.016916 0.027778
0 0.931947 0.738811 0.019886 0.014661
0 0.936983 0.720872 0.021177 0.019676
0 0.831999 0.711227 0.012138 0.030478
0 0.835357 0.663677 0.012139 0.031057
0 0.872482 0.627122 0.010201 0.025848
0 0.842911 0.618924 0.014075 0.017939
0 0.825930 0.613619 0.020145 0.021991
0 0.786867 0.564911 0.009169 0.025270
0 0.867188 0.564911 0.020790 0.013311
0 0.874419 0.543499 0.022857 0.020640
0 0.883006 0.528067 0.013946 0.042246
0 0.871642 0.561921 0.011881 0.037423
0 0.821540 0.511960 0.017045 0.016204
0 0.940663 0.582080 0.013817 0.022955
0 0.936079 0.575424 0.015238 0.028164
0 0.925039 0.632427 0.014592 0.029128
0 0.934271 0.648437 0.022469 0.017555
0 0.934788 0.685956 0.017304 0.017747
0 0.921746 0.705825 0.006714 0.011189
0 0.699122 0.509356 0.017046 0.016782
0 0.756714 0.523245 0.016529 0.018711
0 0.774729 0.519097 0.013818 0.018904
0 0.795971 0.514757 0.009298 0.024498
0 0.778797 0.454958 0.013171 0.031057
0 0.719202 0.578318 0.021307 0.013889
0 0.695377 0.469715 0.019370 0.016589
0 0.742511 0.420621 0.009297 0.030285
0 0.773760 0.418982 0.020145 0.018519
0 0.815922 0.402585 0.018982 0.013503
0 0.805527 0.376929 0.011880 0.023920
0 0.779442 0.372395 0.014979 0.019483
0 0.753099 0.367862 0.021177 0.022762
0 0.833678 0.425154 0.012914 0.023919
0 0.884362 0.444734 0.013301 0.027199
0 0.860537 0.432967 0.010847 0.026042
0 0.849432 0.452739 0.020661 0.018904
0 0.857438 0.495563 0.013430 0.032021
0 0.849496 0.533661 0.012526 0.025270
0 0.872804 0.478395 0.011105 0.029321
0 0.891142 0.504919 0.011621 0.031828
0 0.884814 0.544561 0.010848 0.033565
0 0.764915 0.300347 0.010460 0.025849
0 0.787706 0.351080 0.012397 0.030864
0 0.804623 0.314525 0.010589 0.026041
0 0.811531 0.282504 0.010201 0.024498
0 0.826511 0.316358 0.018207 0.026235
0 0.838714 0.379533 0.010072 0.027199
0 0.838326 0.302855 0.009297 0.024692
0 0.850078 0.298707 0.010589 0.024884
0 0.873063 0.274594 0.009556 0.027585
0 0.875130 0.324749 0.010589 0.025656
0 0.893918 0.268037 0.010201 0.030671
0 0.899213 0.264082 0.012268 0.031250
0 0.890108 0.233507 0.012655 0.028357
0 0.854985 0.254340 0.012655 0.026813
0 0.826317 0.239872 0.019370 0.023727
0 0.823089 0.219328 0.010847 0.021219
0 0.799006 0.229166 0.016916 0.022376
0 0.803396 0.201775 0.022856 0.016204
0 0.931883 0.317226 0.017949 0.023727
0 0.926072 0.332658 0.016658 0.012924
0 0.932206 0.351273 0.018853 0.015046
0 0.919938 0.347029 0.012397 0.029707
0 0.935369 0.382812 0.016658 0.030671
0 0.930139 0.372203 0.013688 0.020641
0 0.925684 0.288002 0.024147 0.018904
0 0.936725 0.251351 0.008264 0.021219
0 0.932851 0.230710 0.018595 0.023920
0 0.926201 0.221258 0.020015 0.019676
0 0.703512 0.266783 0.009814 0.025077
0 0.761816 0.158179 0.020790 0.017746
0 0.785253 0.150462 0.019887 0.025463
0 0.808884 0.166280 0.016012 0.013889
0 0.788610 0.141782 0.017821 0.015047
0 0.833677 0.137539 0.017045 0.014275
0 0.802363 0.118634 0.011235 0.019676
0 0.820312 0.101466 0.021565 0.020062
0 0.873967 0.179591 0.022728 0.016590
0 0.835098 0.113136 0.014204 0.021026
0 0.839618 0.141879 0.008264 0.016782
0 0.741090 0.114198 0.018854 0.014661
0 0.747417 0.064429 0.009814 0.027006
0 0.725077 0.063272 0.017304 0.027006
0 0.700284 0.046971 0.021953 0.025270
0 0.683755 0.048997 0.017820 0.023148
0 0.688275 0.063947 0.010330 0.033757
0 0.808497 0.070023 0.011622 0.030478
0 0.810821 0.055941 0.021436 0.020062
0 0.819603 0.068673 0.014721 0.030093
0 0.851627 0.059607 0.024018 0.020448
0 0.846720 0.066647 0.013172 0.028356
0 0.861506 0.114391 0.021823 0.015047
0 0.880424 0.067419 0.016013 0.032215
0 0.897469 0.133102 0.024277 0.020834
0 0.910640 0.135127 0.010331 0.021412
0 0.894951 0.128472 0.022598 0.016204
0 0.900052 0.067323 0.020145 0.025077
0 0.920842 0.086420 0.013688 0.020061
0 0.934207 0.136864 0.010718 0.027971
0 0.924071 0.140721 0.020145 0.016011
0 0.928396 0.157793 0.020273 0.026234
0 0.675039 0.223766 0.018982 0.013889
0 0.643272 0.214892 0.017175 0.016204
0 0.622095 0.230710 0.020015 0.013889
0 0.553654 0.214313 0.017691 0.018904
0 0.583419 0.108507 0.010331 0.027200
0 0.673102 0.161748 0.022082 0.020641
0 0.657671 0.082851 0.012139 0.028356
0 0.673425 0.046393 0.013688 0.021026
0 0.668195 0.045138 0.022082 0.013889
0 0.611958 0.050733 0.017820 0.017362
0 0.574057 0.051890 0.021307 0.015047
0 0.574186 0.058256 0.015108 0.027006
0 0.570765 0.086034 0.020145 0.013888
0 0.558238 0.050926 0.010073 0.028549
0 0.551007 0.043982 0.011622 0.024691
0 0.534285 0.044754 0.021307 0.017747
0 0.518014 0.081019 0.016658 0.027778
0 0.471139 0.168210 0.018983 0.017747
0 0.470945 0.113619 0.018854 0.015818
0 0.473527 0.043113 0.012655 0.029128
0 0.460098 0.043981 0.016788 0.019290
0 0.431301 0.043017 0.016012 0.028935
0 0.435628 0.050829 0.013559 0.024499
0 0.408704 0.064236 0.013688 0.033565
0 0.415354 0.124614 0.018982 0.016204
0 0.385008 0.130980 0.023373 0.016590
0 0.401084 0.152585 0.017045 0.013503
0 0.388882 0.054012 0.020790 0.015432
0 0.378745 0.050058 0.010589 0.027585
0 0.369124 0.046489 0.013817 0.020448
0 0.353177 0.046875 0.020403 0.018904
0 0.326511 0.183449 0.022856 0.015818
0 0.349238 0.193866 0.016916 0.011188
0 0.273115 0.048611 0.012655 0.032407
0 0.273373 0.052373 0.010072 0.029900
0 0.312630 0.111883 0.020403 0.016204
0 0.314953 0.158950 0.012139 0.030093
0 0.347495 0.367669 0.020919 0.020833
0 0.312952 0.382523 0.012526 0.015046
0 0.379843 0.446759 0.018725 0.020062
0 0.404248 0.517362 0.010718 0.025463
0 0.309982 0.479167 0.015625 0.018518
0 0.315792 0.509356 0.017691 0.022569
0 0.312371 0.580054 0.011622 0.028164
0 0.373773 0.697434 0.019240 0.012153
0 0.346333 0.755498 0.011364 0.027585
0 0.450801 0.646798 0.011622 0.030479
0 0.464876 0.669078 0.008265 0.018711
0 0.524212 0.579861 0.015367 0.013118
0 0.552557 0.617380 0.017304 0.025656
0 0.576640 0.594522 0.022598 0.019290
0 0.606082 0.555362 0.019499 0.018905
0 0.708226 0.690393 0.018724 0.025849
0 0.733988 0.680556 0.013429 0.031635
0 0.765431 0.702739 0.012010 0.027392
0 0.649083 0.509452 0.023373 0.018904
0 0.669550 0.498457 0.016271 0.018518
0 0.603306 0.452546 0.020145 0.016975
0 0.707128 0.331115 0.011364 0.029514
