0 0.492381 0.396123 0.017820 0.029899
0 0.490961 0.517458 0.014979 0.033371
0 0.519886 0.587866 0.013430 0.032214
0 0.587036 0.589506 0.018595 0.017747
0 0.581547 0.562403 0.014850 0.018711
0 0.552557 0.482060 0.019370 0.015818
0 0.540290 0.398919 0.018595 0.017747
0 0.574445 0.392265 0.015625 0.013311
0 0.675685 0.514179 0.013301 0.031057
0 0.679752 0.625096 0.017046 0.022183
0 0.711648 0.603974 0.021436 0.015818
0 0.721268 0.513117 0.014076 0.020062
0 0.687177 0.452160 0.018466 0.013117
0 0.668969 0.390046 0.020790 0.017747
0 0.697508 0.354649 0.021565 0.013310
0 0.729145 0.394483 0.019240 0.013504
0 0.732050 0.424575 0.016271 0.028935
0 0.720171 0.445601 0.016271 0.017747
0 0.465005 0.538002 0.016270 0.018904
0 0.630876 0.683835 0.018466 0.024306
0 0.570248 0.654900 0.013430 0.015818
0 0.711906 0.696952 0.017820 0.024306
0 0.737345 0.688754 0.011880 0.021026
0 0.766787 0.595004 0.011880 0.037616
0 0.779442 0.528646 0.010330 0.019868
0 0.705773 0.470486 0.015625 0.032022
0 0.650762 0.620178 0.012526 0.016590
0 0.776213 0.469232 0.012655 0.021027
0 0.795196 0.429495 0.011880 0.032214
0 0.822895 0.430556 0.014075 0.027778
0 0.854339 0.402970 0.011880 0.034336
0 0.878228 0.430073 0.014721 0.035301
0 0.845558 0.504919 0.011880 0.023342
0 0.844848 0.556809 0.016400 0.029900
0 0.892304 0.554013 0.022211 0.017747
0 0.902635 0.474826 0.010331 0.032214
0 0.908575 0.404031 0.013429 0.036459
0 0.795454 0.602431 0.016529 0.022763
0 0.831095 0.592207 0.013946 0.020833
0 0.869641 0.584973 0.017174 0.017940
0 0.854726 0.626640 0.012655 0.029513
0 0.837552 0.662423 0.013946 0.020834
0 0.859504 0.683256 0.016012 0.016975
0 0.891529 0.721836 0.010330 0.020061
0 0.862926 0.720969 0.014076 0.019869
0 0.828577 0.694541 0.011493 0.013310
0 0.842652 0.694831 0.014076 0.016975
0 0.819086 0.726080 0.017821 0.019290
0 0.780862 0.721933 0.015238 0.021798
0 0.742768 0.774402 0.010331 0.013310
0 0.565341 0.199942 0.016529 0.038001
0 0.529701 0.248553 0.011363 0.019869
0 0.561789 0.292824 0.015883 0.015432
0 0.634040 0.258101 0.008781 0.033179
0 0.654958 0.184606 0.010331 0.026620
0 0.681366 0.187404 0.014592 0.017169
0 0.681690 0.270833 0.012655 0.024692
0 0.697249 0.325039 0.014591 0.018905
0 0.701446 0.287616 0.013946 0.031250
0 0.719848 0.288098 0.012784 0.017168
0 0.745868 0.337577 0.019112 0.020834
0 0.776214 0.398726 0.009556 0.021991
0 0.788610 0.339024 0.012655 0.027585
0 0.799328 0.251350 0.011363 0.038966
0 0.825413 0.303819 0.015496 0.031250
0 0.849560 0.264853 0.012655 0.031250
0 0.867381 0.355034 0.010072 0.019869
0 0.846010 0.337577 0.017175 0.024692
0 0.400956 0.359857 0.020920 0.025656
0 0.412384 0.393518 0.019757 0.015433
0 0.334194 0.377315 0.019628 0.020834
0 0.356018 0.455729 0.017820 0.021798
0 0.424716 0.250096 0.020403 0.017168
0 0.450607 0.246334 0.017174 0.013503
0 0.487151 0.182677 0.020274 0.018905
0 0.520725 0.195024 0.021565 0.021219
0 0.549781 0.135224 0.015883 0.030478
0 0.448670 0.144676 0.013300 0.019290
0 0.438017 0.170331 0.016529 0.021219
0 0.420713 0.147570 0.016013 0.013503
0 0.434401 0.078607 0.011364 0.027585
0 0.465845 0.096257 0.017175 0.013503
0 0.466168 0.128955 0.011363 0.025656
0 0.356340 0.222029 0.018466 0.021990
0 0.384814 0.264853 0.016529 0.014275
0 0.403539 0.244405 0.014721 0.017361
0 0.387655 0.280478 0.022210 0.016975
0 0.298877 0.179302 0.020273 0.019869
0 0.342652 0.213638 0.008910 0.025656
0 0.716684 0.198688 0.011364 0.028549
0 0.756844 0.216821 0.017820 0.015432
0 0.775245 0.239583 0.014076 0.011574
0 0.923102 0.340471 0.021048 0.018904
0 0.922133 0.291570 0.017820 0.019869
0 0.930591 0.264467 0.018466 0.022763
0 0.938339 0.323882 0.013301 0.018133
0 0.909284 0.254823 0.020274 0.015047
0 0.711519 0.171296 0.019112 0.019290
0 0.633071 0.138117 0.012010 0.024692
0 0.681689 0.076678 0.017820 0.027585
0 0.716684 0.101948 0.016529 0.017169
0 0.679429 0.097222 0.015883 0.015432
0 0.555204 0.085841 0.016658 0.015046
0 0.152828 0.285783 0.015884 0.033372
0 0.195571 0.272859 0.019758 0.028357
0 0.199638 0.233025 0.010331 0.028550
0 0.182464 0.208334 0.011622 0.024691
0 0.199122 0.186053 0.016529 0.021798
0 0.263946 0.194348 0.011364 0.025656
0 0.248708 0.271895 0.016529 0.022955
0 0.246707 0.366898 0.020274 0.015432
0 0.249161 0.429591 0.012784 0.026620
0 0.239669 0.457658 0.013947 0.029514
0 0.224432 0.503665 0.016529 0.015046
0 0.198412 0.463445 0.015367 0.014082
0 0.174845 0.439333 0.021694 0.011381
0 0.179042 0.407793 0.014592 0.016976
0 0.198993 0.380208 0.006457 0.026620
0 0.227919 0.389275 0.012138 0.020062
0 0.216749 0.438657 0.014075 0.016204
0 0.180268 0.311921 0.013430 0.022763
0 0.191439 0.339024 0.011493 0.025656
0 0.124612 0.317515 0.020403 0.011574
0 0.286092 0.560860 0.020273 0.015239
0 0.262913 0.529321 0.013429 0.013118
0 0.369254 0.642554 0.017174 0.026620
0 0.287320 0.613040 0.012655 0.020834
0 0.284865 0.646412 0.012913 0.026620
0 0.264850 0.683256 0.009555 0.013117
0 0.293130 0.708430 0.013946 0.021798
0 0.272081 0.766976 0.020403 0.020833
0 0.240380 0.781539 0.012784 0.025656
0 0.231147 0.760224 0.013430 0.022763
0 0.221204 0.716146 0.015237 0.017940
0 0.103112 0.373553 0.014076 0.016011
0 0.092136 0.427373 0.011234 0.021027
0 0.110473 0.429977 0.013817 0.021990
0 0.107697 0.415605 0.008265 0.019869
0 0.135201 0.406829 0.011105 0.029707
0 0.162448 0.407986 0.010331 0.021991
0 0.199445 0.533950 0.018466 0.013117
0 0.137397 0.509452 0.015496 0.025849
0 0.101046 0.471451 0.018208 0.015432
0 0.108471 0.469425 0.016528 0.025656
0 0.089295 0.491705 0.012784 0.018905
0 0.103241 0.487654 0.015883 0.009259
0 0.091619 0.504919 0.010201 0.019097
0 0.095106 0.541667 0.016142 0.014661
0 0.126291 0.563658 0.013946 0.027778
0 0.179171 0.569445 0.010976 0.024691
0 0.146565 0.608024 0.009040 0.021605
0 0.143789 0.625290 0.011751 0.023727
0 0.085615 0.564429 0.010589 0.012346
0 0.104985 0.573206 0.006973 0.022184
0 0.120093 0.635127 0.006714 0.026814
0 0.090522 0.602623 0.009556 0.023148
0 0.086131 0.628954 0.009039 0.028743
0 0.083032 0.649788 0.006974 0.014854
0 0.102530 0.601659 0.008781 0.025848
0 0.100336 0.237268 0.016787 0.021605
0 0.093363 0.323303 0.009555 0.026234
0 0.102079 0.281925 0.016141 0.016397
0 0.092523 0.295139 0.010977 0.016975
0 0.102790 0.303916 0.016529 0.013310
0 0.102983 0.321373 0.012784 0.015433
0 0.102789 0.189429 0.012397 0.013888
0 0.108730 0.169560 0.018595 0.011188
0 0.116413 0.170910 0.014850 0.012345
0 0.119059 0.184992 0.018595 0.007330
0 0.141206 0.209105 0.018982 0.012346
0 0.161738 0.164352 0.017175 0.011574
0 0.169551 0.137828 0.009556 0.025656
0 0.137203 0.136188 0.016142 0.012346
0 0.151085 0.107060 0.015496 0.011960
0 0.128358 0.118056 0.020661 0.015432
0 0.105953 0.108314 0.013042 0.020641
0 0.111635 0.130980 0.016141 0.020448
0 0.108729 0.085841 0.010331 0.014274
0 0.107632 0.062596 0.009685 0.019483
0 0.115960 0.049769 0.012397 0.020062
0 0.128745 0.053241 0.007490 0.023148
0 0.122224 0.028742 0.014076 0.011188
0 0.127970 0.018904 0.007490 0.020062
0 0.139721 0.020061 0.006198 0.018519
0 0.155217 0.026042 0.008264 0.021991
0 0.143466 0.063272 0.009556 0.024692
0 0.169293 0.029225 0.009039 0.019869
0 0.191890 0.074942 0.007747 0.025656
0 0.188016 0.042824 0.008265 0.018519
0 0.189566 0.024498 0.008264 0.025077
0 0.198735 0.022762 0.013172 0.021605
0 0.201576 0.089603 0.007489 0.024113
0 0.224109 0.101659 0.013043 0.019676
0 0.240315 0.108796 0.009556 0.023149
0 0.251873 0.137249 0.020273 0.016397
0 0.264656 0.078028 0.012009 0.013310
0 0.235215 0.072531 0.013043 0.018518
0 0.217330 0.054688 0.005940 0.022184
0 0.224625 0.054977 0.016142 0.014274
0 0.218621 0.030286 0.016788 0.015817
0 0.248192 0.014950 0.010331 0.014468
0 0.237345 0.012346 0.011363 0.009259
0 0.259104 0.051505 0.014850 0.023534
0 0.254132 0.076581 0.008264 0.010417
0 0.275052 0.012924 0.018595 0.014274
0 0.271565 0.042149 0.009040 0.019483
0 0.302299 0.068769 0.018853 0.021027
0 0.299716 0.112847 0.011622 0.025077
0 0.329610 0.129630 0.012784 0.013889
0 0.335291 0.152585 0.013817 0.010416
0 0.365509 0.163484 0.013817 0.013310
0 0.366284 0.181231 0.018207 0.014467
0 0.325349 0.094039 0.014850 0.020640
0 0.311725 0.088831 0.008264 0.024112
0 0.317084 0.066165 0.009943 0.015046
0 0.299135 0.041281 0.015883 0.021605
0 0.299071 0.028453 0.008781 0.024498
0 0.289773 0.022184 0.008265 0.014275
0 0.336906 0.024498 0.007490 0.018905
0 0.338714 0.034915 0.008006 0.011189
0 0.344525 0.061439 0.009814 0.025656
0 0.337487 0.077643 0.010976 0.010610
0 0.390238 0.097897 0.012397 0.021797
0 0.406508 0.092014 0.017562 0.012732
0 0.355501 0.031539 0.010589 0.026813
0 0.377453 0.017651 0.011622 0.014467
0 0.379390 0.028549 0.007747 0.016975
0 0.400052 0.025463 0.009814 0.020834
0 0.407477 0.033565 0.006844 0.020834
0 0.396307 0.029321 0.010589 0.011574
0 0.409865 0.021508 0.006715 0.016783
0 0.411674 0.044849 0.008781 0.017168
0 0.423812 0.026042 0.007748 0.025849
0 0.453060 0.019772 0.010202 0.023341
0 0.482825 0.018422 0.015238 0.017554
0 0.503938 0.026813 0.008652 0.024306
0 0.536997 0.063561 0.016917 0.018711
0 0.515302 0.029128 0.013818 0.021219
0 0.530475 0.021123 0.011880 0.022956
0 0.540871 0.022087 0.003487 0.020255
0 0.545196 0.025849 0.005682 0.017747
0 0.559724 0.027199 0.016658 0.019676
0 0.580127 0.062500 0.018983 0.010802
0 0.594395 0.034722 0.018853 0.011574
0 0.594009 0.030768 0.009298 0.023727
0 0.611053 0.033854 0.004649 0.019097
0 0.629326 0.044849 0.006844 0.020255
0 0.634943 0.049479 0.008006 0.021798
0 0.641723 0.069348 0.014592 0.023727
0 0.639786 0.030575 0.008910 0.022569
0 0.666064 0.033565 0.011880 0.011574
0 0.679364 0.035590 0.012655 0.021798
0 0.690147 0.016107 0.016142 0.011381
0 0.695119 0.034047 0.007490 0.017168
0 0.713197 0.038869 0.009556 0.024499
0 0.723657 0.033468 0.008264 0.027585
0 0.733665 0.051408 0.011235 0.020255
0 0.745868 0.027392 0.006199 0.012345
0 0.730436 0.084491 0.019241 0.015432
0 0.778797 0.104359 0.009039 0.022762
0 0.793711 0.146894 0.013042 0.012925
0 0.804235 0.079957 0.012913 0.017168
0 0.788868 0.039448 0.011105 0.021027
0 0.803913 0.029707 0.013559 0.013118
0 0.821668 0.064333 0.016270 0.016011
0 0.836906 0.049961 0.016788 0.011188
0 0.832839 0.028356 0.012267 0.021219
0 0.833548 0.031829 0.015238 0.010417
0 0.855243 0.041570 0.008523 0.029900
0 0.851498 0.060956 0.006715 0.025463
0 0.880424 0.059703 0.006199 0.026041
0 0.817278 0.123071 0.015754 0.010030
0 0.805915 0.130980 0.016787 0.012732
0 0.839230 0.163388 0.014721 0.016590
0 0.883007 0.162326 0.008781 0.024499
0 0.900116 0.046779 0.009685 0.027971
0 0.918324 0.052276 0.022340 0.012732
0 0.893595 0.085648 0.010331 0.013117
0 0.893660 0.105131 0.021048 0.012732
0 0.871707 0.107638 0.016400 0.017747
0 0.889528 0.131558 0.021048 0.013117
0 0.905411 0.086613 0.005811 0.017361
0 0.925814 0.081694 0.015108 0.013311
0 0.920261 0.066937 0.013300 0.008873
0 0.923554 0.075521 0.010330 0.012153
0 0.921358 0.091918 0.010589 0.017939
0 0.917872 0.111401 0.012914 0.022184
0 0.928977 0.115451 0.012913 0.027199
0 0.930333 0.171103 0.013817 0.010417
0 0.898115 0.176312 0.010072 0.028550
0 0.927170 0.152971 0.018078 0.010417
0 0.927492 0.186921 0.015884 0.011188
0 0.921811 0.195216 0.013300 0.017746
0 0.928203 0.210359 0.012397 0.021026
0 0.749290 0.168788 0.016400 0.012732
0 0.743156 0.167631 0.016788 0.015046
0 0.421229 0.670910 0.014979 0.021605
0 0.420003 0.729167 0.018466 0.016975
0 0.480049 0.686535 0.017692 0.010417
0 0.495158 0.735918 0.028021 0.021219
0 0.546810 0.722994 0.013817 0.011574
0 0.614475 0.801697 0.013817 0.021605
0 0.633522 0.777778 0.017045 0.021605
0 0.633007 0.845197 0.012397 0.029514
0 0.665935 0.783468 0.009040 0.029513
0 0.621384 0.873360 0.012913 0.024113
0 0.576318 0.857928 0.014721 0.016397
0 0.558432 0.815007 0.017691 0.014275
0 0.554365 0.785880 0.017304 0.013889
0 0.539386 0.778936 0.020403 0.013889
0 0.480953 0.813368 0.018207 0.017554
0 0.473011 0.839120 0.017303 0.013117
0 0.559530 0.878086 0.020919 0.013117
0 0.425490 0.869985 0.018337 0.011574
0 0.437436 0.834298 0.022081 0.014275
0 0.428654 0.816358 0.018466 0.016976
0 0.418130 0.841243 0.007232 0.025077
0 0.390560 0.763021 0.015625 0.020640
0 0.382037 0.845293 0.015108 0.032407
0 0.361506 0.889660 0.018466 0.012345
0 0.367962 0.921393 0.018466 0.014468
0 0.382296 0.903067 0.015625 0.021026
0 0.398502 0.920621 0.012396 0.022956
0 0.441697 0.927277 0.020016 0.013503
0 0.456031 0.918114 0.015109 0.024113
0 0.474754 0.918403 0.013817 0.015046
0 0.492381 0.904224 0.011622 0.034915
0 0.513300 0.885802 0.009039 0.027778
0 0.509814 0.910205 0.007748 0.022955
0 0.518208 0.931134 0.012138 0.015818
0 0.524536 0.905092 0.008781 0.025463
0 0.527118 0.922840 0.014980 0.018518
0 0.588068 0.919657 0.012397 0.021026
0 0.574380 0.918114 0.009814 0.024113
0 0.563081 0.918500 0.009427 0.023341
0 0.552492 0.917439 0.011751 0.025463
0 0.534672 0.923804 0.011493 0.015046
0 0.542420 0.929398 0.013042 0.012346
0 0.659607 0.929012 0.010331 0.013118
0 0.691439 0.918595 0.013300 0.028549
0 0.697443 0.837095 0.014204 0.026428
0 0.699122 0.795525 0.014979 0.012346
0 0.706353 0.758391 0.016529 0.011381
0 0.720171 0.849055 0.009039 0.030285
0 0.741283 0.836998 0.017433 0.015817
0 0.733471 0.920911 0.016529 0.022377
0 0.713907 0.911844 0.013042 0.021220
0 0.767239 0.882523 0.011493 0.025078
0 0.782154 0.849055 0.008522 0.020254
0 0.792936 0.899113 0.011751 0.015046
0 0.786544 0.921682 0.017304 0.012346
0 0.818246 0.927180 0.011751 0.013696
0 0.812177 0.880883 0.015625 0.019869
0 0.821281 0.834877 0.018595 0.018518
0 0.857244 0.838638 0.015367 0.023341
0 0.847688 0.798226 0.016400 0.021605
0 0.821345 0.748071 0.010976 0.010802
0 0.845235 0.739005 0.009168 0.011959
0 0.882360 0.757041 0.012655 0.023341
0 0.906895 0.814236 0.014721 0.018904
0 0.885976 0.839699 0.010589 0.031250
0 0.931689 0.816647 0.022985 0.022955
0 0.932786 0.794174 0.021823 0.031250
0 0.942278 0.840761 0.010072 0.023341
0 0.943117 0.885224 0.010976 0.030479
0 0.932787 0.905092 0.011493 0.025463
0 0.930140 0.890721 0.010589 0.026428
0 0.919099 0.913580 0.017691 0.012346
0 0.899147 0.888503 0.020919 0.018518
0 0.909285 0.926891 0.021823 0.014275
0 0.846010 0.916377 0.016400 0.029899
0 0.836518 0.914063 0.008265 0.036072
0 0.834711 0.920042 0.011880 0.022570
0 0.936208 0.740258 0.016529 0.026427
0 0.942989 0.713253 0.009685 0.020255
0 0.941180 0.654321 0.015883 0.025463
0 0.942278 0.613233 0.011105 0.025848
0 0.938792 0.584008 0.008781 0.023727
0 0.934400 0.560281 0.014979 0.020255
0 0.932529 0.531057 0.017691 0.016590
0 0.820506 0.485918 0.008264 0.018133
0 0.936983 0.511864 0.017046 0.011381
0 0.932335 0.504244 0.017045 0.012346
0 0.942084 0.453704 0.011493 0.013118
0 0.927880 0.449653 0.013043 0.018904
0 0.930591 0.418017 0.014333 0.008874
0 0.935886 0.437982 0.015625 0.014468
0 0.371255 0.724634 0.010072 0.023341
0 0.317923 0.780864 0.011880 0.012346
0 0.338262 0.777585 0.011234 0.021990
0 0.323863 0.805459 0.012913 0.014468
0 0.339553 0.798707 0.012009 0.020255
0 0.342652 0.817516 0.010718 0.021605
0 0.355307 0.810764 0.011234 0.028164
0 0.311661 0.857832 0.017950 0.019676
0 0.302041 0.863330 0.010589 0.021026
0 0.340780 0.861208 0.012655 0.023727
0 0.338843 0.869213 0.008781 0.030864
0 0.303461 0.895255 0.020661 0.008873
0 0.314114 0.921489 0.017174 0.021219
0 0.318246 0.909529 0.013559 0.016590
0 0.297521 0.908371 0.013947 0.021219
0 0.283703 0.913869 0.010589 0.022570
0 0.284349 0.906539 0.009298 0.021026
0 0.244318 0.904031 0.008264 0.027585
0 0.210099 0.898534 0.010589 0.031636
0 0.250839 0.857832 0.013817 0.019676
0 0.241994 0.818866 0.011880 0.018904
0 0.270920 0.846161 0.010331 0.026041
0 0.271178 0.819638 0.007748 0.018904
0 0.200478 0.808257 0.015108 0.025463
0 0.161739 0.789930 0.019757 0.013503
0 0.125387 0.798225 0.020403 0.012346
0 0.133264 0.839989 0.009814 0.020641
0 0.142691 0.863908 0.018336 0.016782
0 0.156637 0.910880 0.016787 0.013889
0 0.091878 0.899595 0.006844 0.019483
0 0.096010 0.879051 0.017950 0.012732
0 0.126420 0.899788 0.009555 0.026042
0 0.109763 0.906636 0.017046 0.010802
0 0.101176 0.895062 0.011751 0.012346
0 0.084581 0.858604 0.014204 0.009645
0 0.083936 0.840181 0.014979 0.013696
0 0.088391 0.815972 0.020274 0.013889
0 0.089682 0.805170 0.013559 0.027778
0 0.089102 0.771605 0.017045 0.022377
0 0.085421 0.749421 0.009684 0.021991
0 0.088391 0.728877 0.020274 0.021027
0 0.092200 0.721450 0.016529 0.022377
0 0.125258 0.753665 0.009297 0.024305
0 0.099690 0.705150 0.012396 0.026428
0 0.094912 0.710262 0.018336 0.016204
0 0.112215 0.681327 0.012655 0.024691
0 0.103693 0.668692 0.013172 0.018325
0 0.099303 0.659047 0.006973 0.017168
0 0.122869 0.695698 0.007102 0.030672
0 0.131198 0.700521 0.005682 0.026428
0 0.143014 0.692322 0.011751 0.021991
0 0.171875 0.733024 0.018853 0.021605
0 0.191051 0.676890 0.017175 0.031250
0 0.164772 0.666763 0.007231 0.020255
0 0.161544 0.702739 0.007489 0.015047
0 0.153538 0.658179 0.011622 0.024691
0 0.218750 0.633295 0.013430 0.016590
0 0.329029 0.611690 0.010331 0.007330
0 0.273373 0.467785 0.015238 0.008101
