0 0.398567 0.270640 0.020532 0.011960
0 0.391142 0.336034 0.018853 0.022376
0 0.442472 0.298032 0.017691 0.015818
0 0.411545 0.406443 0.019370 0.013503
0 0.373451 0.410108 0.022727 0.013118
0 0.388300 0.457562 0.006973 0.025463
0 0.461390 0.465857 0.012655 0.022762
0 0.422973 0.523438 0.018725 0.013311
0 0.460743 0.529996 0.010847 0.032215
0 0.462487 0.585455 0.017174 0.019676
0 0.490896 0.593557 0.011751 0.035880
0 0.323735 0.630980 0.015755 0.024305
0 0.258845 0.624518 0.013817 0.019097
0 0.256844 0.660591 0.011622 0.026427
0 0.234052 0.693769 0.012267 0.010224
0 0.265754 0.726755 0.007748 0.032215
0 0.342846 0.735533 0.009040 0.020447
0 0.395274 0.680459 0.016271 0.019097
0 0.386299 0.742091 0.016142 0.010416
0 0.449574 0.707755 0.017691 0.008873
0 0.485795 0.706983 0.009814 0.021991
0 0.481405 0.740066 0.008781 0.026428
0 0.428913 0.773341 0.013817 0.021220
0 0.423683 0.756173 0.014204 0.011574
0 0.369448 0.774209 0.014721 0.018326
0 0.312435 0.790220 0.010718 0.019869
0 0.294486 0.789737 0.018208 0.014661
0 0.263042 0.790317 0.014205 0.022763
0 0.222559 0.785397 0.021565 0.011767
0 0.202802 0.783661 0.011751 0.021412
0 0.176523 0.787230 0.016271 0.019676
0 0.193505 0.733797 0.016658 0.013889
0 0.536997 0.766396 0.027505 0.020447
0 0.505618 0.727527 0.011751 0.019097
0 0.508523 0.675926 0.019628 0.016204
0 0.544422 0.717206 0.018595 0.013117
0 0.586389 0.686343 0.014205 0.013118
0 0.621578 0.684799 0.023631 0.016204
0 0.559401 0.546875 0.019112 0.015818
0 0.517433 0.489584 0.015754 0.013117
0 0.510266 0.405092 0.023114 0.017747
0 0.545325 0.398148 0.016787 0.016976
0 0.610924 0.277199 0.013172 0.022763
0 0.573541 0.274498 0.015109 0.015047
0 0.522792 0.297840 0.014850 0.014661
0 0.493802 0.245081 0.009814 0.020641
0 0.530346 0.215857 0.024018 0.023534
0 0.566697 0.227238 0.018207 0.015432
0 0.646436 0.227431 0.021178 0.011959
0 0.661803 0.315201 0.013688 0.015433
0 0.640948 0.385706 0.021049 0.012539
0 0.680011 0.379726 0.018595 0.018325
0 0.698153 0.400848 0.017691 0.017747
0 0.704997 0.425733 0.023631 0.015046
0 0.657089 0.447049 0.020274 0.016011
0 0.683885 0.440393 0.010847 0.020448
0 0.641723 0.451775 0.016658 0.016976
0 0.643854 0.509548 0.010331 0.026427
0 0.670971 0.479649 0.011363 0.025656
0 0.686403 0.517457 0.017691 0.024884
0 0.704546 0.537712 0.010847 0.028742
0 0.734246 0.505209 0.008265 0.022763
0 0.735020 0.575907 0.006715 0.025656
0 0.754068 0.483024 0.023115 0.017747
0 0.681560 0.598187 0.021694 0.018904
0 0.652505 0.628472 0.014721 0.017747
0 0.623192 0.612461 0.010331 0.009645
0 0.129390 0.794946 0.018079 0.013504
0 0.624935 0.762442 0.012785 0.024112
0 0.674071 0.733411 0.020661 0.013117
0 0.709581 0.701871 0.014721 0.023341
0 0.690857 0.687114 0.020661 0.014660
0 0.680333 0.758873 0.017175 0.014661
0 0.669228 0.799672 0.016658 0.009452
0 0.525956 0.790509 0.014204 0.013117
0 0.721268 0.754244 0.016658 0.015432
0 0.750775 0.722608 0.010847 0.015432
0 0.775051 0.769290 0.021177 0.017747
0 0.793582 0.794946 0.019757 0.007330
0 0.793582 0.722994 0.017692 0.016204
0 0.785640 0.582465 0.019628 0.024113
0 0.148438 0.739680 0.023115 0.021412
0 0.100852 0.770833 0.026084 0.014661
0 0.059337 0.722222 0.013817 0.017747
0 0.086906 0.717689 0.015754 0.025656
0 0.051395 0.695505 0.011880 0.016782
0 0.074122 0.701485 0.011880 0.025656
0 0.122223 0.706308 0.013817 0.026428
0 0.134039 0.692902 0.009814 0.017747
0 0.162642 0.687500 0.017175 0.031636
0 0.190470 0.650270 0.014721 0.005787
0 0.256069 0.571856 0.015237 0.013310
0 0.167097 0.544753 0.016012 0.016976
0 0.149276 0.540509 0.016529 0.023920
0 0.173037 0.498457 0.010330 0.023148
0 0.114152 0.514661 0.016529 0.030865
0 0.085227 0.543210 0.012396 0.023148
0 0.059400 0.581019 0.012397 0.015432
0 0.093750 0.595679 0.017045 0.016976
0 0.139205 0.600309 0.009815 0.023148
0 0.098722 0.630209 0.008393 0.024305
0 0.092975 0.663194 0.009298 0.021605
0 0.325929 0.461805 0.017045 0.017747
0 0.313533 0.380208 0.018078 0.012731
0 0.218234 0.434028 0.015495 0.025463
0 0.223657 0.358024 0.016013 0.014661
0 0.251549 0.324460 0.020145 0.012346
0 0.239411 0.233411 0.010330 0.021605
0 0.232697 0.199460 0.009297 0.018518
0 0.164773 0.277778 0.022728 0.025463
0 0.146952 0.330247 0.012913 0.020834
0 0.156250 0.351080 0.011880 0.027006
0 0.160124 0.401138 0.011363 0.020255
0 0.194474 0.400752 0.008781 0.017939
0 0.184723 0.447917 0.017175 0.016204
0 0.202480 0.473765 0.007231 0.026234
0 0.149535 0.456790 0.011880 0.010802
0 0.131198 0.423225 0.007231 0.023920
0 0.108471 0.425154 0.015496 0.030865
0 0.064566 0.489970 0.010330 0.021605
0 0.059917 0.444830 0.017562 0.016204
0 0.072572 0.377122 0.020145 0.012732
0 0.412965 0.170621 0.018078 0.017168
0 0.361119 0.252700 0.015625 0.020833
0 0.324251 0.237751 0.019370 0.021798
0 0.314889 0.202643 0.015108 0.012539
0 0.337487 0.188754 0.016917 0.017168
0 0.378616 0.157793 0.021695 0.016204
0 0.351756 0.147763 0.017562 0.014661
0 0.380940 0.121528 0.014462 0.016204
0 0.318828 0.150560 0.008523 0.019869
0 0.318504 0.178433 0.013817 0.018133
0 0.304559 0.183835 0.017433 0.014274
0 0.273567 0.163967 0.016917 0.017747
0 0.454933 0.194445 0.019886 0.021605
0 0.464166 0.152199 0.021823 0.012732
0 0.493802 0.111979 0.018078 0.022569
0 0.507038 0.122107 0.015625 0.024306
0 0.172779 0.914641 0.010847 0.023341
0 0.198734 0.900849 0.009555 0.026235
0 0.225400 0.868152 0.016658 0.022956
0 0.247547 0.859472 0.012655 0.021027
0 0.218621 0.835745 0.009556 0.015239
0 0.245932 0.935668 0.015883 0.023727
0 0.272986 0.902971 0.025309 0.017361
0 0.254068 0.925733 0.015883 0.009646
0 0.251937 0.912422 0.011622 0.016975
0 0.281185 0.874518 0.011493 0.017169
0 0.313662 0.902199 0.015238 0.022762
0 0.340651 0.923033 0.022210 0.015047
0 0.359375 0.862172 0.012654 0.030285
0 0.384684 0.878954 0.012655 0.027585
0 0.397985 0.865934 0.011363 0.026621
0 0.297456 0.858410 0.015883 0.019291
0 0.328254 0.829572 0.011364 0.019868
0 0.316632 0.810474 0.013946 0.020641
0 0.302363 0.812307 0.014592 0.018132
0 0.408574 0.828125 0.019628 0.015046
0 0.446926 0.846064 0.015238 0.020833
0 0.417420 0.859375 0.019758 0.021220
0 0.473528 0.857446 0.017820 0.013504
0 0.406960 0.930652 0.018982 0.019097
0 0.432658 0.919175 0.013300 0.030478
0 0.474819 0.921586 0.015238 0.033372
0 0.445312 0.931809 0.012009 0.019869
0 0.541258 0.818673 0.018466 0.011574
0 0.557787 0.864969 0.017174 0.016976
0 0.525374 0.921104 0.017174 0.018905
0 0.594848 0.844232 0.014076 0.032215
0 0.600917 0.876061 0.013301 0.021798
0 0.627325 0.886574 0.010331 0.012345
0 0.627583 0.930170 0.013429 0.020062
0 0.635266 0.899305 0.015883 0.013117
0 0.599690 0.924383 0.010847 0.020062
0 0.593105 0.922936 0.015238 0.019097
0 0.574057 0.923997 0.007619 0.024691
0 0.667355 0.909626 0.013947 0.026427
0 0.687113 0.850888 0.012655 0.026620
0 0.666710 0.866995 0.012655 0.032215
0 0.739024 0.859279 0.015238 0.028357
0 0.696216 0.924865 0.018466 0.019097
0 0.718233 0.913966 0.016529 0.029321
0 0.747740 0.924865 0.014592 0.011382
0 0.761363 0.855132 0.011363 0.018133
0 0.791193 0.912423 0.015237 0.020834
0 0.742897 0.904514 0.012655 0.018132
0 0.056818 0.740355 0.011880 0.028550
0 0.070764 0.801891 0.017562 0.015047
0 0.067536 0.791859 0.017821 0.014275
0 0.065018 0.796489 0.023115 0.012732
0 0.070764 0.820409 0.018595 0.015818
0 0.057722 0.820023 0.011622 0.016590
0 0.054817 0.853009 0.014592 0.010802
0 0.067859 0.860918 0.019498 0.011188
0 0.051460 0.868056 0.012009 0.010803
0 0.067084 0.877121 0.015366 0.013503
0 0.059207 0.901042 0.013559 0.011960
0 0.127453 0.855035 0.018337 0.015239
0 0.069086 0.917728 0.010072 0.021026
0 0.074057 0.913194 0.013817 0.011574
0 0.065986 0.887539 0.019886 0.008873
0 0.082451 0.920911 0.014592 0.019290
0 0.090070 0.921875 0.010718 0.014274
0 0.097107 0.928434 0.011881 0.011188
0 0.118995 0.918885 0.013300 0.030285
0 0.083161 0.679302 0.007232 0.021798
0 0.131070 0.714603 0.006457 0.018711
0 0.056302 0.680170 0.009814 0.016203
0 0.057528 0.672068 0.007103 0.013889
0 0.063662 0.657118 0.016271 0.016397
0 0.076705 0.656250 0.012397 0.015432
0 0.067923 0.645062 0.008781 0.014660
0 0.062177 0.619117 0.013300 0.017169
0 0.057593 0.631173 0.010330 0.008488
0 0.057464 0.642651 0.011106 0.007909
0 0.104081 0.626446 0.009814 0.019869
0 0.073605 0.302758 0.020144 0.010223
0 0.072249 0.299865 0.011235 0.023341
0 0.091296 0.340278 0.016271 0.014661
0 0.107244 0.342014 0.017175 0.011188
0 0.104855 0.262925 0.007231 0.032022
0 0.116865 0.277778 0.006973 0.023920
0 0.152763 0.236883 0.010589 0.024692
0 0.113184 0.216532 0.014333 0.024884
0 0.123321 0.238233 0.017821 0.012732
0 0.167936 0.172068 0.010202 0.028550
0 0.153797 0.181520 0.009555 0.032022
0 0.119770 0.202739 0.008136 0.013503
0 0.088326 0.200038 0.010331 0.018904
0 0.080772 0.227431 0.015366 0.010417
0 0.065341 0.220775 0.009814 0.021027
0 0.069473 0.204282 0.010847 0.011960
0 0.067148 0.185861 0.010331 0.022183
0 0.194280 0.152392 0.016141 0.012346
0 0.219525 0.141011 0.018595 0.015046
0 0.172262 0.131848 0.010331 0.025270
0 0.279764 0.122974 0.011751 0.020640
0 0.124290 0.173707 0.014075 0.023341
0 0.136493 0.185861 0.006973 0.023727
0 0.117833 0.143325 0.016142 0.018133
0 0.131844 0.141686 0.013172 0.021026
0 0.073605 0.103299 0.010330 0.023727
0 0.067149 0.144290 0.009298 0.013118
0 0.106340 0.128279 0.015367 0.016589
0 0.091103 0.167728 0.011751 0.021412
0 0.079739 0.178820 0.011751 0.009645
0 0.082968 0.192033 0.012525 0.009838
0 0.072766 0.158564 0.015883 0.009259
0 0.073993 0.163773 0.011622 0.012732
0 0.082903 0.165799 0.005682 0.011381
0 0.080966 0.142940 0.008006 0.011960
0 0.087616 0.109182 0.007361 0.008488
0 0.121062 0.126158 0.012268 0.010031
0 0.146049 0.123842 0.015238 0.012345
0 0.131974 0.097415 0.006715 0.013503
0 0.153474 0.090278 0.008393 0.018519
0 0.133587 0.042342 0.011492 0.027585
0 0.152699 0.038291 0.012784 0.021798
0 0.127970 0.082947 0.007490 0.008487
0 0.159801 0.049768 0.009427 0.023148
0 0.090328 0.035108 0.011751 0.010802
0 0.079868 0.060185 0.018208 0.012346
0 0.109892 0.078511 0.012655 0.011960
0 0.100982 0.082176 0.005165 0.017747
0 0.095945 0.080054 0.006457 0.018132
0 0.106535 0.036941 0.004907 0.016011
0 0.118543 0.032504 0.012397 0.013310
0 0.126937 0.041860 0.005424 0.021219
0 0.187242 0.028838 0.015496 0.011381
0 0.117510 0.050347 0.008781 0.008102
0 0.202802 0.072146 0.007361 0.025463
0 0.191826 0.074653 0.012010 0.019676
0 0.191826 0.045042 0.008910 0.016782
0 0.214360 0.027778 0.008264 0.012345
0 0.222431 0.031154 0.009685 0.013696
0 0.238249 0.024884 0.006457 0.011960
0 0.223528 0.039931 0.010072 0.013503
0 0.238637 0.036748 0.008265 0.014082
0 0.232180 0.061632 0.010330 0.016782
0 0.247353 0.034144 0.007360 0.012731
0 0.248579 0.053627 0.010589 0.021605
0 0.269047 0.023149 0.015625 0.013117
0 0.264721 0.034432 0.011364 0.007909
0 0.281057 0.033276 0.013817 0.010996
0 0.279443 0.050733 0.005165 0.015818
0 0.271436 0.102624 0.019112 0.012345
0 0.306883 0.089699 0.018466 0.015046
0 0.280863 0.100405 0.016787 0.007909
0 0.364734 0.087963 0.011234 0.016204
0 0.350013 0.079283 0.017433 0.009645
0 0.468427 0.115934 0.021823 0.015818
0 0.430397 0.064815 0.018853 0.012346
0 0.366477 0.033758 0.007748 0.024306
0 0.392174 0.035205 0.006973 0.025656
0 0.348593 0.028839 0.015367 0.017554
0 0.335550 0.026620 0.016141 0.013117
0 0.334840 0.040509 0.016270 0.018519
0 0.321410 0.043595 0.012655 0.022377
0 0.320635 0.029225 0.010072 0.018325
0 0.310886 0.033854 0.014076 0.013696
0 0.400568 0.027006 0.010847 0.010802
0 0.428784 0.032793 0.009169 0.015432
0 0.424134 0.052855 0.013817 0.018519
0 0.471978 0.030768 0.013172 0.016782
0 0.450607 0.036265 0.009943 0.018519
0 0.481986 0.035687 0.014333 0.021219
0 0.491994 0.034336 0.012396 0.018519
0 0.500517 0.034915 0.008265 0.022762
0 0.507296 0.029996 0.011235 0.011381
0 0.516270 0.038870 0.008265 0.023727
0 0.511105 0.052662 0.004649 0.019676
0 0.548941 0.036748 0.007490 0.023341
0 0.567084 0.028646 0.011493 0.014082
0 0.577028 0.040027 0.009169 0.017554
0 0.584065 0.034240 0.006973 0.019869
0 0.589360 0.038484 0.008265 0.014468
0 0.598076 0.035205 0.005810 0.017940
0 0.607825 0.034047 0.011105 0.021026
0 0.619060 0.047261 0.013430 0.015818
0 0.628035 0.039352 0.010202 0.021605
0 0.644176 0.032697 0.007361 0.023727
0 0.636170 0.116705 0.015883 0.010417
0 0.633781 0.132909 0.013430 0.011188
0 0.666451 0.116705 0.018853 0.010417
0 0.676653 0.094811 0.020661 0.017554
0 0.639528 0.161555 0.015625 0.014082
0 0.628035 0.154514 0.019240 0.008874
0 0.621126 0.142940 0.016529 0.008874
0 0.718620 0.059317 0.016787 0.013696
0 0.724754 0.034047 0.009427 0.021026
0 0.679236 0.204668 0.009814 0.028164
0 0.697831 0.159336 0.019111 0.013117
0 0.753228 0.112558 0.007490 0.023727
0 0.721656 0.214699 0.017691 0.011188
0 0.736764 0.241512 0.013558 0.010803
0 0.763430 0.254630 0.009298 0.037037
0 0.717652 0.331597 0.016400 0.011188
0 0.672133 0.291956 0.012655 0.029128
0 0.688081 0.289351 0.013300 0.013117
0 0.791193 0.304205 0.010589 0.031250
0 0.815600 0.262539 0.008781 0.028163
0 0.812758 0.333334 0.019111 0.014661
0 0.832128 0.352527 0.006198 0.014853
0 0.852337 0.318673 0.011751 0.021605
0 0.876549 0.256076 0.016529 0.020640
0 0.891787 0.214120 0.016529 0.013889
0 0.887913 0.229360 0.017046 0.012732
0 0.886816 0.190007 0.017174 0.016590
0 0.888300 0.165124 0.010589 0.012345
0 0.892562 0.180170 0.010331 0.016203
0 0.812694 0.161941 0.012267 0.018325
0 0.779958 0.124421 0.016529 0.010417
0 0.774083 0.133874 0.014076 0.013117
0 0.817665 0.125097 0.014980 0.010224
0 0.848593 0.127122 0.013559 0.008874
0 0.797714 0.108603 0.022340 0.010417
0 0.764140 0.090278 0.022340 0.013889
0 0.780217 0.043982 0.013430 0.016204
0 0.774083 0.029707 0.015367 0.012346
0 0.789062 0.036265 0.009943 0.025463
0 0.818440 0.086420 0.017046 0.011574
0 0.807851 0.033758 0.010847 0.024306
0 0.824638 0.036555 0.009298 0.022956
0 0.834776 0.032793 0.011751 0.025463
0 0.840651 0.039834 0.011880 0.024112
0 0.854210 0.031925 0.012655 0.026042
0 0.846462 0.053433 0.008006 0.018133
0 0.854468 0.045621 0.006456 0.010995
0 0.861893 0.066648 0.018466 0.014468
0 0.877583 0.108603 0.017562 0.018133
0 0.870093 0.038002 0.008265 0.009645
0 0.872934 0.036940 0.008264 0.016783
0 0.884427 0.056617 0.007489 0.026042
0 0.870610 0.058546 0.008265 0.022955
0 0.887849 0.144676 0.015108 0.012346
0 0.887461 0.291474 0.017950 0.028163
0 0.738765 0.361689 0.006973 0.025849
0 0.767368 0.397377 0.014592 0.025463
0 0.790483 0.423418 0.011751 0.021219
0 0.821410 0.397087 0.007490 0.026427
0 0.858858 0.447916 0.009555 0.028549
0 0.813662 0.516397 0.012655 0.025077
0 0.844848 0.528935 0.018466 0.019290
0 0.862733 0.483121 0.010073 0.031828
0 0.829158 0.576775 0.006456 0.016204
0 0.803848 0.593268 0.011105 0.019869
0 0.901085 0.334877 0.014463 0.015433
0 0.884685 0.353009 0.015238 0.019290
0 0.898825 0.351563 0.016400 0.017939
0 0.896500 0.385224 0.011751 0.015046
0 0.879391 0.391011 0.012913 0.015818
0 0.899858 0.416088 0.013301 0.018904
0 0.891400 0.448206 0.010072 0.019869
0 0.906767 0.438464 0.008781 0.022763
0 0.902570 0.475212 0.011493 0.014082
0 0.896565 0.487076 0.017304 0.011960
0 0.895144 0.498264 0.019111 0.010416
0 0.902247 0.535783 0.012138 0.008294
0 0.893595 0.553819 0.016529 0.011960
0 0.908768 0.548418 0.010976 0.018132
0 0.901989 0.597029 0.016270 0.016590
0 0.803073 0.647955 0.012655 0.021991
0 0.877001 0.632524 0.014076 0.037423
0 0.909091 0.642457 0.017046 0.021026
0 0.904764 0.661941 0.011751 0.011767
0 0.903603 0.681906 0.011492 0.014274
0 0.875775 0.691937 0.021178 0.011188
0 0.907735 0.708622 0.011493 0.023727
0 0.874936 0.724152 0.017950 0.013889
0 0.902118 0.781925 0.007748 0.026042
0 0.910964 0.802277 0.011234 0.021219
0 0.909736 0.842014 0.010073 0.030478
0 0.892045 0.891975 0.009814 0.031636
0 0.852595 0.843846 0.022081 0.026042
0 0.817794 0.854167 0.017304 0.012346
0 0.801911 0.851370 0.018595 0.010995
0 0.825284 0.904610 0.008006 0.027199
0 0.837035 0.901234 0.008264 0.025463
0 0.868737 0.916184 0.014075 0.020255
0 0.860472 0.799093 0.015625 0.013696
0 0.872999 0.807099 0.013817 0.018518
0 0.856405 0.750193 0.009298 0.018904
0 0.831740 0.753472 0.010589 0.032408
0 0.831935 0.676697 0.017433 0.013889
0 0.833807 0.661169 0.010072 0.026814
0 0.810240 0.685957 0.011235 0.018518
0 0.804429 0.691262 0.011235 0.013696
0 0.813146 0.711226 0.010072 0.009645
0 0.498967 0.929205 0.007748 0.018904
0 0.489541 0.923708 0.006457 0.025271
0 0.487281 0.917342 0.007619 0.021026
0 0.466296 0.901620 0.016271 0.017747
0 0.450219 0.890336 0.011493 0.021027
0 0.442924 0.908854 0.005681 0.014082
