0 0.111118 0.523052 0.015109 0.024884
0 0.100594 0.499325 0.008006 0.029900
0 0.362603 0.679206 0.023760 0.013503
0 0.118673 0.628472 0.010073 0.033951
0 0.075413 0.653067 0.013946 0.020254
0 0.105501 0.729456 0.010589 0.021026
0 0.075994 0.742284 0.015108 0.028550
0 0.189825 0.802469 0.018595 0.016204
0 0.142110 0.868731 0.012526 0.028743
0 0.269176 0.859279 0.023115 0.018711
0 0.235538 0.867863 0.020145 0.015046
0 0.275955 0.812307 0.012655 0.008874
0 0.342717 0.889082 0.023244 0.015047
0 0.424910 0.480517 0.021565 0.016590
0 0.321733 0.410687 0.023632 0.015046
0 0.286221 0.290702 0.022081 0.012732
0 0.477854 0.303434 0.021565 0.012731
0 0.439049 0.276042 0.012913 0.028935
0 0.468040 0.367766 0.012010 0.021412
0 0.499871 0.441261 0.012138 0.034143
0 0.537061 0.376061 0.013688 0.030285
0 0.567601 0.400849 0.016399 0.019290
0 0.561855 0.234568 0.014205 0.011574
0 0.549393 0.171296 0.016916 0.019290
0 0.515883 0.172357 0.009556 0.022569
0 0.439953 0.191069 0.011105 0.029128
0 0.454029 0.173804 0.018595 0.014274
0 0.468427 0.156636 0.016400 0.023148
0 0.479210 0.133584 0.012139 0.019869
0 0.447249 0.144194 0.013817 0.021798
0 0.445829 0.111304 0.017691 0.025848
0 0.457322 0.115934 0.011234 0.014275
0 0.484375 0.076581 0.017304 0.010417
0 0.471074 0.041088 0.018078 0.016590
0 0.458226 0.027488 0.011235 0.023341
0 0.427428 0.115355 0.010331 0.023148
0 0.405798 0.059220 0.015109 0.014275
0 0.378164 0.075328 0.020273 0.020641
0 0.355888 0.101563 0.010331 0.024499
0 0.356664 0.028260 0.010331 0.029514
0 0.377841 0.020737 0.011364 0.025270
0 0.329416 0.016011 0.014205 0.018133
0 0.410124 0.138792 0.015496 0.022569
0 0.423618 0.102141 0.016399 0.018712
0 0.416709 0.244985 0.014721 0.011574
0 0.427363 0.330439 0.017692 0.017361
0 0.423554 0.405672 0.011364 0.025077
0 0.337293 0.384066 0.018078 0.016589
0 0.394628 0.335166 0.010330 0.019483
0 0.388107 0.298997 0.011235 0.011574
0 0.378874 0.320602 0.012396 0.020062
0 0.648437 0.433931 0.010460 0.022569
0 0.660641 0.431424 0.009815 0.026427
0 0.650181 0.489583 0.012138 0.027778
0 0.501292 0.029417 0.009297 0.019483
0 0.507748 0.041088 0.010330 0.021991
0 0.523050 0.073881 0.020274 0.018133
0 0.518078 0.114487 0.010331 0.014082
0 0.526666 0.126157 0.015625 0.009259
0 0.574574 0.157986 0.014592 0.007330
0 0.572960 0.135995 0.011105 0.025849
0 0.581611 0.155768 0.012913 0.014082
0 0.588842 0.177855 0.008781 0.019290
0 0.606147 0.125482 0.011880 0.020640
0 0.544163 0.055363 0.016012 0.016589
0 0.545454 0.027874 0.010847 0.018711
0 0.519757 0.020448 0.012138 0.011575
0 0.561919 0.027103 0.008135 0.022569
0 0.574251 0.030479 0.008522 0.023920
0 0.602014 0.026813 0.013429 0.021990
0 0.615186 0.021991 0.012914 0.020062
0 0.585163 0.083623 0.011751 0.014082
0 0.594589 0.029707 0.015108 0.020061
0 0.650568 0.029417 0.018079 0.011767
0 0.631973 0.059028 0.015496 0.011574
0 0.612990 0.072434 0.008523 0.019869
0 0.625775 0.090085 0.016013 0.014274
0 0.645984 0.086999 0.017691 0.018133
0 0.678138 0.036845 0.019757 0.021219
0 0.668582 0.048225 0.016400 0.017747
0 0.695377 0.041474 0.014721 0.025077
0 0.720751 0.035590 0.013301 0.018711
0 0.748902 0.038001 0.011235 0.012731
0 0.719977 0.081018 0.013817 0.011575
0 0.720365 0.104456 0.017691 0.026427
0 0.694602 0.121239 0.009556 0.024499
0 0.698734 0.093364 0.011621 0.015432
0 0.657671 0.139178 0.014204 0.019483
0 0.698024 0.150849 0.016400 0.011574
0 0.694086 0.205150 0.012138 0.026427
0 0.722818 0.193865 0.019499 0.012731
0 0.749484 0.152970 0.015496 0.013503
0 0.771823 0.132909 0.017304 0.013503
0 0.753099 0.095872 0.021178 0.012732
0 0.785447 0.079572 0.015108 0.018711
0 0.841813 0.057485 0.017304 0.023920
0 0.833935 0.116030 0.008781 0.019483
0 0.816761 0.045428 0.008523 0.027585
0 0.784672 0.038966 0.018982 0.014660
0 0.803848 0.048997 0.012138 0.019290
0 0.773308 0.042438 0.015108 0.019290
0 0.792807 0.050733 0.010718 0.018133
0 0.862861 0.056327 0.011363 0.023920
0 0.878745 0.052952 0.012138 0.022569
0 0.890108 0.075135 0.008523 0.028356
0 0.885331 0.085359 0.009297 0.022569
0 0.892046 0.096065 0.018595 0.015432
0 0.905217 0.102334 0.012913 0.010224
0 0.736828 0.291667 0.009815 0.018518
0 0.770919 0.284240 0.007748 0.022569
0 0.776214 0.216049 0.008523 0.027778
0 0.732180 0.247492 0.013429 0.020448
0 0.755294 0.205922 0.011622 0.021798
0 0.782671 0.172839 0.011622 0.021605
0 0.762978 0.174383 0.012268 0.011574
0 0.799716 0.137828 0.009040 0.022569
0 0.818311 0.161458 0.011106 0.023534
0 0.846074 0.190972 0.007748 0.020062
0 0.838779 0.306520 0.009427 0.030479
0 0.840069 0.290799 0.011235 0.024112
0 0.853822 0.308546 0.007748 0.024113
0 0.873838 0.293114 0.010072 0.026813
0 0.883006 0.276427 0.011364 0.026620
0 0.900374 0.318576 0.014333 0.016782
0 0.843557 0.345776 0.008394 0.016783
0 0.829546 0.349055 0.011363 0.021027
0 0.795068 0.342496 0.008523 0.025656
0 0.773373 0.340856 0.008522 0.020448
0 0.760976 0.327643 0.010589 0.022184
0 0.773567 0.365548 0.013817 0.017361
0 0.770984 0.400848 0.010202 0.021605
0 0.741348 0.414159 0.007490 0.025077
0 0.729468 0.446663 0.010588 0.026814
0 0.705191 0.488715 0.011106 0.027199
0 0.774342 0.497010 0.016141 0.015240
0 0.816567 0.534240 0.009169 0.016396
0 0.774599 0.561342 0.015108 0.014661
0 0.810563 0.601080 0.016788 0.014660
0 0.904829 0.201582 0.007489 0.024306
0 0.906573 0.174962 0.009685 0.026620
0 0.883522 0.189719 0.010331 0.012539
0 0.894886 0.180363 0.010331 0.011960
0 0.886041 0.151620 0.015109 0.019291
0 0.891012 0.198109 0.012397 0.011189
0 0.899018 0.220679 0.013429 0.013888
0 0.908961 0.300540 0.008523 0.024691
0 0.920067 0.265046 0.005940 0.016975
0 0.896436 0.383102 0.012914 0.016976
0 0.864799 0.410590 0.007489 0.025656
0 0.817149 0.436728 0.019112 0.017747
0 0.800361 0.395544 0.010331 0.022956
0 0.836195 0.406057 0.009685 0.019676
0 0.856211 0.470486 0.016658 0.011960
0 0.894434 0.435185 0.012268 0.019290
0 0.904700 0.417342 0.013429 0.018711
0 0.909737 0.449170 0.005940 0.018325
0 0.900697 0.465471 0.008006 0.018904
0 0.897728 0.474152 0.009297 0.020833
0 0.885202 0.486497 0.008007 0.019290
0 0.870610 0.488136 0.012397 0.028743
0 0.862861 0.508295 0.016012 0.015818
0 0.877001 0.545525 0.011234 0.023919
0 0.876550 0.575328 0.003615 0.026042
0 0.847430 0.572531 0.018208 0.013118
0 0.821152 0.665316 0.018336 0.013503
0 0.868414 0.731192 0.020920 0.022184
0 0.900052 0.703029 0.009297 0.025655
0 0.908833 0.706694 0.009814 0.020254
0 0.901730 0.633102 0.012655 0.027006
0 0.878229 0.651138 0.006973 0.009452
0 0.873644 0.627990 0.009427 0.021412
0 0.888107 0.615258 0.014592 0.017939
0 0.882361 0.630015 0.012655 0.020834
0 0.733471 0.658372 0.011364 0.023534
0 0.728693 0.692419 0.016271 0.021026
0 0.768983 0.751833 0.019370 0.016011
0 0.708807 0.721933 0.010072 0.013696
0 0.762526 0.833237 0.018337 0.021412
0 0.807593 0.847704 0.009814 0.018325
0 0.824509 0.839892 0.018337 0.013888
0 0.862861 0.838542 0.010331 0.019676
0 0.865315 0.782986 0.008522 0.023534
0 0.887267 0.825714 0.007489 0.021412
0 0.861312 0.894387 0.013946 0.024498
0 0.871255 0.893133 0.010589 0.011574
0 0.791128 0.897087 0.019241 0.022184
0 0.762526 0.902006 0.015754 0.012346
0 0.726498 0.899305 0.016012 0.016203
0 0.720622 0.869117 0.014333 0.017554
0 0.737733 0.836612 0.008523 0.022763
0 0.659026 0.682292 0.014076 0.010417
0 0.608665 0.733604 0.024147 0.018905
0 0.594718 0.891686 0.016917 0.010610
0 0.505036 0.894001 0.018336 0.014468
0 0.521694 0.831501 0.016012 0.021412
0 0.477531 0.855903 0.010330 0.023534
0 0.461002 0.850598 0.010331 0.021412
0 0.099109 0.308353 0.022598 0.017939
0 0.092652 0.367188 0.015366 0.017169
0 0.146952 0.260417 0.010847 0.027777
0 0.108084 0.286748 0.009556 0.020641
0 0.118608 0.214699 0.010202 0.022762
0 0.098205 0.164352 0.015109 0.022376
0 0.115832 0.064332 0.009039 0.025656
0 0.134814 0.076292 0.013430 0.025655
0 0.184530 0.068190 0.008006 0.022570
0 0.213133 0.069830 0.017175 0.027007
0 0.238378 0.145062 0.006715 0.023148
0 0.215392 0.167631 0.011363 0.020448
0 0.200091 0.208237 0.011751 0.017940
0 0.196410 0.233314 0.015237 0.021026
0 0.303267 0.183449 0.022340 0.012732
0 0.325414 0.112558 0.012913 0.029899
0 0.310305 0.116127 0.010072 0.023149
0 0.313856 0.087963 0.011493 0.019290
0 0.260783 0.073785 0.016400 0.025656
0 0.264463 0.020930 0.009814 0.022569
0 0.274599 0.009645 0.009427 0.019290
0 0.280991 0.021990 0.010847 0.014661
0 0.299781 0.013117 0.011751 0.020833
0 0.240057 0.040992 0.012655 0.013696
0 0.249289 0.008294 0.017949 0.012731
0 0.228629 0.008295 0.014851 0.012731
0 0.231728 0.045235 0.009685 0.013696
0 0.215780 0.014757 0.013172 0.012538
0 0.182528 0.009452 0.016658 0.018905
0 0.211777 0.004244 0.012913 0.008488
0 0.077350 0.189429 0.008006 0.030092
0 0.431818 0.023920 0.005682 0.028549
0 0.402311 0.016011 0.012009 0.015046
0 0.418647 0.012539 0.014979 0.014275
0 0.402635 0.039352 0.014463 0.010802
0 0.416839 0.014564 0.009298 0.012925
0 0.095106 0.862847 0.024923 0.023534
