0 0.081612 0.484568 0.040806 0.037809
0 0.248579 0.290509 0.048295 0.042438
0 0.290160 0.304302 0.042614 0.048033
0 0.470364 0.420138 0.032154 0.080247
0 0.589295 0.392264 0.040160 0.030286
0 0.637267 0.575521 0.019887 0.055362
0 0.782412 0.518905 0.026085 0.065586
0 0.940341 0.484182 0.037706 0.042438
0 0.771630 0.940200 0.033961 0.060957
0 0.708290 0.843750 0.016271 0.060186
0 0.630682 0.877218 0.037706 0.061921
0 0.976433 0.973958 0.046617 0.011960
0 0.392885 0.980903 0.045068 0.027392
0 0.228177 0.932870 0.014721 0.042439
0 0.063469 0.899209 0.033962 0.041474
0 0.196668 0.044657 0.023502 0.068480
0 0.426136 0.027585 0.025310 0.048997
