0 0.452802 0.847897 0.013300 0.027585
0 0.506651 0.819541 0.011751 0.029128
0 0.598980 0.749229 0.022340 0.013117
0 0.599884 0.866705 0.019499 0.015046
0 0.640173 0.908372 0.017949 0.011960
0 0.731340 0.896798 0.019499 0.015046
0 0.760976 0.860919 0.018336 0.013503
0 0.731792 0.798322 0.011105 0.028357
0 0.749032 0.731000 0.009943 0.023341
0 0.731793 0.643808 0.011105 0.029128
0 0.747934 0.647666 0.007748 0.013310
0 0.631134 0.570795 0.019499 0.016590
0 0.638042 0.500193 0.011105 0.025077
0 0.725206 0.422357 0.016529 0.021026
0 0.739799 0.474827 0.010589 0.021027
0 0.753034 0.512635 0.011235 0.026427
0 0.778668 0.515143 0.012913 0.024498
0 0.797392 0.555169 0.015237 0.025463
0 0.340651 0.475888 0.017562 0.022762
0 0.388623 0.404803 0.018207 0.021027
0 0.432206 0.395544 0.015237 0.027199
0 0.467588 0.351177 0.010589 0.033372
0 0.461002 0.413580 0.009298 0.024691
0 0.475142 0.430652 0.016400 0.018325
0 0.498967 0.453800 0.017045 0.017554
0 0.534091 0.478878 0.017046 0.016782
0 0.552944 0.473958 0.017046 0.015818
0 0.442536 0.332851 0.014721 0.021026
0 0.424587 0.290220 0.011880 0.025270
0 0.397598 0.245563 0.009556 0.021991
0 0.427945 0.225501 0.012397 0.028935
0 0.473592 0.229456 0.009943 0.021026
0 0.425813 0.197338 0.011751 0.021990
0 0.458032 0.174576 0.010588 0.021990
0 0.461390 0.135610 0.019369 0.015818
0 0.510847 0.155672 0.017562 0.017361
0 0.503228 0.102141 0.018853 0.012152
0 0.513817 0.100501 0.009556 0.022762
0 0.539450 0.138889 0.015884 0.012346
0 0.556818 0.142940 0.012913 0.021990
0 0.583484 0.156636 0.011234 0.019290
0 0.595816 0.122300 0.018078 0.013889
0 0.590780 0.206211 0.010588 0.021991
0 0.560304 0.235822 0.010589 0.018326
0 0.548554 0.203125 0.017562 0.010416
0 0.631586 0.321952 0.014721 0.023534
0 0.697572 0.330922 0.008265 0.027971
0 0.680527 0.287616 0.016529 0.023534
0 0.649535 0.235822 0.008264 0.018326
0 0.650891 0.173226 0.016916 0.013889
0 0.641464 0.147762 0.014592 0.012345
0 0.686144 0.186343 0.014592 0.019290
0 0.684789 0.157793 0.010589 0.020061
0 0.329029 0.141203 0.017562 0.025463
0 0.287836 0.152103 0.010589 0.024499
0 0.284672 0.172261 0.018207 0.015818
0 0.311338 0.077160 0.008006 0.025463
0 0.293130 0.105228 0.013946 0.020254
0 0.253035 0.049383 0.020532 0.019290
0 0.265819 0.011671 0.013559 0.014082
0 0.334840 0.026234 0.008006 0.018518
0 0.359375 0.037230 0.010588 0.029707
0 0.370544 0.019966 0.011751 0.023727
0 0.388818 0.034047 0.010589 0.020254
0 0.297779 0.238136 0.009298 0.027971
0 0.280217 0.310474 0.011880 0.027199
0 0.331805 0.288677 0.018724 0.027199
0 0.363120 0.313465 0.012913 0.014275
0 0.333355 0.355710 0.018208 0.013889
0 0.165806 0.588927 0.008264 0.028164
0 0.154055 0.608218 0.015238 0.010417
0 0.097624 0.648920 0.012914 0.027006
0 0.136622 0.527103 0.017045 0.020255
0 0.085679 0.508777 0.016917 0.027199
0 0.173425 0.337770 0.011622 0.021991
0 0.164514 0.262346 0.017562 0.018518
0 0.120609 0.186825 0.011881 0.034143
0 0.167743 0.206211 0.015754 0.021991
0 0.135912 0.142361 0.014076 0.026234
0 0.137009 0.099826 0.009556 0.027199
0 0.148244 0.045235 0.012914 0.027971
0 0.164256 0.025752 0.017045 0.017554
0 0.204740 0.022377 0.015883 0.013889
0 0.220106 0.056617 0.018208 0.012153
0 0.261234 0.105517 0.019370 0.015818
0 0.227144 0.113619 0.019370 0.017361
0 0.210357 0.152199 0.008007 0.021220
0 0.191890 0.129051 0.012397 0.021990
0 0.235021 0.196760 0.008265 0.026235
0 0.251549 0.177469 0.012913 0.026235
0 0.272598 0.144965 0.015238 0.021026
0 0.134685 0.023727 0.009556 0.023534
0 0.084194 0.101273 0.013946 0.028164
0 0.087681 0.174865 0.018853 0.024499
0 0.125193 0.291667 0.014075 0.026234
0 0.098011 0.317805 0.015754 0.008680
0 0.079416 0.320120 0.011622 0.030672
0 0.064824 0.742959 0.017562 0.023726
0 0.086260 0.872685 0.013430 0.020062
0 0.137203 0.880980 0.020532 0.015818
0 0.166903 0.891397 0.022340 0.015818
0 0.247288 0.901524 0.018853 0.011382
0 0.368608 0.096836 0.014592 0.019290
0 0.400568 0.021605 0.012913 0.019290
0 0.857180 0.172743 0.017562 0.021798
0 0.875582 0.189526 0.011751 0.021797
0 0.847236 0.235533 0.014205 0.022762
0 0.893143 0.208719 0.016400 0.018519
0 0.893725 0.257041 0.010589 0.027200
0 0.765625 0.252507 0.015238 0.016589
0 0.806818 0.246913 0.012913 0.031635
0 0.812629 0.222898 0.010589 0.027199
0 0.797133 0.155286 0.014721 0.016590
0 0.820248 0.149788 0.016529 0.011381
0 0.811014 0.084683 0.011751 0.022762
0 0.794099 0.125385 0.014592 0.025463
0 0.738378 0.105517 0.021694 0.015818
0 0.763365 0.121335 0.017691 0.015818
0 0.780863 0.134741 0.010589 0.021027
0 0.736699 0.139082 0.015755 0.015818
0 0.757102 0.147280 0.010073 0.018326
0 0.768078 0.167052 0.012913 0.012345
0 0.737281 0.164448 0.012267 0.021027
0 0.717265 0.232928 0.014592 0.017554
0 0.729339 0.279321 0.012914 0.015432
0 0.747547 0.350694 0.011621 0.018518
0 0.773632 0.374614 0.014721 0.018518
0 0.795067 0.409625 0.019887 0.023727
0 0.833807 0.419174 0.010589 0.023534
0 0.811596 0.390240 0.010588 0.021991
0 0.800878 0.369791 0.008264 0.028164
0 0.731018 0.368634 0.011622 0.022762
0 0.731340 0.343364 0.013559 0.017747
0 0.744447 0.317804 0.010589 0.015625
0 0.746513 0.326582 0.014721 0.015818
0 0.864605 0.374903 0.014592 0.024499
0 0.881650 0.369599 0.018208 0.013889
0 0.893595 0.460841 0.017562 0.014274
0 0.888430 0.479167 0.009298 0.019290
0 0.848528 0.483411 0.011622 0.025463
0 0.907218 0.517940 0.014075 0.008874
0 0.835808 0.510031 0.021823 0.017747
0 0.856147 0.545428 0.017562 0.036073
0 0.892821 0.574074 0.012397 0.026235
0 0.867510 0.613426 0.013429 0.024691
0 0.871901 0.651234 0.011880 0.026234
0 0.846591 0.683642 0.012914 0.024691
0 0.862604 0.714024 0.009297 0.018325
0 0.812177 0.700424 0.016400 0.015818
0 0.803267 0.678048 0.017691 0.015047
0 0.897404 0.677180 0.014591 0.021798
0 0.903022 0.701582 0.010589 0.021991
0 0.905733 0.761767 0.012397 0.022763
0 0.890754 0.792053 0.009298 0.025463
0 0.905475 0.822242 0.008264 0.024498
0 0.860473 0.775366 0.012268 0.025270
0 0.881005 0.906057 0.016917 0.015046
0 0.916645 0.908661 0.014075 0.016782
0 0.838585 0.820602 0.008265 0.031636
0 0.815276 0.756077 0.011234 0.018325
0 0.815663 0.778453 0.011751 0.017554
0 0.794422 0.821181 0.016529 0.015818
0 0.801589 0.815972 0.011751 0.019290
0 0.751098 0.918789 0.014076 0.010417
0 0.503487 0.913002 0.014721 0.021991
0 0.677944 0.031443 0.012397 0.021991
0 0.660964 0.036748 0.009943 0.014853
0 0.692278 0.099537 0.023502 0.017746
0 0.697572 0.197723 0.017562 0.010417
0 0.768595 0.303048 0.011880 0.028164
0 0.775891 0.322627 0.009943 0.030672
0 0.807270 0.285493 0.014076 0.013889
0 0.897017 0.636284 0.009169 0.019869
0 0.901278 0.630594 0.014592 0.021219
0 0.857632 0.648727 0.005553 0.008874
0 0.760331 0.755980 0.020661 0.020448
0 0.848528 0.339410 0.011622 0.020254
0 0.887009 0.351080 0.015238 0.016204
0 0.896565 0.340567 0.010072 0.014082
0 0.788675 0.290317 0.016400 0.021991
0 0.825284 0.291667 0.009556 0.027006
0 0.824639 0.268711 0.010847 0.023534
0 0.841361 0.282600 0.018983 0.018904
0 0.855888 0.267939 0.006715 0.010417
0 0.874354 0.281925 0.006457 0.021798
0 0.891270 0.185956 0.008265 0.020833
0 0.869964 0.125096 0.012655 0.011381
0 0.892045 0.109664 0.015495 0.013696
0 0.861312 0.097704 0.012396 0.011381
0 0.882748 0.068191 0.012397 0.011381
0 0.890948 0.123167 0.011493 0.020254
0 0.883007 0.142554 0.010847 0.024306
0 0.800879 0.039930 0.008781 0.022763
0 0.785705 0.045717 0.007877 0.022762
0 0.781896 0.067709 0.013688 0.014275
0 0.776988 0.048032 0.004907 0.001929
0 0.768595 0.050733 0.011880 0.014275
0 0.738830 0.056327 0.016142 0.012346
0 0.714295 0.080632 0.015883 0.013117
0 0.700284 0.029996 0.006973 0.023727
0 0.721139 0.024691 0.014592 0.016975
0 0.830256 0.040220 0.011751 0.021798
0 0.833161 0.055266 0.006198 0.019483
0 0.845106 0.070216 0.014334 0.009260
0 0.853048 0.045524 0.017562 0.009259
0 0.873580 0.038387 0.014204 0.014274
0 0.871578 0.051311 0.017174 0.009259
0 0.870997 0.056231 0.009556 0.021412
0 0.872094 0.063465 0.014591 0.009645
0 0.587874 0.042631 0.010718 0.026620
0 0.590135 0.024499 0.008781 0.020447
0 0.609762 0.034143 0.011363 0.026621
0 0.632877 0.030092 0.013688 0.022377
0 0.558497 0.031636 0.009040 0.019290
0 0.522404 0.063947 0.016917 0.017554
0 0.527376 0.021798 0.010330 0.018904
0 0.479920 0.075328 0.013042 0.016010
0 0.479080 0.025270 0.013947 0.010416
0 0.458226 0.023148 0.017691 0.023148
0 0.471203 0.047261 0.006973 0.022762
0 0.463585 0.036651 0.008265 0.025463
0 0.437823 0.045332 0.016141 0.016590
0 0.435370 0.029900 0.010201 0.018133
0 0.419228 0.035301 0.012010 0.028935
0 0.408187 0.127122 0.010072 0.026620
0 0.416064 0.125868 0.010848 0.024113
0 0.393595 0.160301 0.013946 0.018904
0 0.426717 0.162712 0.014592 0.025656
0 0.438210 0.126929 0.013300 0.016976
0 0.427363 0.121624 0.016400 0.026041
0 0.391013 0.361304 0.013947 0.016590
0 0.057464 0.173129 0.008006 0.022569
