0 0.464747 0.346161 0.013172 0.028743
0 0.409930 0.413291 0.019240 0.019483
0 0.346398 0.354746 0.017433 0.012731
0 0.367123 0.514081 0.019887 0.013503
0 0.582515 0.345486 0.022469 0.015818
0 0.620093 0.525849 0.011363 0.023920
0 0.647985 0.512925 0.013429 0.021219
0 0.589876 0.598283 0.010331 0.026042
0 0.520597 0.675926 0.016658 0.010802
0 0.476692 0.701196 0.013817 0.010416
0 0.501872 0.716628 0.017175 0.038195
0 0.458290 0.759163 0.016787 0.017168
0 0.424070 0.736111 0.013429 0.015432
0 0.599174 0.754051 0.010331 0.028936
0 0.565470 0.884162 0.018336 0.019869
0 0.579029 0.845293 0.020144 0.011574
0 0.450155 0.854553 0.019112 0.012345
0 0.355760 0.871721 0.018853 0.017361
0 0.357761 0.898148 0.017433 0.012346
0 0.425039 0.916764 0.009168 0.019869
0 0.423877 0.931134 0.016917 0.011960
0 0.453900 0.909530 0.011622 0.026621
0 0.458807 0.930748 0.015754 0.012731
0 0.495093 0.927083 0.016012 0.013117
0 0.522728 0.939236 0.008781 0.008874
0 0.607825 0.853106 0.008007 0.021798
0 0.652764 0.821277 0.009039 0.024884
0 0.759169 0.765239 0.009039 0.026621
0 0.731275 0.783950 0.020403 0.016975
0 0.727273 0.818094 0.017562 0.010416
0 0.737539 0.840567 0.016658 0.024498
0 0.739799 0.862751 0.011105 0.010223
0 0.814372 0.897762 0.025697 0.015432
0 0.839876 0.888503 0.016528 0.013118
0 0.877841 0.891686 0.015496 0.018325
0 0.904184 0.861207 0.011363 0.020255
0 0.935692 0.887249 0.009814 0.032600
0 0.974109 0.877122 0.008394 0.021991
0 0.907606 0.811921 0.012526 0.011188
0 0.890108 0.822820 0.011105 0.031057
0 0.952608 0.746142 0.018853 0.013118
0 0.853951 0.804591 0.010589 0.031250
0 0.838714 0.803241 0.008523 0.023920
0 0.796036 0.723380 0.014592 0.023919
0 0.865509 0.722029 0.017949 0.011960
0 0.897985 0.682388 0.008265 0.024884
0 0.870674 0.629437 0.009943 0.022763
0 0.803203 0.646605 0.007747 0.020062
0 0.751162 0.650367 0.015238 0.014468
0 0.751356 0.733314 0.015109 0.015625
0 0.969525 0.658372 0.012397 0.022762
0 0.964554 0.622492 0.019241 0.015818
0 0.973851 0.589410 0.009427 0.019097
0 0.947573 0.523245 0.016012 0.020255
0 0.946216 0.545524 0.016917 0.021605
0 0.828771 0.545235 0.008781 0.022956
0 0.891852 0.489390 0.016917 0.022763
0 0.885782 0.479456 0.013559 0.017554
0 0.962616 0.436149 0.011234 0.025077
0 0.922004 0.384259 0.015496 0.013117
0 0.883200 0.364005 0.013817 0.011189
0 0.953900 0.350598 0.010589 0.027971
0 0.789643 0.425154 0.008007 0.023919
0 0.839101 0.430844 0.008264 0.023341
0 0.818828 0.451003 0.013172 0.011574
0 0.820765 0.471450 0.008265 0.025463
0 0.852272 0.331886 0.008265 0.023727
0 0.884556 0.307484 0.012397 0.021605
0 0.919357 0.338445 0.010460 0.024498
0 0.930269 0.329475 0.009814 0.020061
0 0.913933 0.282600 0.007619 0.019676
0 0.908703 0.289930 0.010072 0.026621
0 0.813921 0.255208 0.014204 0.015818
0 0.923554 0.265818 0.007748 0.018518
0 0.945764 0.248650 0.009814 0.031250
0 0.926395 0.211420 0.007231 0.020062
0 0.877970 0.246432 0.009556 0.026813
0 0.873579 0.255980 0.006457 0.022762
0 0.898502 0.160590 0.007748 0.024885
0 0.900956 0.104745 0.012655 0.011189
0 0.920971 0.091725 0.014463 0.011767
0 0.942084 0.081887 0.010460 0.020640
0 0.867252 0.118249 0.007232 0.022762
0 0.839682 0.101080 0.013559 0.009259
0 0.784220 0.121528 0.006974 0.020833
0 0.735667 0.119503 0.019887 0.014468
0 0.835163 0.044464 0.016658 0.014853
0 0.802557 0.047068 0.012655 0.018519
0 0.764850 0.055749 0.011105 0.018904
0 0.729016 0.047260 0.015367 0.010417
0 0.728241 0.023630 0.013301 0.012153
0 0.706805 0.054494 0.009685 0.022184
0 0.818053 0.018326 0.015238 0.010417
0 0.621320 0.006945 0.012526 0.013889
0 0.650246 0.121528 0.019241 0.012346
0 0.605953 0.125965 0.018983 0.011189
0 0.509491 0.156442 0.010459 0.021219
0 0.596978 0.231868 0.018853 0.013889
0 0.661803 0.270544 0.016787 0.013310
0 0.619641 0.291570 0.009169 0.022570
0 0.539127 0.236208 0.009556 0.026428
0 0.531767 0.212288 0.015495 0.014853
0 0.544034 0.211516 0.012139 0.012539
0 0.359117 0.242091 0.011622 0.016589
0 0.367833 0.060763 0.023115 0.013503
0 0.300039 0.175926 0.008910 0.020062
0 0.174975 0.172261 0.006973 0.027392
0 0.152376 0.147377 0.011363 0.023149
0 0.116994 0.111786 0.008264 0.024884
0 0.106663 0.127507 0.009814 0.029707
0 0.063792 0.191262 0.010331 0.026813
0 0.264010 0.249132 0.015625 0.028357
0 0.202350 0.288967 0.011622 0.021605
0 0.196410 0.308449 0.014721 0.009645
0 0.194925 0.317033 0.013042 0.007909
0 0.176524 0.336613 0.008006 0.019676
0 0.140367 0.354166 0.006973 0.021605
0 0.135460 0.334780 0.008006 0.022184
0 0.122288 0.382330 0.009556 0.033950
0 0.105114 0.226369 0.019628 0.020641
0 0.081999 0.363137 0.013172 0.021412
0 0.085163 0.401138 0.011751 0.017940
0 0.091167 0.455054 0.019629 0.013504
0 0.140238 0.437500 0.009814 0.024692
0 0.082709 0.481192 0.018724 0.028743
0 0.113637 0.508198 0.008265 0.022569
0 0.205256 0.418499 0.014075 0.012153
0 0.253228 0.449846 0.013172 0.019290
0 0.171746 0.472126 0.009814 0.020640
0 0.161544 0.516011 0.011622 0.018904
0 0.224690 0.488233 0.021694 0.013504
0 0.176911 0.510995 0.016013 0.021219
0 0.234117 0.527199 0.016787 0.012732
0 0.098011 0.559992 0.008006 0.021991
0 0.124096 0.588928 0.019370 0.013503
0 0.096849 0.627315 0.008264 0.022377
0 0.185176 0.668596 0.009814 0.027778
0 0.164192 0.670235 0.008651 0.021412
0 0.183174 0.624518 0.007102 0.017940
0 0.185370 0.609664 0.007877 0.021412
0 0.204029 0.730517 0.017562 0.014274
0 0.277892 0.705247 0.010847 0.029321
0 0.310305 0.695988 0.021436 0.015432
0 0.262590 0.603588 0.014850 0.018904
0 0.294809 0.619888 0.006974 0.021798
0 0.256456 0.560571 0.018078 0.011574
0 0.239282 0.571759 0.013172 0.026235
0 0.311854 0.532022 0.017304 0.012346
0 0.272340 0.784819 0.008006 0.027199
0 0.278022 0.791088 0.007490 0.019676
0 0.288029 0.752507 0.020532 0.016589
0 0.320442 0.751157 0.018465 0.013117
0 0.306366 0.769773 0.012526 0.026428
0 0.370545 0.716146 0.011492 0.027971
0 0.379649 0.733700 0.011880 0.024499
0 0.369189 0.738233 0.008006 0.016590
0 0.434401 0.826774 0.011880 0.024691
0 0.413287 0.827450 0.010201 0.020255
0 0.416968 0.818769 0.009556 0.026042
0 0.479598 0.826967 0.006715 0.016590
0 0.470494 0.794464 0.021307 0.012925
0 0.468750 0.808642 0.016529 0.011574
0 0.729274 0.269676 0.009943 0.030092
0 0.702092 0.388889 0.011105 0.024691
0 0.735021 0.434799 0.010331 0.030093
0 0.722108 0.521798 0.016529 0.015046
0 0.754326 0.530479 0.013818 0.010803
0 0.758071 0.385417 0.015108 0.012346
0 0.748902 0.369213 0.008652 0.023148
0 0.658509 0.647377 0.019757 0.012345
0 0.658445 0.678241 0.015754 0.010802
0 0.704545 0.667438 0.009814 0.027778
0 0.702479 0.712963 0.013946 0.011574
0 0.669680 0.705054 0.016012 0.011188
0 0.668969 0.748553 0.015883 0.013696
0 0.654184 0.748457 0.014980 0.010802
0 0.607567 0.711902 0.021952 0.013310
0 0.734956 0.613812 0.015108 0.020062
0 0.739605 0.912133 0.015884 0.011381
0 0.742123 0.898534 0.018853 0.010802
0 0.698412 0.873650 0.018466 0.011188
0 0.683239 0.866802 0.016787 0.009838
0 0.659091 0.905671 0.008264 0.023534
0 0.627001 0.918017 0.013559 0.013504
0 0.638365 0.912230 0.018724 0.008874
0 0.650504 0.924768 0.016658 0.013117
0 0.256521 0.893229 0.011492 0.014854
0 0.307464 0.895544 0.010073 0.022184
0 0.283445 0.902585 0.017304 0.012732
0 0.284026 0.917053 0.018983 0.010031
0 0.274018 0.945023 0.008781 0.006558
0 0.238895 0.848765 0.012913 0.007716
0 0.222689 0.801698 0.019757 0.013117
0 0.198799 0.801601 0.015883 0.019868
0 0.213455 0.915509 0.017303 0.008488
0 0.228048 0.916281 0.006199 0.020833
0 0.233471 0.937886 0.014462 0.008488
0 0.204997 0.937500 0.018208 0.011574
0 0.215135 0.929977 0.012397 0.007330
0 0.196346 0.941936 0.010718 0.008873
0 0.146565 0.875482 0.013688 0.018711
0 0.163094 0.841628 0.014721 0.011188
0 0.113249 0.861689 0.019370 0.013503
0 0.106340 0.886381 0.016917 0.010417
0 0.109827 0.889275 0.017949 0.011574
0 0.125710 0.812210 0.014334 0.014467
0 0.122482 0.826196 0.019241 0.011188
0 0.096914 0.823109 0.022340 0.012731
0 0.157089 0.773244 0.013559 0.024884
0 0.076963 0.821084 0.006715 0.018325
0 0.081741 0.776524 0.010072 0.026042
0 0.102079 0.767458 0.010718 0.026427
0 0.112797 0.749324 0.013301 0.015239
0 0.120738 0.703318 0.011105 0.022376
0 0.101239 0.725694 0.010847 0.033950
0 0.081612 0.712866 0.008265 0.029129
0 0.080708 0.735919 0.007489 0.025849
0 0.124032 0.673418 0.015883 0.015818
0 0.135008 0.649306 0.016142 0.016975
0 0.160382 0.631270 0.011880 0.023341
0 0.159931 0.604746 0.009685 0.017361
0 0.127001 0.049479 0.011751 0.007524
0 0.160189 0.016011 0.019241 0.013503
0 0.133394 0.023052 0.013688 0.010995
0 0.117317 0.027585 0.006586 0.024306
0 0.104080 0.046393 0.008781 0.024113
0 0.090135 0.041088 0.017045 0.025077
0 0.273308 0.432292 0.007360 0.011960
