0 0.614669 0.498264 0.011363 0.028164
0 0.521694 0.473187 0.014979 0.010417
0 0.503616 0.488233 0.016012 0.013504
0 0.516787 0.555073 0.007748 0.022570
0 0.720946 0.480324 0.009039 0.023148
0 0.713327 0.453125 0.013946 0.015818
0 0.696022 0.409818 0.008781 0.019869
0 0.689566 0.379436 0.007748 0.020448
0 0.707193 0.335552 0.012010 0.022183
0 0.723657 0.408565 0.011880 0.018518
0 0.762978 0.395351 0.008910 0.016782
0 0.800685 0.422068 0.010460 0.020062
0 0.818698 0.423804 0.016529 0.014274
0 0.854791 0.453029 0.011493 0.018711
0 0.754778 0.507041 0.005424 0.018326
0 0.789773 0.511574 0.017562 0.015432
0 0.802944 0.494792 0.010847 0.022763
0 0.868349 0.523630 0.008135 0.023727
0 0.867640 0.493634 0.009555 0.022762
0 0.871449 0.375000 0.010718 0.008488
0 0.860150 0.351177 0.014205 0.021797
0 0.839553 0.323785 0.016142 0.018711
0 0.824897 0.320987 0.013946 0.016975
0 0.861183 0.298708 0.010073 0.024113
0 0.825284 0.287905 0.010589 0.014853
0 0.857890 0.265143 0.008910 0.027199
0 0.830385 0.213542 0.014592 0.023534
0 0.870416 0.267843 0.009169 0.022183
0 0.865961 0.226081 0.012397 0.022377
0 0.856470 0.186921 0.010460 0.024306
0 0.863571 0.122010 0.012009 0.025656
0 0.844977 0.141589 0.018725 0.014660
0 0.805075 0.139564 0.008652 0.021412
0 0.813275 0.218654 0.012397 0.029899
0 0.779958 0.195216 0.009297 0.020834
0 0.805527 0.269676 0.009298 0.027006
0 0.786028 0.246528 0.012139 0.023920
0 0.765496 0.242380 0.007748 0.022183
0 0.748838 0.212674 0.010589 0.029513
0 0.756457 0.309510 0.015495 0.024498
0 0.802686 0.320794 0.011880 0.025077
0 0.789644 0.319831 0.010073 0.025463
0 0.779055 0.354746 0.013172 0.015047
0 0.797779 0.389178 0.008264 0.020255
0 0.805785 0.374228 0.009298 0.020062
0 0.781896 0.396123 0.008006 0.020255
0 0.765883 0.387250 0.006973 0.016397
0 0.748838 0.362365 0.010589 0.020641
0 0.734698 0.346932 0.009685 0.019097
0 0.717136 0.300251 0.011235 0.014468
0 0.695054 0.301890 0.015108 0.011960
0 0.685628 0.251351 0.012267 0.016589
0 0.649406 0.307870 0.008006 0.023148
0 0.686144 0.224537 0.013300 0.015432
0 0.669679 0.207562 0.016529 0.010803
0 0.709453 0.194251 0.010331 0.026621
0 0.672908 0.181617 0.016787 0.011767
0 0.660318 0.156829 0.009427 0.018904
0 0.626550 0.176698 0.015496 0.013117
0 0.607438 0.163098 0.009814 0.023342
0 0.628486 0.128665 0.009555 0.021219
0 0.609504 0.099344 0.007748 0.024305
0 0.583420 0.198495 0.016012 0.011189
0 0.579868 0.164159 0.010201 0.013504
0 0.549458 0.175347 0.009556 0.024305
0 0.564114 0.125579 0.016658 0.015046
0 0.561725 0.076582 0.009298 0.024305
0 0.528667 0.148341 0.007748 0.022762
0 0.524019 0.168885 0.014979 0.017554
0 0.503616 0.176119 0.018078 0.013503
0 0.496062 0.144676 0.013817 0.013889
0 0.458290 0.161844 0.016271 0.014274
0 0.421488 0.148341 0.009297 0.024306
0 0.411674 0.209008 0.007231 0.022569
0 0.366671 0.230806 0.009684 0.018325
0 0.378938 0.192805 0.013043 0.021798
0 0.401860 0.245371 0.010847 0.026234
0 0.368673 0.255980 0.009555 0.023534
0 0.399147 0.297743 0.011105 0.025656
0 0.338391 0.324653 0.014076 0.011188
0 0.331354 0.347222 0.018078 0.016204
0 0.371965 0.367670 0.014333 0.016204
0 0.416709 0.340471 0.012138 0.017361
0 0.443569 0.351081 0.011622 0.029321
0 0.405605 0.382716 0.012655 0.028550
0 0.368479 0.408757 0.016141 0.021219
0 0.434014 0.414256 0.009555 0.021027
0 0.444538 0.429495 0.014076 0.016783
0 0.466942 0.463445 0.016529 0.012924
0 0.453318 0.502025 0.020016 0.017168
0 0.354209 0.557195 0.010589 0.026041
0 0.265044 0.624903 0.015108 0.016011
0 0.171681 0.642169 0.016142 0.014275
0 0.143853 0.604070 0.011880 0.027199
0 0.107954 0.524498 0.011363 0.027392
0 0.046552 0.652296 0.018208 0.017169
0 0.074445 0.696856 0.012525 0.031057
0 0.045003 0.758391 0.016141 0.028357
0 0.069151 0.894097 0.013817 0.015818
0 0.122288 0.882523 0.016787 0.025078
0 0.145596 0.898727 0.019499 0.014274
0 0.168970 0.893519 0.014075 0.011575
0 0.193440 0.870949 0.015496 0.019676
0 0.297456 0.853009 0.019757 0.013889
0 0.323541 0.850502 0.013559 0.011189
0 0.368091 0.854939 0.018466 0.013889
0 0.438791 0.848669 0.011880 0.026042
0 0.497094 0.899884 0.017433 0.015046
0 0.561467 0.861304 0.018078 0.015046
0 0.553526 0.826004 0.018983 0.013889
0 0.693311 0.884452 0.022985 0.016590
0 0.739734 0.899112 0.019240 0.013503
0 0.750129 0.856095 0.016787 0.010803
0 0.713004 0.791474 0.009685 0.026621
0 0.741026 0.748553 0.019757 0.018711
0 0.792420 0.763696 0.010718 0.019676
0 0.758846 0.800540 0.009943 0.008488
0 0.748838 0.797357 0.016271 0.014468
0 0.777892 0.733314 0.011880 0.012539
0 0.769176 0.709491 0.014076 0.010802
0 0.838326 0.677662 0.008781 0.021990
0 0.808949 0.756945 0.014592 0.013889
0 0.793066 0.747106 0.010718 0.018904
0 0.726885 0.725501 0.010073 0.024306
0 0.658703 0.703704 0.009039 0.023148
0 0.727402 0.640047 0.007490 0.018518
0 0.772211 0.671007 0.011880 0.010609
0 0.812759 0.649981 0.018079 0.022183
0 0.778215 0.603781 0.012784 0.016976
0 0.709323 0.578029 0.010073 0.024498
0 0.759556 0.549189 0.016012 0.014275
0 0.867252 0.583719 0.016012 0.015432
0 0.860021 0.605517 0.017562 0.011960
0 0.847818 0.619020 0.017691 0.012732
0 0.871578 0.639854 0.016142 0.011189
0 0.881069 0.683642 0.012655 0.018519
0 0.551201 0.330440 0.016141 0.011960
0 0.590586 0.279900 0.010718 0.014274
0 0.535576 0.250771 0.009169 0.020833
0 0.775310 0.125482 0.014980 0.014853
0 0.766012 0.140625 0.009814 0.026620
0 0.731857 0.143807 0.017950 0.019869
0 0.741606 0.182099 0.015238 0.016204
0 0.695635 0.135030 0.018853 0.017747
0 0.662900 0.124228 0.015366 0.011574
0 0.656831 0.108796 0.020790 0.017747
0 0.671359 0.089699 0.015238 0.011188
0 0.684530 0.056327 0.013688 0.031636
0 0.656508 0.044657 0.009297 0.027585
0 0.635653 0.022569 0.016658 0.013503
0 0.589166 0.029417 0.013817 0.016396
0 0.608794 0.049962 0.010718 0.016590
0 0.602854 0.028356 0.015625 0.014275
0 0.742833 0.039737 0.010977 0.022377
0 0.767110 0.036941 0.013043 0.021412
0 0.783187 0.045139 0.010072 0.024691
0 0.789062 0.052373 0.013817 0.015239
0 0.802040 0.087963 0.011105 0.017746
0 0.857890 0.091146 0.013559 0.014854
0 0.844783 0.066069 0.007232 0.024113
0 0.865573 0.083719 0.009555 0.016203
0 0.833226 0.067033 0.008393 0.019097
0 0.811015 0.032793 0.007877 0.018519
0 0.846849 0.037134 0.013429 0.018711
0 0.797908 0.036458 0.012655 0.021219
0 0.806044 0.045235 0.006715 0.024113
0 0.806947 0.042631 0.006973 0.026620
0 0.540935 0.043114 0.011622 0.029900
0 0.483019 0.062404 0.020274 0.019097
0 0.489218 0.028164 0.016142 0.015432
0 0.447701 0.032215 0.009039 0.016589
0 0.438598 0.025752 0.008910 0.016782
0 0.425233 0.027874 0.008007 0.022569
0 0.390044 0.038773 0.012526 0.012732
0 0.408252 0.051890 0.012784 0.018904
0 0.356017 0.034915 0.007489 0.021990
0 0.328448 0.042149 0.013043 0.020255
0 0.313339 0.025174 0.014333 0.018711
0 0.294228 0.061921 0.013300 0.011188
0 0.266852 0.110340 0.008393 0.020833
0 0.345494 0.098380 0.017949 0.008487
0 0.331547 0.102623 0.015367 0.011574
0 0.168388 0.040123 0.011363 0.025463
0 0.215328 0.032407 0.019498 0.023148
0 0.199251 0.089120 0.020920 0.012345
0 0.195635 0.128086 0.017303 0.013889
0 0.164643 0.147955 0.008523 0.020447
0 0.180914 0.180362 0.011622 0.024305
0 0.204029 0.206500 0.010847 0.027585
0 0.236183 0.204186 0.009039 0.023726
0 0.254843 0.184799 0.015883 0.011574
0 0.189566 0.239294 0.014463 0.022569
0 0.267821 0.250385 0.010847 0.025463
0 0.312435 0.277006 0.019757 0.015432
0 0.246901 0.340278 0.010330 0.023920
0 0.191503 0.323206 0.016788 0.021798
0 0.168647 0.336998 0.009814 0.030478
0 0.149922 0.233700 0.013172 0.022570
0 0.096333 0.289641 0.010847 0.026427
0 0.058819 0.229938 0.011751 0.020834
0 0.055140 0.153838 0.008523 0.023341
0 0.086196 0.159433 0.012268 0.024113
0 0.096075 0.211227 0.008781 0.027392
0 0.112732 0.181327 0.009555 0.023919
0 0.133717 0.111882 0.009943 0.021605
0 0.088004 0.100020 0.011751 0.031057
0 0.069796 0.071663 0.016917 0.014082
0 0.082063 0.030093 0.015883 0.016203
0 0.114282 0.036072 0.022469 0.026621
0 0.233988 0.122299 0.018595 0.016203
0 0.245351 0.157408 0.013946 0.018518
0 0.261364 0.163677 0.009297 0.023727
0 0.291193 0.138118 0.012138 0.022377
0 0.303138 0.150270 0.013301 0.021990
0 0.338391 0.200810 0.012784 0.020448
0 0.414515 0.130402 0.014463 0.013889
0 0.387590 0.142747 0.017433 0.016976
0 0.364153 0.171875 0.010331 0.021220
0 0.358535 0.167245 0.013043 0.011189
0 0.352531 0.154900 0.010848 0.025077
0 0.078900 0.458527 0.021436 0.021991
0 0.131327 0.433546 0.010589 0.024113
0 0.068246 0.292535 0.014333 0.021412
0 0.050103 0.328800 0.012913 0.027970
0 0.067601 0.333141 0.020015 0.017361
0 0.027117 0.182967 0.012397 0.024499
0 0.434982 0.733796 0.023115 0.024691
0 0.821474 0.910398 0.009685 0.008681
0 0.824380 0.886381 0.010847 0.028936
0 0.852660 0.880691 0.011622 0.027199
0 0.868543 0.861883 0.007231 0.020062
0 0.879003 0.822917 0.009040 0.023149
0 0.863895 0.825617 0.008781 0.023149
0 0.869253 0.789448 0.008394 0.027585
0 0.894047 0.898920 0.016916 0.016204
