0 0.522856 0.427951 0.017821 0.017554
0 0.653215 0.402681 0.013817 0.022569
0 0.639656 0.477045 0.011235 0.025848
0 0.678203 0.499422 0.011363 0.028935
0 0.698089 0.488329 0.008781 0.025655
0 0.722947 0.444541 0.014076 0.012925
0 0.718750 0.516590 0.007748 0.020833
0 0.784995 0.434317 0.006973 0.021026
0 0.758006 0.412712 0.007748 0.020255
0 0.669034 0.334105 0.009556 0.025463
0 0.725401 0.314814 0.015108 0.017747
0 0.731921 0.359857 0.009297 0.022570
0 0.750129 0.355325 0.008006 0.017747
0 0.748708 0.316840 0.008265 0.018325
0 0.776472 0.359954 0.005424 0.015432
0 0.768078 0.333141 0.011880 0.021219
0 0.791968 0.368055 0.008522 0.020062
0 0.685563 0.387539 0.016788 0.012731
0 0.691696 0.390046 0.013559 0.014661
0 0.846978 0.383391 0.015754 0.019097
0 0.856663 0.339313 0.017562 0.015047
0 0.800749 0.395544 0.014204 0.024884
0 0.812177 0.428820 0.016917 0.024305
0 0.825607 0.470486 0.016400 0.014274
0 0.882618 0.504244 0.011105 0.027778
0 0.819667 0.556713 0.016400 0.014660
0 0.881909 0.560378 0.015109 0.024305
0 0.898114 0.554687 0.012655 0.021413
0 0.890367 0.601081 0.016787 0.013117
0 0.884104 0.615548 0.017949 0.011188
0 0.818892 0.642940 0.018724 0.015046
0 0.814244 0.669367 0.013817 0.012346
0 0.852144 0.692709 0.010073 0.028935
0 0.874871 0.658854 0.010072 0.023726
0 0.890496 0.688175 0.009814 0.024884
0 0.901020 0.673418 0.008394 0.023534
0 0.853951 0.729553 0.009555 0.021605
0 0.896178 0.744598 0.014463 0.016975
0 0.869834 0.760706 0.012397 0.023726
0 0.889011 0.769194 0.010718 0.022183
0 0.841943 0.810571 0.010847 0.032408
0 0.804171 0.816936 0.016400 0.014275
0 0.757619 0.730903 0.020919 0.017361
0 0.795648 0.760995 0.016141 0.014274
0 0.716619 0.770641 0.017433 0.025077
0 0.702738 0.709587 0.006199 0.015239
0 0.715393 0.698303 0.009814 0.028550
0 0.755294 0.683256 0.010073 0.014661
0 0.600271 0.725116 0.020274 0.020448
0 0.561338 0.813754 0.008006 0.022570
0 0.592652 0.798514 0.015366 0.024498
0 0.566310 0.888503 0.012267 0.015432
0 0.610150 0.854070 0.017820 0.019097
0 0.646178 0.860918 0.012914 0.011188
0 0.673748 0.875771 0.011751 0.012345
0 0.627970 0.894290 0.017304 0.013118
0 0.738508 0.878858 0.020403 0.019290
0 0.784672 0.894676 0.016400 0.014660
0 0.806044 0.881848 0.010847 0.021798
0 0.871901 0.885320 0.007231 0.017168
0 0.854338 0.880980 0.018595 0.011960
0 0.872159 0.874807 0.008264 0.021220
0 0.485085 0.888792 0.016400 0.014081
0 0.453835 0.845100 0.011234 0.022763
0 0.426007 0.861304 0.023502 0.018132
0 0.388494 0.679687 0.018208 0.024498
0 0.449767 0.696470 0.015237 0.032215
0 0.483084 0.746239 0.010073 0.023341
0 0.340328 0.845197 0.014592 0.017940
0 0.285640 0.756366 0.021695 0.015818
0 0.247159 0.773630 0.005166 0.019097
0 0.168969 0.770833 0.015883 0.013117
0 0.195636 0.859761 0.019887 0.025849
0 0.279249 0.826196 0.023115 0.016590
0 0.287965 0.836612 0.019628 0.018133
0 0.224690 0.622493 0.017562 0.010417
0 0.114734 0.666474 0.017433 0.015818
0 0.070442 0.718171 0.015883 0.026621
0 0.078125 0.577932 0.019886 0.013889
0 0.127325 0.511767 0.020661 0.024305
0 0.100336 0.438947 0.016271 0.026427
0 0.225787 0.403357 0.012267 0.017361
0 0.245803 0.356289 0.020015 0.015047
0 0.308497 0.400655 0.022985 0.021219
0 0.296875 0.241416 0.012654 0.028357
0 0.151537 0.296297 0.010718 0.026235
0 0.110924 0.289641 0.012655 0.027199
0 0.088972 0.310667 0.015238 0.016397
0 0.109698 0.343654 0.017691 0.019097
0 0.062887 0.191358 0.011105 0.035494
0 0.079158 0.264082 0.014204 0.019676
0 0.104145 0.187307 0.011493 0.028936
0 0.143724 0.152488 0.015754 0.031829
0 0.107245 0.134935 0.009168 0.020255
0 0.111571 0.089313 0.006715 0.021991
0 0.099820 0.058353 0.016787 0.016011
0 0.104274 0.016782 0.014334 0.006559
0 0.165289 0.074942 0.020145 0.015240
0 0.195893 0.106096 0.011105 0.020833
0 0.222624 0.147377 0.007232 0.026234
0 0.252518 0.092014 0.023115 0.016590
0 0.232955 0.177469 0.020145 0.020834
0 0.187436 0.210263 0.011751 0.018518
0 0.184917 0.232446 0.015495 0.018132
0 0.366090 0.302180 0.015754 0.009838
0 0.403215 0.238233 0.014333 0.015046
0 0.427944 0.273438 0.011880 0.027971
0 0.217588 0.051601 0.015754 0.020255
0 0.232050 0.042052 0.014721 0.013117
0 0.242123 0.008584 0.015754 0.016396
0 0.272663 0.005305 0.017950 0.010609
0 0.326124 0.017071 0.009943 0.024113
0 0.300684 0.095679 0.010977 0.026234
0 0.314179 0.109954 0.013172 0.026235
0 0.299200 0.138407 0.012655 0.020255
0 0.293324 0.170332 0.016916 0.011188
0 0.398243 0.415799 0.010847 0.025656
0 0.400116 0.352816 0.012784 0.027392
0 0.387138 0.345197 0.011364 0.017940
0 0.457128 0.361497 0.011364 0.023148
0 0.483794 0.283757 0.023114 0.016589
0 0.433755 0.457176 0.023502 0.015432
0 0.456805 0.516300 0.015366 0.026814
0 0.081935 0.853781 0.023890 0.008488
0 0.621772 0.282022 0.018336 0.013118
0 0.542936 0.171297 0.011751 0.013117
0 0.506327 0.071181 0.021952 0.014275
0 0.430656 0.206790 0.012138 0.030092
0 0.526085 0.217882 0.019111 0.022955
0 0.430720 0.162615 0.021565 0.013503
0 0.466425 0.127893 0.012397 0.023534
0 0.474819 0.091049 0.013172 0.020834
0 0.431495 0.139853 0.013300 0.023534
0 0.440986 0.112268 0.014205 0.013117
0 0.431560 0.104842 0.017562 0.025656
0 0.456805 0.051890 0.010976 0.023534
0 0.411222 0.118441 0.013559 0.024691
0 0.397275 0.138407 0.014333 0.020255
0 0.479532 0.023438 0.016917 0.031443
0 0.518401 0.016011 0.008135 0.016590
0 0.539127 0.012249 0.011105 0.012153
0 0.551265 0.027489 0.008007 0.014854
0 0.504649 0.104938 0.008781 0.012345
0 0.511364 0.119791 0.017562 0.017361
0 0.538352 0.141396 0.008006 0.022763
0 0.347495 0.016011 0.010589 0.016590
0 0.362410 0.009067 0.014592 0.016590
0 0.356793 0.034144 0.015238 0.017361
0 0.345622 0.112365 0.018725 0.018325
0 0.342200 0.117091 0.011880 0.022762
0 0.400375 0.016686 0.018207 0.021026
0 0.384943 0.020448 0.015238 0.025463
0 0.384943 0.046297 0.015238 0.010803
0 0.412126 0.103588 0.009943 0.021991
0 0.583678 0.016975 0.013430 0.018519
0 0.575349 0.038387 0.014075 0.015818
0 0.563275 0.083044 0.008781 0.021026
0 0.560563 0.136188 0.010588 0.026235
0 0.560951 0.163966 0.012397 0.020062
0 0.552428 0.194541 0.010331 0.018326
0 0.573476 0.193480 0.008006 0.023534
0 0.582257 0.139854 0.009556 0.022763
0 0.601821 0.158950 0.018208 0.012345
0 0.625323 0.116319 0.018208 0.010417
0 0.589682 0.042727 0.014592 0.024499
0 0.600013 0.031443 0.009943 0.022762
0 0.626743 0.016493 0.016400 0.017554
0 0.645596 0.053240 0.014076 0.013889
0 0.654958 0.023148 0.009297 0.020062
0 0.661932 0.027970 0.013946 0.008873
0 0.700542 0.024305 0.009556 0.026235
0 0.708484 0.070795 0.018208 0.014275
0 0.665160 0.090953 0.011105 0.019097
0 0.675361 0.139467 0.012913 0.016590
0 0.662448 0.160880 0.012913 0.019291
0 0.643143 0.188368 0.011751 0.007909
0 0.637333 0.229263 0.011751 0.018325
0 0.672133 0.186053 0.015754 0.017554
0 0.702802 0.180748 0.014075 0.017361
0 0.680010 0.230131 0.017562 0.009645
0 0.660124 0.211420 0.010330 0.019290
0 0.713068 0.242573 0.013430 0.027199
0 0.680139 0.111015 0.019886 0.014082
0 0.731663 0.261670 0.008264 0.028743
0 0.760847 0.277103 0.008265 0.024498
0 0.779054 0.278646 0.006973 0.024498
0 0.800491 0.298225 0.006456 0.027006
0 0.810692 0.299575 0.009298 0.017361
0 0.824639 0.316165 0.011881 0.022762
0 0.873192 0.297068 0.017562 0.012346
0 0.821475 0.345004 0.016916 0.024499
0 0.819473 0.257812 0.012913 0.031443
0 0.843363 0.248553 0.006973 0.025270
0 0.847624 0.255015 0.017562 0.019290
0 0.800749 0.193866 0.019886 0.015818
0 0.831483 0.137539 0.010072 0.028935
0 0.794034 0.130305 0.011105 0.024498
0 0.781896 0.149788 0.010589 0.021798
0 0.736506 0.149499 0.015883 0.010417
0 0.758458 0.162423 0.010459 0.012346
0 0.764463 0.151235 0.012913 0.020834
0 0.734569 0.097415 0.018724 0.009645
0 0.756650 0.020544 0.018724 0.021798
0 0.786286 0.092593 0.015754 0.026234
0 0.750387 0.047936 0.010589 0.021026
0 0.817665 0.191648 0.013946 0.018325
0 0.885912 0.265625 0.011235 0.015818
0 0.800491 0.033758 0.015238 0.015818
0 0.798489 0.019097 0.010718 0.013503
0 0.831676 0.028742 0.012267 0.013503
0 0.798812 0.044174 0.014462 0.009645
0 0.843879 0.038580 0.008522 0.021605
0 0.821410 0.056424 0.013172 0.018711
0 0.858471 0.041763 0.015496 0.016397
0 0.831095 0.042632 0.014462 0.010417
0 0.884685 0.069734 0.011105 0.020255
0 0.875581 0.050444 0.020015 0.014468
0 0.889979 0.107831 0.014463 0.013503
0 0.874354 0.074363 0.005940 0.006365
0 0.880230 0.084780 0.012267 0.010995
0 0.879907 0.093557 0.019628 0.006558
0 0.868156 0.100694 0.013688 0.007716
0 0.879971 0.165220 0.010201 0.022184
0 0.891529 0.158082 0.011880 0.023341
0 0.883652 0.131462 0.012655 0.023726
0 0.879778 0.138599 0.012655 0.019869
0 0.845041 0.143904 0.007748 0.027006
0 0.879132 0.202739 0.007748 0.014274
0 0.891852 0.223187 0.008135 0.023534
0 0.876808 0.241416 0.007232 0.018325
0 0.881521 0.244889 0.006586 0.015625
