0 0.442214 0.510031 0.018983 0.018518
0 0.333032 0.537616 0.012138 0.026621
0 0.356340 0.414352 0.016658 0.020062
0 0.393725 0.393422 0.009039 0.028357
0 0.431173 0.358025 0.010073 0.030864
0 0.402699 0.346451 0.015625 0.019291
0 0.358277 0.377121 0.012784 0.017361
0 0.421100 0.421297 0.010072 0.022377
0 0.430204 0.435571 0.019498 0.020834
0 0.455579 0.470101 0.021177 0.018133
0 0.249613 0.625097 0.017303 0.021797
0 0.233730 0.346450 0.014463 0.029321
0 0.258781 0.256270 0.011364 0.034144
0 0.300878 0.284433 0.020661 0.013310
0 0.324251 0.331790 0.017304 0.011574
0 0.319860 0.353588 0.018337 0.015046
0 0.384814 0.305652 0.013430 0.027585
0 0.389850 0.250579 0.010072 0.027392
0 0.398244 0.216725 0.011364 0.024885
0 0.408832 0.155671 0.012397 0.025848
0 0.366477 0.200135 0.014462 0.024884
0 0.353951 0.233218 0.011622 0.025849
0 0.359117 0.264371 0.011105 0.023341
0 0.330385 0.195217 0.012784 0.021605
0 0.321346 0.111882 0.015625 0.018519
0 0.335421 0.105131 0.019499 0.018133
0 0.352402 0.042149 0.011106 0.022570
0 0.379520 0.046875 0.016271 0.015046
0 0.396630 0.061535 0.012267 0.017361
0 0.420067 0.039738 0.010072 0.020833
0 0.440857 0.042342 0.013947 0.019097
0 0.498580 0.044271 0.011105 0.026814
0 0.339618 0.160301 0.007748 0.025078
0 0.346139 0.171875 0.016141 0.018132
0 0.354985 0.172936 0.009555 0.029128
0 0.375839 0.148823 0.022340 0.024113
0 0.404701 0.137538 0.014979 0.016589
0 0.439760 0.137539 0.018466 0.016589
0 0.490186 0.184221 0.021178 0.016589
0 0.679364 0.369213 0.011105 0.020062
0 0.682722 0.417052 0.011106 0.020834
0 0.692149 0.453703 0.014462 0.020833
0 0.599561 0.505498 0.010072 0.027585
0 0.532993 0.503472 0.012784 0.021605
0 0.511364 0.483410 0.014463 0.008487
0 0.497159 0.490451 0.019628 0.017554
0 0.635847 0.675444 0.015496 0.024112
0 0.711647 0.646701 0.009039 0.018325
0 0.381973 0.783950 0.005682 0.022377
0 0.423102 0.852912 0.012784 0.027585
0 0.488830 0.905092 0.018466 0.014661
0 0.545196 0.866706 0.021694 0.025077
0 0.512591 0.844329 0.021307 0.016589
0 0.673166 0.891782 0.023502 0.018133
0 0.724948 0.875000 0.015495 0.021605
0 0.743479 0.905092 0.018982 0.014661
0 0.695377 0.802083 0.010073 0.030864
0 0.724109 0.756173 0.018466 0.020834
0 0.708807 0.740451 0.010072 0.030671
0 0.754907 0.679205 0.014979 0.016590
0 0.796359 0.659337 0.017821 0.020061
0 0.750388 0.712577 0.017304 0.013117
0 0.764527 0.727623 0.014592 0.013117
0 0.773180 0.755594 0.011751 0.015818
0 0.774599 0.773534 0.012267 0.021605
0 0.743091 0.810764 0.009427 0.016590
0 0.730824 0.803819 0.018466 0.015818
0 0.823218 0.694348 0.011106 0.029900
0 0.811725 0.758777 0.014979 0.019097
0 0.856793 0.853395 0.010589 0.014660
0 0.831031 0.900366 0.015625 0.014081
0 0.812823 0.917245 0.018466 0.014275
0 0.801976 0.897666 0.011235 0.013310
0 0.857825 0.823399 0.011105 0.028357
0 0.856083 0.770833 0.007877 0.020061
0 0.854146 0.733121 0.011751 0.029128
0 0.851369 0.692130 0.010589 0.030865
0 0.862732 0.696663 0.008007 0.018325
0 0.827802 0.634163 0.019499 0.013310
0 0.843298 0.614391 0.017949 0.016589
0 0.849044 0.585070 0.017304 0.015047
0 0.762396 0.610050 0.014463 0.018325
0 0.744254 0.557967 0.018465 0.014082
0 0.738379 0.516107 0.008781 0.023341
0 0.702608 0.477237 0.011105 0.020833
0 0.704933 0.555844 0.011106 0.023341
0 0.789127 0.506269 0.010072 0.029128
0 0.780798 0.520061 0.022340 0.021605
0 0.788223 0.434607 0.012913 0.024305
0 0.811145 0.439815 0.011751 0.030864
0 0.823735 0.524692 0.016787 0.022377
0 0.848528 0.523052 0.009556 0.022569
0 0.852660 0.492188 0.010072 0.024112
0 0.709194 0.413484 0.014979 0.021798
0 0.694279 0.347801 0.014592 0.026620
0 0.721461 0.357542 0.010589 0.023341
0 0.743995 0.318866 0.013301 0.027392
0 0.701382 0.312982 0.012784 0.019097
0 0.678526 0.309221 0.016142 0.016589
0 0.635201 0.317998 0.010073 0.029128
0 0.540612 0.336805 0.021824 0.014661
0 0.584840 0.279418 0.011622 0.016782
0 0.520855 0.256751 0.011235 0.025077
0 0.653344 0.217496 0.019499 0.013310
0 0.673231 0.236015 0.018983 0.019869
0 0.671230 0.262345 0.014979 0.022376
0 0.694860 0.205922 0.011105 0.026813
0 0.733988 0.224055 0.013429 0.029128
0 0.730049 0.196470 0.016658 0.019097
0 0.718104 0.151235 0.017304 0.020834
0 0.751162 0.148631 0.010072 0.028357
0 0.772404 0.125578 0.007877 0.025849
0 0.806366 0.161073 0.020016 0.016590
0 0.761235 0.192611 0.012139 0.023341
0 0.803590 0.224345 0.012138 0.036651
0 0.822701 0.226081 0.010073 0.033179
0 0.848270 0.273726 0.010073 0.025849
0 0.810822 0.301119 0.011105 0.016590
0 0.810627 0.328800 0.016142 0.017554
0 0.743608 0.404224 0.021823 0.016783
0 0.740057 0.369406 0.010072 0.026620
0 0.748967 0.395448 0.012396 0.020833
0 0.767433 0.409239 0.011106 0.023341
0 0.781250 0.403935 0.007748 0.020834
0 0.793517 0.388021 0.010073 0.022569
0 0.767562 0.364679 0.013946 0.019097
0 0.752324 0.253376 0.009814 0.024885
0 0.770145 0.251061 0.014463 0.023341
0 0.775826 0.330054 0.007748 0.028164
0 0.788546 0.328897 0.013300 0.027392
0 0.789127 0.276524 0.010072 0.032600
0 0.797521 0.296393 0.013430 0.029128
0 0.824509 0.339410 0.017304 0.019869
0 0.843815 0.366319 0.018983 0.014274
0 0.854985 0.351081 0.010073 0.010031
0 0.842394 0.343461 0.015109 0.011767
0 0.705320 0.057677 0.013946 0.026620
0 0.687887 0.041377 0.011622 0.024113
0 0.663094 0.099345 0.016788 0.013503
0 0.649147 0.115934 0.024535 0.023534
0 0.653280 0.131365 0.017304 0.014275
0 0.686338 0.142747 0.018337 0.020062
0 0.485021 0.154321 0.014979 0.016976
0 0.529895 0.112558 0.015625 0.016782
0 0.514785 0.100598 0.012267 0.019098
0 0.514204 0.156154 0.011363 0.023341
0 0.509556 0.176505 0.014980 0.017361
0 0.537578 0.183449 0.011105 0.025078
0 0.554946 0.138503 0.018982 0.018518
0 0.550361 0.090182 0.014463 0.018326
0 0.585615 0.158854 0.011105 0.024113
0 0.571475 0.206018 0.015108 0.013117
0 0.611506 0.183449 0.015109 0.015046
0 0.528925 0.074267 0.020661 0.013504
0 0.519822 0.039352 0.013301 0.020062
0 0.542420 0.036265 0.012784 0.020833
0 0.849303 0.235725 0.010072 0.020834
0 0.849948 0.199749 0.011363 0.022570
0 0.856017 0.155961 0.010073 0.019869
0 0.849432 0.072145 0.007748 0.019290
0 0.724948 0.043017 0.013430 0.014275
0 0.738378 0.040702 0.011364 0.025848
0 0.746772 0.039738 0.008006 0.020833
0 0.762397 0.044850 0.007748 0.024113
0 0.772985 0.042342 0.013429 0.019097
0 0.746191 0.081790 0.013301 0.011574
0 0.752970 0.077643 0.017820 0.013310
0 0.785770 0.062018 0.016787 0.018326
0 0.801395 0.054880 0.012397 0.024113
0 0.799199 0.060957 0.008006 0.020062
0 0.814308 0.054880 0.013430 0.024113
0 0.845235 0.114873 0.009427 0.012539
0 0.833161 0.042149 0.013430 0.022570
0 0.836518 0.050925 0.013429 0.010031
0 0.838456 0.061439 0.011622 0.014082
0 0.841619 0.081790 0.007877 0.021605
0 0.820893 0.089699 0.009039 0.024305
0 0.227531 0.217497 0.013430 0.023341
0 0.191374 0.218461 0.012396 0.028357
0 0.167355 0.190683 0.013430 0.027584
0 0.165418 0.320312 0.017303 0.018326
0 0.144822 0.260899 0.016142 0.023341
0 0.089876 0.297068 0.014462 0.020834
0 0.029442 0.296297 0.013946 0.022377
0 0.040289 0.330633 0.013430 0.032407
0 0.053396 0.335262 0.019499 0.011574
0 0.122095 0.473187 0.016659 0.025848
0 0.139915 0.427759 0.012268 0.023341
0 0.100659 0.534432 0.017174 0.023341
0 0.115961 0.570216 0.013430 0.031636
0 0.130553 0.609278 0.011105 0.029899
0 0.154249 0.659143 0.019499 0.016589
0 0.174587 0.697145 0.021177 0.019290
0 0.044357 0.651717 0.019499 0.018326
0 0.028991 0.759163 0.015625 0.026813
0 0.103822 0.873553 0.020145 0.028356
0 0.053977 0.895447 0.013947 0.019290
0 0.128358 0.900849 0.022211 0.020062
0 0.155733 0.895833 0.014463 0.013117
0 0.180979 0.877990 0.018466 0.017554
0 0.283316 0.860146 0.020145 0.018133
0 0.311209 0.854167 0.013430 0.013117
0 0.351175 0.867670 0.016141 0.020062
0 0.102467 0.041763 0.026214 0.031828
0 0.156250 0.043499 0.013430 0.028356
0 0.187371 0.096065 0.024535 0.020062
0 0.218879 0.126158 0.017303 0.020061
0 0.233923 0.159336 0.016141 0.020062
0 0.185693 0.128665 0.014463 0.015046
0 0.252066 0.116319 0.013430 0.025849
0 0.283703 0.061439 0.017303 0.014082
0 0.311854 0.044850 0.016787 0.024113
0 0.280346 0.135609 0.011622 0.024306
0 0.289127 0.153550 0.016270 0.021605
0 0.241994 0.188464 0.020145 0.015047
0 0.249871 0.165220 0.011106 0.018326
0 0.206999 0.035687 0.018853 0.025849
0 0.224432 0.043017 0.013946 0.024306
0 0.153409 0.153646 0.012396 0.028357
0 0.115832 0.117766 0.009556 0.023341
0 0.100335 0.184607 0.011105 0.025849
0 0.136363 0.237172 0.014979 0.024113
0 0.073089 0.174480 0.014463 0.023341
0 0.081999 0.214699 0.010072 0.015818
0 0.044034 0.229842 0.016788 0.022569
0 0.072249 0.118152 0.012785 0.034143
0 0.060047 0.075328 0.016271 0.018325
0 0.052234 0.041281 0.015109 0.020834
0 0.068957 0.031250 0.014979 0.020834
0 0.016271 0.186536 0.005682 0.025849
0 0.871965 0.911747 0.015108 0.018325
