0 0.678719 0.423129 0.014462 0.014854
0 0.706547 0.426697 0.014850 0.012345
0 0.732503 0.455054 0.014075 0.011960
0 0.757232 0.422646 0.008265 0.021219
0 0.778925 0.389757 0.005165 0.016397
0 0.646501 0.413677 0.013300 0.019097
0 0.635524 0.493056 0.010718 0.026234
0 0.691762 0.489005 0.010073 0.026620
0 0.719073 0.503665 0.011493 0.014274
0 0.784091 0.438175 0.007232 0.018711
0 0.825219 0.483121 0.015625 0.014854
0 0.842781 0.396798 0.012267 0.021220
0 0.802622 0.415509 0.013817 0.017747
0 0.818957 0.445216 0.014463 0.025462
0 0.826640 0.434607 0.008910 0.017361
0 0.836454 0.372686 0.017692 0.013889
0 0.817149 0.352334 0.010331 0.018325
0 0.778280 0.341338 0.008522 0.023727
0 0.796681 0.330632 0.018207 0.013117
0 0.755811 0.343653 0.007490 0.018711
0 0.747547 0.361497 0.012655 0.019290
0 0.723334 0.326196 0.014592 0.015818
0 0.665161 0.332562 0.010589 0.024691
0 0.612797 0.292727 0.016658 0.012925
0 0.714166 0.238426 0.013559 0.023148
0 0.720299 0.223766 0.016529 0.013889
0 0.728306 0.273148 0.009814 0.024691
0 0.755682 0.285301 0.007748 0.023534
0 0.744576 0.325617 0.007748 0.019290
0 0.793905 0.285012 0.011880 0.025656
0 0.812758 0.311053 0.010847 0.027585
0 0.819279 0.299094 0.009427 0.019097
0 0.842911 0.324653 0.012526 0.027392
0 0.828319 0.313658 0.009943 0.022377
0 0.887590 0.302759 0.015625 0.017168
0 0.874354 0.283179 0.019370 0.013118
0 0.877647 0.308064 0.016400 0.020448
0 0.893660 0.352912 0.009169 0.023341
0 0.882877 0.349537 0.013172 0.019290
0 0.890754 0.386477 0.010330 0.024498
0 0.854016 0.254726 0.009169 0.021026
0 0.880682 0.227334 0.009298 0.026814
0 0.842329 0.222415 0.016271 0.012732
0 0.863378 0.197049 0.009298 0.026814
0 0.833807 0.242188 0.011106 0.028743
0 0.853951 0.227045 0.010073 0.022762
0 0.857051 0.170428 0.008006 0.022184
0 0.903925 0.258005 0.006715 0.016397
0 0.723463 0.137925 0.011493 0.024306
0 0.750000 0.169560 0.016012 0.011960
0 0.763753 0.167053 0.012010 0.020062
0 0.774471 0.146123 0.019240 0.021027
0 0.793001 0.133295 0.007490 0.021219
0 0.798683 0.155382 0.010073 0.023726
0 0.795971 0.157600 0.009298 0.021990
0 0.813792 0.109857 0.008265 0.023341
0 0.728952 0.098958 0.019369 0.015818
0 0.777763 0.118152 0.013688 0.016010
0 0.777635 0.110533 0.014463 0.012731
0 0.722753 0.035976 0.009556 0.019483
0 0.745158 0.049286 0.011493 0.029128
0 0.773438 0.054591 0.017691 0.012732
0 0.707515 0.045139 0.009039 0.022377
0 0.703964 0.077739 0.015883 0.011960
0 0.676975 0.115741 0.021307 0.016204
0 0.635589 0.115547 0.017562 0.014275
0 0.669550 0.150752 0.009039 0.017939
0 0.656832 0.172357 0.011751 0.018711
0 0.599496 0.168017 0.017174 0.011960
0 0.594138 0.095582 0.013172 0.020640
0 0.630552 0.077160 0.018853 0.013889
0 0.576576 0.093364 0.008523 0.020062
0 0.571797 0.141011 0.008265 0.021990
0 0.594977 0.164738 0.011493 0.012345
0 0.552234 0.205826 0.012010 0.018905
0 0.569861 0.201099 0.007490 0.022955
0 0.531702 0.175443 0.013042 0.016783
0 0.529184 0.154128 0.008264 0.022762
0 0.507425 0.131173 0.016400 0.010802
0 0.499742 0.117959 0.007232 0.014853
0 0.500710 0.080439 0.020532 0.013503
0 0.468298 0.101080 0.011492 0.018519
0 0.459969 0.139082 0.007748 0.019676
0 0.425232 0.150270 0.014205 0.024306
0 0.435369 0.124710 0.012784 0.014467
0 0.422844 0.172646 0.018208 0.013503
0 0.423167 0.216146 0.009039 0.024499
0 0.395209 0.254437 0.015883 0.012731
0 0.420584 0.286748 0.011622 0.025270
0 0.477337 0.293210 0.020016 0.014660
0 0.451382 0.373264 0.012267 0.020448
0 0.393724 0.367669 0.010072 0.021605
0 0.380294 0.358218 0.009555 0.018904
0 0.395661 0.426987 0.009298 0.025656
0 0.301459 0.416088 0.020274 0.015046
0 0.451188 0.498939 0.012914 0.025270
0 0.484117 0.490934 0.012138 0.027392
0 0.521177 0.438079 0.016012 0.015047
0 0.361893 0.314622 0.014592 0.011188
0 0.391594 0.151523 0.012785 0.019483
0 0.407799 0.115934 0.011363 0.018132
0 0.404442 0.134162 0.011364 0.023341
0 0.422585 0.120274 0.014075 0.021026
0 0.334453 0.125000 0.023243 0.025462
0 0.329610 0.125482 0.012010 0.025270
0 0.306237 0.122492 0.012267 0.025848
0 0.291064 0.150945 0.010848 0.025270
0 0.293324 0.107350 0.010718 0.020641
0 0.309142 0.028839 0.012397 0.024498
0 0.335098 0.023823 0.011622 0.022184
0 0.349691 0.035108 0.018595 0.020834
0 0.378810 0.034336 0.009685 0.011574
0 0.393725 0.040992 0.008523 0.026427
0 0.404636 0.035108 0.007360 0.024692
0 0.431302 0.025367 0.008265 0.019097
0 0.441955 0.034336 0.012784 0.020833
0 0.468621 0.044657 0.009556 0.025270
0 0.454869 0.026042 0.015625 0.017361
0 0.493930 0.019483 0.018337 0.018904
0 0.506521 0.033179 0.015883 0.020834
0 0.477531 0.026042 0.013430 0.014275
0 0.284608 0.188078 0.018595 0.013503
0 0.293517 0.252893 0.013171 0.030478
0 0.215263 0.154996 0.011105 0.025656
0 0.243478 0.103395 0.021565 0.018518
0 0.178525 0.226948 0.013043 0.019869
0 0.185175 0.190007 0.019112 0.014275
0 0.128228 0.213252 0.020403 0.020641
0 0.175814 0.244599 0.014592 0.018518
0 0.052428 0.206983 0.012913 0.033564
0 0.076188 0.179591 0.009814 0.018132
0 0.109117 0.156154 0.012655 0.027971
0 0.075865 0.301505 0.016400 0.025077
0 0.080449 0.330054 0.019370 0.018132
0 0.082451 0.446181 0.013559 0.022763
0 0.195700 0.392168 0.016658 0.015046
0 0.236893 0.372299 0.019758 0.015432
0 0.079158 0.546200 0.009556 0.028743
0 0.091554 0.511767 0.006973 0.018904
0 0.075413 0.595679 0.018078 0.013888
0 0.066116 0.619309 0.016012 0.025656
0 0.078383 0.711516 0.009040 0.026042
0 0.165806 0.689140 0.012913 0.025656
0 0.066503 0.749903 0.014205 0.027585
0 0.063662 0.803144 0.015238 0.031443
0 0.124548 0.833719 0.020790 0.014660
0 0.150052 0.805941 0.012913 0.013889
0 0.073218 0.859857 0.018854 0.023727
0 0.252970 0.807099 0.018337 0.014660
0 0.332257 0.777006 0.018853 0.015432
0 0.255230 0.856675 0.021048 0.015047
0 0.271049 0.863040 0.019887 0.015432
0 0.426265 0.769579 0.013171 0.032214
0 0.451963 0.859375 0.013430 0.024305
0 0.390625 0.895061 0.019886 0.014661
0 0.457516 0.736882 0.008007 0.029321
0 0.478693 0.761381 0.010072 0.024306
0 0.502841 0.759452 0.009814 0.025849
0 0.596979 0.737075 0.020919 0.020447
0 0.592136 0.821567 0.014850 0.024305
0 0.648437 0.886189 0.020532 0.016975
0 0.580514 0.900463 0.014850 0.014660
0 0.747094 0.825232 0.021049 0.025463
0 0.732696 0.893132 0.012913 0.010031
0 0.708355 0.905092 0.013300 0.013889
0 0.762784 0.905768 0.012139 0.010224
0 0.753938 0.742477 0.021307 0.018904
0 0.788353 0.774498 0.016271 0.015046
0 0.814954 0.842399 0.017304 0.012731
0 0.850853 0.758970 0.011105 0.027199
0 0.806882 0.903356 0.015883 0.016590
0 0.822508 0.900848 0.014333 0.017747
0 0.852402 0.901814 0.014204 0.017361
0 0.884169 0.878086 0.012138 0.013889
0 0.860731 0.866899 0.012526 0.029321
0 0.895080 0.819444 0.010460 0.023920
0 0.869060 0.780575 0.013430 0.027971
0 0.700284 0.722897 0.005424 0.014081
0 0.712809 0.715567 0.008781 0.026813
0 0.751421 0.695795 0.010589 0.015047
0 0.805397 0.722512 0.010589 0.028743
0 0.817924 0.655671 0.020661 0.014275
0 0.843427 0.686921 0.011751 0.016589
0 0.884556 0.677084 0.011880 0.025463
0 0.891464 0.742091 0.015625 0.011188
0 0.878616 0.650173 0.016012 0.019869
0 0.879262 0.629629 0.016271 0.013117
0 0.875840 0.594136 0.016917 0.019290
0 0.816633 0.571759 0.018595 0.013889
0 0.894240 0.613522 0.008523 0.017554
0 0.891658 0.574556 0.008006 0.019097
0 0.840263 0.534915 0.019370 0.015046
0 0.519112 0.225308 0.017046 0.017747
0 0.636299 0.198399 0.015108 0.013310
0 0.641529 0.230420 0.011880 0.018325
0 0.676589 0.210552 0.007360 0.019483
0 0.701963 0.191648 0.012914 0.019483
0 0.699639 0.147955 0.014463 0.011960
0 0.554494 0.175347 0.009814 0.018133
0 0.551524 0.137828 0.009556 0.012153
0 0.555010 0.143904 0.007748 0.023920
0 0.541451 0.035976 0.009039 0.022570
0 0.591942 0.045911 0.014979 0.010803
0 0.601885 0.029610 0.009556 0.019097
0 0.612991 0.033950 0.013688 0.022377
0 0.663740 0.031347 0.013430 0.022569
0 0.688662 0.036651 0.007490 0.026235
0 0.692859 0.033275 0.012526 0.021027
0 0.805139 0.025463 0.012655 0.010802
0 0.798425 0.043017 0.012139 0.014275
0 0.813662 0.034047 0.012138 0.013310
0 0.828900 0.035494 0.013172 0.014660
0 0.852272 0.032407 0.014979 0.014661
0 0.817988 0.056424 0.011235 0.016397
0 0.878745 0.050058 0.012139 0.012153
0 0.869060 0.145834 0.009298 0.020833
0 0.883136 0.130883 0.012139 0.011381
0 0.876679 0.105324 0.009556 0.016975
0 0.874548 0.131944 0.014333 0.010031
0 0.864669 0.083719 0.017046 0.012346
0 0.877647 0.110146 0.014333 0.016589
0 0.859892 0.070602 0.009039 0.023920
0 0.860343 0.041474 0.015883 0.011188
0 0.853435 0.059221 0.009040 0.018904
0 0.847366 0.054494 0.013946 0.017168
0 0.841490 0.051794 0.010718 0.015625
0 0.121901 0.093557 0.014462 0.022762
0 0.132232 0.058738 0.007231 0.019869
0 0.146565 0.021798 0.019887 0.012732
0 0.153603 0.047840 0.018466 0.013889
0 0.180269 0.108700 0.009814 0.027970
0 0.172391 0.019290 0.012138 0.015432
0 0.205256 0.062596 0.012526 0.022955
0 0.195894 0.021508 0.011105 0.015239
0 0.220364 0.061343 0.016658 0.016203
0 0.254068 0.021412 0.011751 0.021990
