0 0.193311 0.407311 0.012138 0.023341
0 0.217200 0.350502 0.021695 0.016589
0 0.290935 0.297068 0.010072 0.030092
0 0.344525 0.303048 0.015496 0.015047
0 0.383523 0.341724 0.016012 0.015625
0 0.397662 0.320795 0.016142 0.018905
0 0.391141 0.267168 0.013172 0.015046
0 0.423747 0.275270 0.014076 0.016590
0 0.433497 0.221065 0.009040 0.028549
0 0.365057 0.211323 0.009039 0.021026
0 0.336841 0.208816 0.013043 0.018712
0 0.362990 0.248554 0.011105 0.023341
0 0.275827 0.254823 0.020145 0.011959
0 0.233148 0.291956 0.015108 0.022570
0 0.185111 0.289545 0.023631 0.015046
0 0.158897 0.239873 0.015625 0.017940
0 0.175233 0.159047 0.010073 0.024884
0 0.169680 0.231963 0.010847 0.030671
0 0.163030 0.134742 0.016141 0.012153
0 0.194860 0.127219 0.015237 0.029900
0 0.174393 0.114776 0.016658 0.018904
0 0.215522 0.060475 0.014205 0.011381
0 0.261299 0.085069 0.017175 0.018133
0 0.235537 0.092400 0.016012 0.015046
0 0.242575 0.126350 0.022082 0.019676
0 0.268143 0.161072 0.014592 0.016589
0 0.278473 0.186247 0.015108 0.023341
0 0.318570 0.189814 0.011105 0.029321
0 0.355372 0.147473 0.016012 0.016397
0 0.379003 0.181617 0.009040 0.017169
0 0.368931 0.116223 0.013172 0.026428
0 0.387010 0.130112 0.011105 0.024113
0 0.154055 0.588445 0.012138 0.026428
0 0.155862 0.507909 0.010589 0.014274
0 0.168259 0.419754 0.010072 0.025463
0 0.163353 0.449267 0.012655 0.012732
0 0.264205 0.491802 0.021178 0.016397
0 0.288998 0.572338 0.018078 0.018132
0 0.331031 0.464892 0.016659 0.025463
0 0.342523 0.483217 0.012526 0.017361
0 0.384814 0.511381 0.019628 0.019676
0 0.381392 0.448978 0.016658 0.021027
0 0.326188 0.436246 0.018078 0.019483
0 0.391141 0.387732 0.013172 0.024691
0 0.420326 0.340760 0.009039 0.021026
0 0.411479 0.501061 0.015625 0.021798
0 0.400181 0.536169 0.013172 0.024112
0 0.418260 0.525752 0.011105 0.021026
0 0.446733 0.535301 0.016658 0.016590
0 0.472430 0.549479 0.016658 0.017168
0 0.438016 0.621335 0.020145 0.016590
0 0.386557 0.645255 0.014075 0.016589
0 0.456612 0.730131 0.021178 0.018133
0 0.415806 0.877218 0.016012 0.021798
0 0.481211 0.912230 0.024147 0.015046
0 0.296617 0.904321 0.009039 0.027778
0 0.223076 0.829572 0.023114 0.017939
0 0.207516 0.769676 0.008007 0.027778
0 0.239605 0.901620 0.012010 0.027006
0 0.163998 0.896412 0.019628 0.019676
0 0.154120 0.880305 0.022081 0.021798
0 0.148114 0.859182 0.012139 0.027778
0 0.149148 0.798997 0.008006 0.026235
0 0.647017 0.627990 0.013559 0.024112
0 0.653538 0.600116 0.011622 0.019676
0 0.633652 0.551601 0.009039 0.026427
0 0.679235 0.518711 0.019629 0.016589
0 0.763043 0.556424 0.012139 0.025656
0 0.800233 0.566648 0.010073 0.033758
0 0.682141 0.652778 0.015625 0.028549
0 0.750775 0.660301 0.019628 0.016590
0 0.789902 0.647955 0.011622 0.015818
0 0.776925 0.707755 0.015625 0.015046
0 0.731469 0.676022 0.013559 0.021026
0 0.712939 0.706404 0.008522 0.027778
0 0.697572 0.737847 0.022211 0.015046
0 0.649471 0.767168 0.011493 0.013503
0 0.635073 0.858603 0.016012 0.016589
0 0.665612 0.881366 0.014592 0.013503
0 0.680269 0.832176 0.017562 0.026234
0 0.725723 0.855228 0.018078 0.020254
0 0.739411 0.828510 0.017046 0.013503
0 0.694602 0.873939 0.012138 0.019483
0 0.797004 0.801504 0.018595 0.016590
0 0.826833 0.798997 0.013171 0.027778
0 0.854597 0.814236 0.018078 0.018132
0 0.880811 0.716146 0.010072 0.029514
0 0.918517 0.731578 0.011105 0.024112
0 0.928913 0.776813 0.014592 0.015046
0 0.904829 0.805845 0.010073 0.026428
0 0.907412 0.829475 0.011105 0.027006
0 0.733665 0.927277 0.014592 0.018133
0 0.755940 0.920042 0.018078 0.010995
0 0.758910 0.907601 0.008006 0.018133
0 0.830449 0.915027 0.010073 0.024112
0 0.845429 0.913966 0.010072 0.029321
0 0.939954 0.815972 0.012655 0.023920
0 0.939696 0.728395 0.011105 0.033950
0 0.928331 0.700811 0.008523 0.013503
0 0.921358 0.632330 0.006456 0.020833
0 0.846978 0.587288 0.009039 0.024113
0 0.921100 0.916184 0.010072 0.018711
0 0.911028 0.867669 0.010072 0.025463
0 0.909866 0.894001 0.006198 0.009066
0 0.905927 0.919946 0.008910 0.021991
0 0.884685 0.909336 0.014722 0.013889
0 0.871449 0.916377 0.010202 0.018325
0 0.863572 0.905671 0.017949 0.012731
0 0.853306 0.540220 0.007231 0.031443
0 0.873450 0.552662 0.007748 0.025849
0 0.898244 0.560571 0.013946 0.027778
0 0.896565 0.453704 0.009040 0.024692
0 0.934401 0.432388 0.012396 0.029900
0 0.933303 0.463445 0.007360 0.021027
0 0.940922 0.496721 0.014334 0.013503
0 0.934530 0.505498 0.010588 0.021026
0 0.937758 0.529031 0.010847 0.019483
0 0.916581 0.578704 0.013947 0.024691
0 0.933690 0.583333 0.012267 0.008487
0 0.901730 0.544271 0.006973 0.021026
0 0.835744 0.452547 0.015496 0.009259
0 0.838133 0.398823 0.013301 0.021412
0 0.800620 0.406154 0.015496 0.013696
0 0.793260 0.361786 0.014721 0.016783
0 0.739476 0.434607 0.014076 0.013503
0 0.760847 0.457369 0.013430 0.012732
0 0.865896 0.393808 0.008393 0.026427
0 0.860667 0.357639 0.012139 0.030864
0 0.925103 0.341917 0.016529 0.012153
0 0.922133 0.391107 0.008523 0.029514
0 0.687500 0.359086 0.013946 0.016396
0 0.609117 0.389082 0.010589 0.027392
0 0.569667 0.383873 0.020274 0.016975
0 0.543969 0.351852 0.015883 0.020062
0 0.517950 0.304881 0.012655 0.022569
0 0.532347 0.272570 0.013042 0.018905
0 0.607309 0.324749 0.010072 0.025656
0 0.566890 0.229842 0.011881 0.015239
0 0.593298 0.223283 0.014076 0.021026
0 0.601240 0.175058 0.007748 0.022569
0 0.584969 0.134067 0.018595 0.010417
0 0.636105 0.195698 0.009814 0.023727
0 0.622869 0.226755 0.014076 0.015239
0 0.638946 0.235436 0.007231 0.009452
0 0.655023 0.244020 0.011234 0.014275
0 0.659995 0.222029 0.006973 0.017361
0 0.675233 0.209297 0.014721 0.014275
0 0.703964 0.153357 0.012010 0.024306
0 0.716813 0.217785 0.011622 0.017361
0 0.668517 0.137635 0.018337 0.022183
0 0.622740 0.070023 0.016916 0.012732
0 0.631198 0.071566 0.009814 0.021991
0 0.640625 0.074653 0.010589 0.021991
0 0.664256 0.083334 0.007232 0.024691
0 0.673812 0.095679 0.013430 0.013888
0 0.689179 0.087095 0.009039 0.021412
0 0.697378 0.074363 0.013042 0.021412
0 0.726175 0.082948 0.011235 0.020061
0 0.743221 0.075328 0.014333 0.019483
0 0.763753 0.072917 0.012010 0.016203
0 0.775826 0.101177 0.010847 0.014081
0 0.743414 0.139274 0.009039 0.029321
0 0.765108 0.220100 0.010589 0.018904
0 0.787771 0.191262 0.010977 0.024112
0 0.810434 0.176505 0.009814 0.021991
0 0.803073 0.237172 0.010589 0.014082
0 0.776730 0.307388 0.012655 0.021026
0 0.757167 0.262249 0.009427 0.022570
0 0.737087 0.295524 0.007748 0.013117
0 0.692924 0.262539 0.010847 0.015818
0 0.819603 0.286941 0.006973 0.025656
0 0.848786 0.290991 0.009039 0.024113
0 0.906896 0.297260 0.008007 0.021991
0 0.852208 0.261960 0.010201 0.014661
0 0.853435 0.225309 0.013688 0.014661
0 0.857890 0.182388 0.010460 0.016782
0 0.868802 0.156732 0.008265 0.022569
0 0.874354 0.195313 0.012655 0.026427
0 0.919486 0.214120 0.011235 0.013117
0 0.927169 0.247010 0.007231 0.013696
0 0.937823 0.237365 0.012268 0.017940
0 0.924199 0.284722 0.017304 0.013889
0 0.924587 0.279224 0.012396 0.014081
0 0.805915 0.095004 0.010589 0.035687
0 0.823928 0.086034 0.014076 0.019290
0 0.861312 0.080247 0.010847 0.023148
0 0.864734 0.099345 0.012267 0.025077
0 0.873450 0.091146 0.008781 0.019483
0 0.907864 0.087770 0.014850 0.012732
0 0.900503 0.094232 0.014076 0.019483
0 0.882490 0.138600 0.011880 0.013696
0 0.952479 0.111400 0.005682 0.034529
0 0.921617 0.157890 0.012655 0.028742
0 0.899470 0.141204 0.006328 0.016203
0 0.922714 0.136188 0.011493 0.014660
0 0.926782 0.099441 0.010589 0.015239
0 0.922133 0.120950 0.011622 0.013503
0 0.917743 0.100887 0.010589 0.018133
0 0.903538 0.116705 0.009040 0.007330
0 0.938404 0.184992 0.011106 0.024306
0 0.934789 0.172261 0.012655 0.015818
0 0.327221 0.133102 0.011880 0.016976
0 0.310434 0.071084 0.007748 0.027199
0 0.324186 0.067901 0.013043 0.012346
0 0.346785 0.068383 0.014333 0.009452
0 0.356017 0.061535 0.016271 0.012731
0 0.375969 0.069058 0.018724 0.014661
0 0.392691 0.073495 0.009040 0.023534
0 0.413224 0.073399 0.014463 0.010996
0 0.415225 0.084298 0.011493 0.020448
0 0.427363 0.071566 0.014075 0.030479
0 0.425297 0.101080 0.011234 0.026235
0 0.420713 0.133584 0.011880 0.032601
0 0.467071 0.164352 0.014721 0.016203
0 0.495416 0.163580 0.020790 0.016203
0 0.498515 0.141011 0.013043 0.015818
0 0.545325 0.145544 0.015754 0.016782
0 0.515238 0.171875 0.021177 0.012732
0 0.521307 0.223862 0.010589 0.019869
0 0.503939 0.247492 0.015883 0.027392
0 0.583613 0.091725 0.019240 0.012153
0 0.534672 0.094522 0.016142 0.011574
0 0.518725 0.066069 0.008523 0.019483
0 0.530733 0.085069 0.019628 0.015818
0 0.506844 0.082369 0.008522 0.020447
0 0.482825 0.115837 0.008006 0.015240
0 0.501356 0.064236 0.012267 0.015818
0 0.479081 0.078897 0.009297 0.021991
0 0.478112 0.062982 0.011234 0.010995
0 0.463197 0.074942 0.006973 0.016397
0 0.463714 0.098958 0.010589 0.021991
0 0.440018 0.072434 0.011234 0.021412
0 0.437887 0.084587 0.006973 0.014853
